0 748 688 657 159 37 762 0 0 243 341 412 572 968 0 579 228 597 0 0 69 431 780 262 385 0 136 418 95 848 815 642 337 188 38 151 323 337 555 281 365 997 606 566 921 374 0 783 767 460 858 929 535 491 836 0 417 0 748 342 0 0 213 292 587 314 0 65 777 458 155 531 561 486 969 937 446 173 648 0 130 858 860 998 61 0 160 121 0 879 0 563 0 740 0 810 340 0 106 0 378 755 935 272 657 0 0 220 87 0 0 334 0 520 0 280 0 0 0 0 0 62 0 0 330 0 481 834 307 456 212 332 0 0 440 0 953 148 0 28 0 747 242 0 588 0 513 368 0 726 0 815 616 0 812 693 0 302 944 852 625 563 613 486 266 928 429 0 605 0 0 109 974 691 0 
748 0 0 0 0 97 868 0 284 344 0 487 239 8 0 454 0 0 0 888 458 622 0 870 0 636 448 0 199 65 961 780 0 375 504 423 0 372 23 80 322 674 947 133 0 0 927 441 815 0 410 25 45 516 0 209 579 569 423 754 0 370 268 681 311 425 0 357 235 774 682 799 857 20 640 885 358 239 574 0 0 792 45 51 930 0 0 123 956 906 661 0 265 122 550 352 980 0 0 511 0 738 967 371 716 0 286 251 412 0 651 709 246 196 341 289 179 610 0 564 403 0 90 0 0 0 58 0 0 518 819 852 178 567 339 68 728 699 718 703 426 0 116 226 72 833 961 0 274 873 375 744 24 633 644 0 0 143 432 0 576 0 6 320 995 951 126 492 838 780 944 566 743 593 645 
688 0 0 461 314 0 0 13 82 447 0 44 514 36 0 0 732 199 634 640 709 424 373 237 361 0 0 286 358 0 732 240 609 0 82 0 215 166 886 904 983 961 484 873 737 624 902 866 833 310 922 0 856 678 207 217 869 138 0 75 229 598 0 433 302 0 0 592 921 36 0 65 828 405 909 591 706 881 725 566 458 763 529 886 422 0 0 438 104 0 537 217 79 473 176 718 982 170 0 643 734 806 183 887 37 0 0 764 0 0 565 943 0 285 556 58 430 235 0 0 564 0 434 753 0 875 634 918 824 446 0 0 0 967 877 896 845 588 158 511 656 338 0 911 163 0 369 780 348 623 0 248 137 270 0 384 0 0 962 794 0 308 0 407 968 24 471 405 400 631 588 0 652 319 933 
657 0 461 0 97 955 0 56 880 311 90 652 0 0 649 462 283 0 867 192 936 618 564 396 612 427 131 797 396 872 512 237 176 195 882 504 440 287 269 390 0 797 990 0 546 0 568 961 824 584 0 162 24 426 647 916 512 931 839 257 786 211 264 791 252 0 0 550 631 0 0 0 651 459 703 334 790 524 850 145 444 0 0 0 225 338 255 542 348 145 211 0 962 551 701 0 35 0 0 234 76 0 662 247 520 127 650 196 612 452 542 186 0 993 0 949 0 0 401 591 434 0 813 551 553 499 0 609 0 0 0 899 0 476 105 0 0 0 467 578 593 901 381 273 685 966 390 103 409 35 0 10 0 0 0 537 0 55 81 0 912 793 592 52 855 237 0 829 737 128 22 616 0 0 6 
159 0 314 97 0 293 0 100 781 0 651 0 707 463 0 163 940 268 0 665 470 864 518 280 491 122 0 719 940 116 778 939 998 591 799 173 748 585 0 97 162 103 400 0 978 1 150 0 516 56 843 490 250 0 0 535 396 66 547 0 3 812 0 403 525 0 0 348 389 784 568 20 492 820 394 0 0 159 106 317 0 335 0 275 253 927 241 310 328 497 19 0 500 0 49 873 41 988 47 945 300 217 274 447 0 369 829 0 898 0 298 172 720 644 377 370 315 0 995 28 861 676 0 774 609 743 0 424 84 9 70 331 186 61 734 581 0 865 896 491 308 323 180 513 994 866 671 390 0 0 0 0 691 188 439 430 722 729 124 0 0 895 175 0 664 111 245 0 860 0 586 0 0 137 242 
37 97 0 955 293 0 0 299 672 479 46 771 0 760 0 256 192 0 0 282 713 943 51 876 657 44 182 596 618 0 927 935 0 0 933 507 210 0 995 537 0 0 313 0 722 841 437 154 0 0 831 904 425 157 903 0 0 435 565 0 684 0 646 174 0 241 257 212 0 673 956 175 0 0 590 289 262 0 982 946 0 834 0 758 225 734 0 38 26 734 335 703 0 228 728 844 0 620 614 817 0 890 0 647 0 0 0 759 0 762 0 993 164 60 933 672 781 579 928 574 0 0 406 244 98 364 579 249 0 440 323 325 239 0 953 556 894 743 934 833 898 0 78 0 0 0 882 152 393 285 802 300 100 681 0 711 382 0 0 214 675 832 515 237 406 343 740 0 764 267 0 0 633 360 742 
762 868 0 0 0 0 0 146 751 796 0 0 525 409 0 0 434 199 908 0 883 521 0 0 512 0 716 945 292 3 258 389 810 695 432 421 0 0 609 195 0 885 229 332 776 986 0 287 200 838 0 0 0 569 789 460 767 641 449 661 0 145 577 828 470 0 977 621 879 0 446 304 828 271 395 873 376 830 0 640 983 398 0 196 763 797 677 0 873 198 877 295 77 526 545 0 481 281 231 487 466 753 0 281 608 537 526 223 497 0 360 371 0 478 466 0 294 0 888 884 0 914 31 725 0 0 173 767 713 637 0 0 757 745 71 614 0 950 309 0 0 558 0 746 182 94 622 253 488 370 899 889 882 309 0 0 545 402 181 0 385 0 236 883 0 621 328 797 0 610 849 690 328 328 365 
0 0 13 56 100 299 146 0 0 569 258 0 988 0 285 648 735 0 36 0 511 0 635 0 81 716 236 917 0 601 877 0 237 189 0 938 384 0 599 324 426 344 0 747 997 0 652 940 569 883 191 615 157 54 804 0 0 932 0 902 0 1 598 723 907 972 594 0 911 229 219 269 522 0 0 267 882 595 659 440 0 41 485 350 0 358 718 868 754 191 700 0 0 553 929 6 444 603 106 956 0 455 750 656 76 471 605 0 0 443 0 567 826 363 81 194 0 645 569 177 2 304 963 886 0 0 0 722 86 0 828 0 0 196 639 430 202 49 454 0 790 467 654 58 666 748 609 0 952 0 0 233 196 889 66 198 0 582 104 89 0 882 899 853 956 0 339 548 195 0 746 0 861 0 141 
0 284 82 880 781 672 751 0 0 0 223 432 236 950 766 0 882 603 729 814 219 448 0 374 779 0 0 0 138 0 900 994 0 0 0 323 241 0 107 69 0 104 845 447 476 553 0 299 637 762 57 0 0 941 237 258 0 0 616 659 219 608 137 23 556 0 642 0 486 806 341 0 175 625 866 565 631 766 314 493 660 0 127 308 608 992 337 793 348 0 217 593 0 0 460 953 55 299 941 95 0 888 0 90 588 528 0 479 449 340 0 923 374 0 248 814 430 152 127 138 0 563 286 748 345 0 0 0 314 0 640 499 807 0 0 386 0 955 179 0 367 32 164 0 784 591 0 327 927 669 439 260 0 630 890 0 287 545 932 77 406 0 0 175 0 303 317 820 634 191 596 752 797 726 772 
243 344 447 311 0 479 796 569 0 0 0 566 0 952 497 978 0 287 0 37 115 300 0 0 487 251 120 545 949 32 148 211 329 704 0 105 0 0 0 0 34 786 936 689 833 0 0 0 0 0 0 480 680 0 706 761 10 502 0 274 343 821 386 618 90 998 486 127 0 888 490 625 65 950 0 457 985 362 320 0 755 0 567 308 0 775 874 0 948 979 0 119 371 477 178 115 489 0 186 0 0 793 31 0 55 708 189 884 236 0 330 663 902 40 660 238 0 449 928 0 829 545 915 27 256 0 831 980 681 0 805 925 528 907 856 0 35 971 103 671 834 790 267 238 652 433 866 0 235 989 188 235 196 965 564 564 153 0 659 552 714 0 0 904 627 0 491 127 0 750 253 0 732 0 243 
341 0 0 90 651 46 0 258 223 0 0 823 928 31 361 291 774 336 464 2 108 954 770 416 0 620 0 806 0 626 921 927 129 225 512 0 0 669 758 654 915 752 663 83 855 208 926 699 267 735 292 174 264 676 719 0 335 703 0 928 663 92 0 170 629 15 944 327 0 852 0 769 527 871 0 364 0 272 763 0 954 787 987 0 115 18 372 278 814 0 154 558 600 940 924 0 189 472 0 746 161 294 0 766 0 0 648 223 0 0 210 0 270 674 0 0 549 394 859 131 0 0 269 0 655 635 903 0 777 202 364 0 50 0 227 260 835 0 129 278 807 109 528 0 10 0 549 631 670 999 755 0 999 0 365 983 0 0 196 675 493 88 430 203 970 283 777 0 0 272 432 500 221 508 158 
412 487 44 652 0 771 0 0 432 566 823 0 0 488 448 0 741 455 810 463 989 0 439 967 509 214 528 419 219 0 0 639 0 342 57 798 41 0 806 888 43 0 205 700 562 0 177 0 558 710 618 0 656 839 0 899 108 314 968 0 285 209 0 0 318 99 592 768 205 410 674 629 734 0 0 673 728 711 422 321 32 0 279 767 389 188 345 152 221 0 512 308 340 493 575 66 362 0 612 978 0 280 818 375 303 854 474 7 0 0 611 529 0 259 0 406 693 28 961 541 167 0 64 0 511 552 200 552 489 919 84 102 639 529 617 746 0 493 615 184 810 589 0 764 814 208 668 0 21 0 394 0 148 0 0 808 23 275 339 85 249 678 931 561 721 0 32 379 368 429 247 676 0 0 0 
572 239 514 0 707 0 525 988 236 0 928 0 0 799 945 695 284 855 0 477 362 441 971 609 62 193 789 11 654 121 0 0 178 772 361 886 370 948 0 678 971 873 0 832 761 726 0 340 0 470 0 227 807 950 0 758 703 0 227 136 983 774 139 0 608 866 287 308 210 0 260 0 279 802 573 254 869 245 706 0 561 0 199 729 49 0 325 0 13 419 474 0 434 0 896 316 77 0 576 440 485 428 532 927 964 0 0 524 0 397 0 885 243 695 804 521 79 723 186 581 955 253 0 611 100 0 0 0 0 38 0 0 365 43 0 759 416 543 448 278 308 570 0 631 0 592 10 985 413 745 827 8 1 746 727 0 285 392 512 789 716 833 399 978 0 159 0 0 899 890 0 0 528 99 147 
968 8 36 0 463 760 409 0 950 952 31 488 799 0 650 0 760 872 900 320 947 593 769 918 0 0 884 934 65 0 551 479 965 284 492 311 0 377 0 805 472 611 462 0 545 0 593 230 329 174 611 805 734 118 75 944 858 74 0 225 0 721 76 694 711 972 87 608 468 0 435 357 0 881 320 817 566 380 0 142 0 924 755 282 186 818 172 0 0 0 330 530 230 724 639 943 858 166 499 616 969 0 840 0 0 0 358 423 340 0 119 331 558 580 803 58 362 0 215 245 187 0 456 147 474 431 819 513 528 0 471 798 818 995 407 25 0 874 903 998 178 0 337 305 532 0 0 359 0 0 455 0 0 942 337 387 708 239 839 445 809 217 820 336 0 0 476 0 406 0 0 0 512 411 527 
0 0 0 649 0 0 0 285 766 497 361 448 945 650 0 886 363 137 966 0 59 0 253 391 663 277 682 878 641 454 446 868 925 850 647 367 583 990 0 190 981 809 0 0 51 0 0 343 625 297 278 230 250 0 392 437 335 0 701 492 504 414 222 274 340 160 0 80 399 0 0 270 146 0 797 800 637 379 476 747 0 900 698 850 824 841 473 405 50 874 186 872 522 66 521 199 0 975 581 830 546 0 0 242 695 428 972 645 159 707 0 0 968 817 396 306 954 786 572 0 0 0 0 484 505 827 804 923 106 484 0 586 770 786 971 487 0 0 775 81 0 0 0 999 117 921 968 821 0 81 478 474 680 0 423 881 945 0 54 206 397 100 103 45 682 414 261 0 548 328 0 873 845 0 906 
579 454 0 462 163 256 0 648 0 978 291 0 695 0 886 0 190 0 537 232 761 0 0 204 961 0 635 365 0 793 0 772 426 0 0 944 0 209 780 953 790 345 877 0 318 0 196 242 760 204 0 155 854 196 726 852 630 0 431 596 653 0 0 0 776 178 94 0 193 8 639 383 745 0 155 0 925 410 336 312 0 800 849 216 257 874 141 0 670 223 870 0 577 847 298 0 0 310 83 0 926 83 655 0 214 520 656 0 226 491 874 261 762 436 578 20 624 471 981 234 319 513 0 827 128 441 0 0 690 0 346 102 109 975 872 172 865 656 723 980 0 575 979 230 943 116 313 268 0 0 312 0 539 997 315 0 652 101 573 0 880 334 533 761 777 0 621 688 537 334 687 431 501 0 921 
228 0 732 283 940 192 434 735 882 0 774 741 284 760 363 190 0 849 562 316 734 69 359 614 86 80 0 336 0 981 0 213 0 0 947 73 492 188 926 0 734 0 257 0 530 706 104 828 830 443 447 0 574 567 0 831 20 0 148 90 470 844 524 838 392 0 770 812 328 515 0 993 496 322 865 553 812 108 678 963 990 64 0 0 0 336 652 335 751 468 221 0 0 560 0 366 0 234 389 647 0 0 985 165 29 905 0 842 857 507 489 448 660 353 632 0 873 10 258 264 210 882 475 0 740 744 515 0 334 327 816 794 0 230 0 797 778 76 135 881 471 0 194 306 570 901 822 992 674 491 404 0 447 812 536 122 358 162 847 631 0 0 755 948 0 36 146 0 261 57 0 332 917 0 0 
597 0 199 0 268 0 199 0 603 287 336 455 855 872 137 0 849 0 508 40 732 0 0 0 810 563 861 0 654 0 392 418 54 0 0 335 200 0 559 578 393 972 505 113 910 956 0 0 522 894 516 0 219 0 0 976 102 0 0 0 413 319 271 419 0 814 962 580 0 0 674 896 939 297 0 0 133 170 997 0 0 0 168 0 662 948 144 744 265 127 447 667 0 12 0 585 863 282 155 629 0 472 491 706 140 341 727 649 556 0 83 452 744 774 293 298 82 270 435 65 0 79 8 835 0 619 355 509 79 448 233 781 20 572 683 648 0 931 324 0 329 867 662 82 282 0 215 655 0 0 14 0 0 0 980 0 0 506 682 644 765 679 731 688 0 50 134 0 260 553 737 785 407 339 375 
0 0 634 867 0 0 908 36 729 0 464 810 0 900 966 537 562 508 0 986 255 0 747 463 704 208 738 61 736 505 628 543 0 765 17 677 940 312 27 0 27 203 0 85 811 889 0 338 258 122 90 0 37 288 959 522 953 597 0 787 0 0 0 354 151 636 402 852 691 933 0 178 0 604 0 0 49 932 0 397 229 0 514 116 124 674 271 0 545 325 403 0 0 231 85 785 408 347 588 330 172 231 728 0 183 0 0 0 114 641 676 340 0 411 796 68 426 0 696 2 150 135 130 700 422 970 0 713 585 467 884 76 326 391 0 596 659 0 21 750 955 521 487 0 941 0 402 14 38 0 678 269 82 0 0 369 0 989 628 538 0 0 17 0 0 207 905 194 532 784 974 260 0 0 781 
0 888 640 192 665 282 0 0 814 37 2 463 477 320 0 232 316 40 986 0 87 189 627 0 763 0 98 920 710 0 686 736 160 787 959 320 504 318 661 0 297 904 612 91 0 156 0 747 197 944 914 374 941 331 930 458 790 0 790 0 0 0 152 389 299 655 102 150 110 852 300 935 131 235 643 149 824 108 867 112 0 387 307 623 0 490 866 0 0 428 311 971 994 522 408 0 2 971 543 0 661 686 63 706 259 974 459 991 80 421 0 573 0 258 22 764 0 665 0 832 624 548 154 90 236 66 29 303 25 0 679 373 251 673 620 352 0 649 553 476 206 604 264 341 582 843 651 984 411 19 0 545 776 542 0 32 299 888 374 832 0 252 0 0 0 0 725 19 416 588 330 684 0 0 529 
69 458 709 936 470 713 883 511 219 115 108 989 362 947 59 761 734 732 255 87 0 952 930 75 397 909 348 471 48 0 498 254 700 250 996 827 351 0 361 320 189 976 195 959 0 0 728 945 992 0 636 598 316 437 715 669 283 210 0 698 751 0 679 919 963 257 0 0 94 248 0 919 391 0 17 793 620 0 118 117 719 536 0 0 260 0 754 150 0 939 0 83 953 111 457 0 788 481 0 0 197 213 0 258 130 0 955 22 201 698 969 603 369 83 782 564 0 944 0 23 0 373 185 0 472 0 30 0 521 322 224 125 0 224 0 0 625 0 137 233 826 0 457 481 88 0 793 530 95 0 0 945 0 257 399 422 934 710 866 883 0 680 216 455 693 412 742 0 827 885 872 390 0 0 707 
431 622 424 618 864 943 521 0 448 300 954 0 441 593 0 0 69 0 0 189 952 0 514 656 0 0 0 0 0 414 638 0 368 229 0 0 448 17 343 0 0 0 630 747 188 925 108 180 153 0 0 0 736 727 337 0 114 859 113 0 884 0 872 852 820 302 643 96 0 554 576 455 0 52 811 326 116 476 0 0 655 862 0 524 165 90 431 977 910 851 0 0 368 0 542 55 199 928 0 107 0 565 869 0 863 0 102 763 724 0 496 910 628 232 0 774 0 0 370 214 141 673 992 0 744 905 671 0 970 810 684 0 885 654 942 142 70 813 0 868 0 0 711 353 157 0 0 554 991 966 238 0 104 0 0 0 0 885 0 835 414 0 982 999 153 0 166 417 629 791 597 571 349 580 0 
780 0 373 564 518 51 0 635 0 0 770 439 971 769 253 0 359 0 747 627 930 514 0 470 944 0 456 763 143 862 681 0 0 724 506 560 66 0 581 59 706 0 0 309 0 0 142 845 0 899 358 348 959 745 476 0 0 364 784 950 0 61 998 533 123 818 353 330 0 238 940 162 621 977 182 31 732 482 982 136 470 75 0 860 202 2 0 517 99 875 0 871 604 0 0 0 0 451 208 610 139 921 134 827 335 399 957 634 527 778 839 805 356 276 462 0 697 777 0 0 296 583 961 0 691 941 322 494 539 703 0 448 0 361 907 276 125 0 0 816 574 783 937 743 809 584 921 150 0 0 343 0 790 756 137 0 860 884 185 770 554 548 0 0 60 4 323 687 710 746 285 530 338 949 17 
262 870 237 396 280 876 0 0 374 0 416 967 609 918 391 204 614 0 463 0 75 656 470 0 0 353 686 994 0 0 258 473 505 357 0 600 0 533 419 166 703 661 915 274 0 196 800 0 722 0 332 62 442 418 0 0 383 0 118 739 735 782 729 0 398 611 0 229 632 126 0 924 0 752 895 0 0 0 751 226 420 259 722 128 0 146 937 173 677 239 773 577 276 65 228 994 646 974 146 0 228 527 0 487 3 0 402 423 969 0 0 0 669 990 852 0 653 996 0 313 179 225 90 449 414 859 567 0 372 0 421 0 2 0 0 199 0 204 292 221 0 0 598 667 638 0 0 869 0 689 247 841 490 644 204 317 748 530 361 553 509 155 0 0 0 969 0 146 58 0 9 836 918 195 581 
385 0 361 612 491 657 512 81 779 487 0 509 62 0 663 961 86 810 704 763 397 0 944 0 0 853 976 766 830 585 554 640 554 305 592 606 582 393 884 558 0 643 536 630 481 422 75 602 531 0 610 118 531 24 814 392 220 563 0 0 0 0 649 343 0 356 812 338 575 317 598 469 837 0 0 421 585 566 942 679 238 275 0 0 141 396 503 236 318 0 922 436 251 0 0 0 616 944 124 556 876 576 639 800 919 620 0 22 0 0 0 588 497 0 483 0 20 835 142 0 762 822 123 0 971 115 137 0 0 0 814 225 680 281 425 952 13 583 263 689 952 384 370 478 818 91 0 113 279 830 733 696 0 497 977 0 665 996 717 0 0 550 451 642 407 0 127 634 0 543 410 647 0 857 11 
0 636 0 427 122 44 0 716 0 251 620 214 193 0 277 0 80 563 208 0 909 0 0 353 853 0 37 568 844 626 766 363 15 91 841 0 0 318 407 125 371 789 772 249 81 357 0 297 701 936 319 934 264 517 0 683 0 262 0 0 140 0 509 0 401 0 289 0 225 281 0 573 587 241 33 471 210 553 0 6 53 0 48 130 71 536 242 0 581 509 0 139 770 103 731 552 679 142 692 38 136 454 63 640 220 500 545 568 491 0 106 813 442 758 130 898 680 43 0 0 168 956 946 0 193 533 232 0 146 0 63 5 0 521 952 0 0 0 801 964 0 923 540 950 860 0 746 710 115 0 0 0 0 547 0 487 102 593 369 130 367 942 960 579 691 802 584 641 149 0 924 681 0 0 960 
136 448 0 131 0 182 716 236 0 120 0 528 789 884 682 635 0 861 738 98 348 0 456 686 976 37 0 0 348 440 154 916 870 845 720 810 810 412 467 187 48 203 273 178 0 367 366 839 637 0 0 0 669 719 751 0 784 324 517 552 571 674 0 828 879 904 0 831 483 870 328 927 249 496 759 818 392 293 302 665 0 528 559 0 52 146 464 923 29 909 459 924 365 0 0 12 433 704 940 0 974 83 387 963 11 735 549 20 492 11 508 0 75 874 440 549 0 769 525 0 553 922 0 651 0 847 0 781 976 648 0 461 375 24 844 259 0 0 327 635 0 101 264 582 543 401 0 61 0 65 241 556 818 0 51 0 575 549 581 431 788 726 407 784 684 971 337 698 342 211 285 0 876 426 819 
418 0 286 797 719 596 945 917 0 545 806 419 11 934 878 365 336 0 61 920 471 0 763 994 766 568 0 0 769 0 272 824 161 0 289 411 760 0 0 379 874 689 0 0 372 0 8 0 0 0 364 257 894 0 898 466 852 270 0 40 43 921 0 972 0 860 466 781 314 332 861 616 699 0 303 294 702 978 0 0 898 0 284 940 0 0 797 424 0 670 457 497 0 0 602 798 656 924 725 625 428 656 349 763 437 0 175 644 326 0 0 268 444 17 520 0 215 623 817 17 713 542 0 0 0 514 949 213 463 0 226 0 879 817 0 192 0 459 645 0 531 293 0 255 547 0 0 0 0 519 269 466 0 684 330 0 263 988 922 100 645 0 473 298 442 374 604 0 921 99 447 0 619 758 791 
95 199 358 396 940 618 292 0 138 949 0 219 654 65 641 0 0 654 736 710 48 0 143 0 830 844 348 769 0 22 105 0 44 291 757 684 72 248 25 296 0 387 686 541 355 659 41 0 0 176 207 730 400 917 862 65 354 141 221 469 219 36 652 837 186 97 770 902 425 412 0 0 198 784 232 0 0 629 0 815 934 655 128 882 0 0 54 656 188 682 99 0 466 0 0 343 633 178 501 243 453 676 916 735 545 9 280 487 997 503 248 360 0 279 0 761 39 522 951 636 0 582 122 972 378 930 457 236 194 990 0 0 296 968 932 273 581 326 687 798 0 382 0 0 0 610 559 0 530 353 886 908 0 675 749 702 138 749 0 871 0 336 527 166 14 687 744 877 16 0 329 959 244 471 450 
848 65 0 872 116 0 3 601 0 32 626 0 121 0 454 793 981 0 505 0 0 414 862 0 585 626 440 0 22 0 581 0 5 820 347 473 164 762 922 645 590 832 638 125 0 442 973 290 0 0 798 443 0 0 0 811 279 900 0 662 105 0 77 486 934 339 806 0 494 0 0 655 214 609 864 0 0 808 563 0 0 985 0 857 220 358 0 502 596 535 494 630 592 576 440 638 0 10 23 989 0 0 133 0 0 0 0 0 0 378 805 764 0 725 740 487 331 15 0 0 50 672 63 716 327 687 12 647 8 0 914 201 573 673 910 0 778 678 0 465 108 0 0 238 599 755 920 0 866 0 245 391 91 874 39 806 721 703 174 324 976 41 147 736 620 239 623 252 631 612 91 334 22 0 177 
815 961 732 512 778 927 258 877 900 148 921 0 0 551 446 0 0 392 628 686 498 638 681 258 554 766 154 272 105 581 0 776 752 570 0 601 821 306 987 0 807 0 347 829 0 894 0 254 649 644 0 0 656 575 11 862 847 848 0 256 931 578 300 0 0 947 0 317 0 438 241 728 159 354 803 245 598 890 0 769 400 860 367 225 520 4 516 215 478 17 671 979 0 306 96 0 952 0 360 50 261 0 0 327 0 589 888 893 0 789 624 404 842 238 0 488 12 599 0 964 167 794 463 46 0 0 777 581 213 911 376 0 0 784 775 0 414 530 756 298 0 779 0 526 700 0 506 61 958 441 645 927 0 411 706 0 0 0 160 168 943 338 0 0 23 315 2 503 0 551 474 650 0 349 0 
642 780 240 237 939 935 389 0 994 211 927 639 0 479 868 772 213 418 543 736 254 0 0 473 640 363 916 824 0 0 776 0 807 905 492 0 0 0 803 667 403 543 463 162 56 872 637 948 413 0 0 542 813 0 73 669 789 0 116 196 284 778 79 0 391 779 609 11 427 503 0 0 0 624 380 0 0 0 405 160 0 0 776 61 53 940 458 559 382 562 471 548 564 922 0 0 819 606 281 444 752 377 399 829 0 866 660 138 206 0 625 0 0 662 0 0 629 428 0 758 308 0 0 811 149 0 0 0 229 98 0 328 293 834 0 423 944 0 628 861 368 17 0 669 0 542 633 600 619 958 748 737 951 679 0 0 387 0 509 614 583 192 0 871 946 0 817 211 0 123 0 522 0 741 27 
337 0 609 176 998 0 810 237 0 329 129 0 178 965 925 426 0 54 0 160 700 368 0 505 554 15 870 161 44 5 752 807 0 233 609 307 998 511 39 797 24 0 994 553 692 463 560 0 993 0 568 0 847 37 473 0 202 751 173 0 503 732 0 0 621 0 139 681 334 512 13 0 935 885 519 0 914 835 0 754 409 2 608 0 0 198 533 227 463 0 0 0 843 906 943 0 288 0 0 0 50 727 696 727 949 18 0 431 0 796 8 217 0 227 994 0 71 0 803 202 523 731 0 286 766 16 794 566 844 864 48 321 0 799 0 202 0 313 259 814 0 526 48 147 0 0 862 738 0 0 572 694 860 653 113 542 639 731 512 819 0 573 319 426 281 94 716 615 423 948 0 15 0 625 252 
188 375 0 195 591 0 695 189 0 704 225 342 772 284 850 0 0 0 765 787 250 229 724 357 305 91 845 0 291 820 570 905 233 0 745 0 0 0 926 862 891 323 928 616 804 0 0 285 474 27 281 30 771 0 876 712 0 0 0 584 0 730 0 454 804 445 376 0 483 504 955 871 647 323 910 977 0 978 0 924 328 0 127 978 492 625 544 719 314 515 0 0 225 238 385 72 678 512 188 762 979 350 471 880 71 715 0 0 0 0 373 0 414 0 280 0 302 39 390 384 0 0 582 868 431 0 747 418 998 0 894 268 292 87 98 0 629 761 876 846 251 0 365 72 208 511 123 563 155 892 149 817 241 212 519 64 0 0 0 0 861 778 223 133 570 522 280 612 0 0 0 0 289 560 0 
38 504 82 882 799 933 432 0 0 0 512 57 361 492 647 0 947 0 17 959 996 0 506 0 592 841 720 289 757 347 0 492 609 745 0 479 217 894 481 0 255 0 0 0 0 0 0 0 553 621 0 237 801 0 543 623 273 387 196 671 781 867 702 571 0 98 719 459 672 166 797 747 14 0 0 311 680 113 338 155 0 857 249 648 0 0 572 0 0 47 770 548 0 0 242 454 587 557 971 0 0 604 274 0 259 0 151 0 0 98 472 421 603 712 571 647 761 0 697 320 938 774 0 796 317 530 993 747 781 323 0 748 391 903 540 698 0 682 717 800 408 235 443 972 384 907 0 484 398 89 458 543 408 982 27 604 0 0 641 22 413 524 0 553 0 0 890 297 845 95 593 0 0 745 0 
151 423 0 504 173 507 421 938 323 105 0 798 886 311 367 944 73 335 677 320 827 0 560 600 606 0 810 411 684 473 601 0 307 0 479 0 729 577 960 899 800 654 0 365 860 896 0 0 0 566 695 484 0 570 268 0 455 0 164 879 821 117 899 39 517 280 780 385 669 0 705 84 0 0 480 493 0 0 0 130 343 0 0 231 138 207 903 677 74 427 413 261 407 724 142 292 0 693 469 224 0 0 442 126 0 349 0 0 946 990 0 547 55 2 941 0 781 949 863 251 603 343 436 637 915 628 974 0 682 520 483 0 33 781 0 997 483 759 822 711 947 253 598 0 363 942 408 750 0 0 602 876 248 794 655 0 0 978 617 0 0 705 400 354 0 90 0 330 586 84 171 739 576 617 0 
323 0 215 440 748 210 0 384 241 0 0 41 370 0 583 0 492 200 940 504 351 448 66 0 582 0 810 760 72 164 821 0 998 0 217 729 0 568 0 890 0 0 0 572 270 385 760 0 755 0 825 256 0 247 0 710 136 0 616 316 485 180 540 985 0 609 0 118 677 986 0 403 33 762 765 633 0 342 348 147 934 253 703 0 0 729 722 811 528 0 336 108 0 436 0 869 700 808 175 577 130 651 448 969 978 517 0 40 0 449 65 0 157 462 0 821 36 359 4 586 516 809 806 615 862 194 350 772 138 96 0 604 0 431 844 0 994 0 0 764 870 882 384 0 534 379 662 257 389 437 797 98 840 0 0 342 888 671 619 0 578 478 550 569 811 429 247 665 581 0 399 179 184 0 366 
337 372 166 287 585 0 0 0 0 0 669 0 948 377 990 209 188 0 312 318 0 17 0 533 393 318 412 0 248 762 306 0 511 0 894 577 568 0 255 587 0 254 0 0 471 295 66 0 0 805 0 194 0 707 330 0 548 71 610 569 584 818 812 0 635 189 0 579 47 0 312 747 205 137 429 0 175 57 0 0 0 36 0 413 401 564 138 371 184 792 977 609 435 811 0 908 0 893 12 489 745 973 162 593 301 0 310 825 495 869 432 4 717 290 505 653 799 456 830 0 789 948 597 377 404 94 717 0 776 798 925 707 926 132 116 185 473 978 368 389 178 0 307 286 31 440 927 0 196 439 0 989 0 0 879 625 0 926 223 909 661 93 428 952 457 874 962 93 349 0 688 710 0 529 362 
555 23 886 269 0 995 609 599 107 0 758 806 0 0 0 780 926 559 27 661 361 343 581 419 884 407 467 0 25 922 987 803 39 926 481 960 0 255 0 0 0 772 835 64 93 466 368 113 118 405 567 710 912 0 0 847 474 335 406 879 826 0 0 341 861 646 448 812 0 320 0 612 461 742 0 714 0 861 601 198 0 427 0 0 0 0 215 0 85 323 148 0 411 0 0 587 782 0 0 145 0 244 668 738 0 844 697 876 828 0 0 376 216 0 301 425 279 803 853 962 390 881 0 399 805 331 93 0 34 372 290 458 899 0 352 492 214 0 0 0 685 0 716 253 0 789 74 369 361 969 737 180 843 761 822 347 267 0 143 570 0 308 0 0 637 872 0 45 0 910 834 692 0 121 971 
281 80 904 390 97 537 195 324 69 0 654 888 678 805 190 953 0 578 0 0 320 0 59 166 558 125 187 379 296 645 0 667 797 862 0 899 890 587 0 0 767 751 265 172 214 0 329 0 902 239 918 0 0 0 0 371 740 404 519 842 830 0 234 709 812 475 363 665 28 585 0 627 0 79 0 0 482 124 0 351 0 31 214 95 476 637 667 626 524 703 155 769 0 556 275 987 976 4 544 457 0 562 704 266 0 355 720 795 863 955 767 0 812 861 576 0 968 690 84 117 0 824 33 321 617 0 20 779 595 0 548 747 614 0 79 642 621 483 502 0 470 0 16 603 0 145 0 210 467 0 0 825 900 620 0 0 358 733 542 867 363 26 430 155 83 699 305 534 0 181 0 302 817 0 388 
365 322 983 0 162 0 0 426 0 34 915 43 971 472 981 790 734 393 27 297 189 0 706 703 0 371 48 874 0 590 807 403 24 891 255 800 0 0 0 767 0 748 163 336 578 146 185 928 61 811 0 663 0 573 549 804 94 948 215 945 772 172 569 329 949 864 421 0 0 0 969 884 0 406 764 789 32 0 952 184 0 0 539 726 651 457 190 659 387 63 250 584 410 849 335 875 605 775 90 0 0 0 963 795 986 500 141 363 803 0 0 579 194 0 0 36 239 700 663 0 729 281 254 0 371 0 816 628 0 313 0 665 463 406 0 322 169 0 0 130 911 520 0 751 353 910 461 332 0 0 422 0 741 0 578 556 594 758 0 0 596 0 29 124 38 0 0 667 536 232 307 565 940 88 840 
997 674 961 797 103 0 885 344 104 786 752 0 873 611 809 345 0 972 203 904 976 0 0 661 643 789 203 689 387 832 0 543 0 323 0 654 0 254 772 751 748 0 837 0 821 223 0 356 0 222 124 0 888 725 0 447 0 295 0 593 0 915 340 664 0 909 653 0 848 389 780 503 386 0 583 206 132 0 853 0 268 208 988 809 0 0 0 0 574 0 169 876 958 0 238 526 566 59 320 0 920 0 694 559 159 854 421 0 0 189 833 989 749 0 484 0 964 824 0 433 708 427 0 0 0 924 0 66 189 602 0 747 658 0 0 0 887 0 488 237 796 0 0 384 0 0 893 48 676 242 738 491 0 36 0 740 0 0 0 958 0 322 207 575 0 0 804 779 185 488 0 58 288 0 0 
606 947 484 990 400 313 229 0 845 936 663 205 0 462 0 877 257 505 0 612 195 630 0 915 536 772 273 0 686 638 347 463 994 928 0 0 0 0 835 265 163 837 0 130 0 262 397 907 0 0 0 431 0 611 62 893 125 886 548 118 335 0 128 538 308 23 705 908 866 205 331 778 917 111 982 0 46 69 0 65 0 443 843 705 793 572 31 616 57 130 0 0 0 731 37 0 0 121 27 0 441 0 0 588 0 0 751 603 0 524 243 870 552 995 685 513 397 451 435 37 42 219 0 368 893 0 0 0 702 0 26 641 0 490 286 534 752 504 996 863 421 0 174 661 0 327 692 945 0 0 61 0 0 0 178 65 116 0 337 631 835 165 811 213 362 0 0 914 359 704 0 885 830 954 10 
566 133 873 0 0 0 332 747 447 689 83 700 832 0 0 0 0 113 85 91 959 747 309 274 630 249 178 0 541 125 829 162 553 616 0 365 572 0 64 172 336 0 130 0 508 136 0 927 0 298 53 510 0 122 430 143 130 904 725 579 325 53 419 531 507 914 0 1 0 62 0 520 243 0 0 128 0 180 0 675 217 656 867 386 0 0 229 669 517 328 0 571 0 146 326 0 515 962 0 883 368 0 407 0 181 359 259 0 0 0 0 0 134 0 354 0 301 804 0 371 180 0 793 0 602 261 846 936 665 936 732 148 92 241 162 452 959 834 545 103 0 825 714 0 582 717 901 0 842 652 0 942 0 484 29 0 276 382 7 855 14 0 874 0 4 861 347 962 0 813 0 126 0 0 211 
921 0 737 546 978 722 776 997 476 833 855 562 761 545 51 318 530 910 811 0 0 188 0 0 481 81 0 372 355 0 0 56 692 804 0 860 270 471 93 214 578 821 0 508 0 343 851 0 190 187 518 995 0 367 187 669 56 417 955 948 0 576 0 0 203 85 880 0 920 0 781 651 804 684 783 0 865 610 999 409 0 77 874 0 0 94 707 893 937 0 104 0 878 864 537 0 286 835 6 0 385 851 0 589 0 0 0 384 874 139 852 409 0 0 270 664 100 317 816 602 573 241 664 416 878 865 281 345 0 0 788 484 29 555 738 98 975 0 360 488 464 451 350 434 727 416 150 0 0 0 0 0 768 0 474 14 0 699 526 0 149 0 677 632 296 0 253 800 697 0 689 878 503 466 0 
374 0 624 0 1 841 986 0 553 0 208 0 726 0 0 0 706 956 889 156 0 925 0 196 422 357 367 0 659 442 894 872 463 0 0 896 385 295 466 0 146 223 262 136 343 0 392 855 0 270 0 0 0 675 828 601 520 195 384 880 705 769 928 0 901 218 0 223 106 212 59 572 73 0 274 757 544 784 0 0 331 0 369 392 937 0 130 0 411 771 542 646 664 0 691 74 165 0 110 0 825 879 988 545 963 0 633 750 876 958 0 880 809 415 105 0 395 137 0 489 213 85 0 266 0 513 802 793 0 471 796 105 893 634 183 800 261 601 0 176 657 442 650 830 110 996 324 170 81 818 0 0 0 692 0 952 886 504 860 613 0 0 107 573 0 0 728 623 0 110 0 736 897 318 0 
0 927 902 568 150 437 0 652 0 0 926 177 0 593 0 196 104 0 0 0 728 108 142 800 75 0 366 8 41 973 0 637 560 0 0 0 760 66 368 329 185 0 397 0 851 392 0 141 0 0 853 812 299 775 198 938 0 809 613 876 975 0 435 248 81 360 0 730 956 770 0 102 598 833 195 0 538 278 0 0 0 223 0 0 342 455 513 799 367 457 0 311 906 946 0 76 98 653 188 151 597 477 243 0 43 503 210 872 778 794 150 398 0 0 0 619 0 0 763 510 836 729 318 282 0 140 367 0 289 692 600 648 341 321 661 0 255 480 0 0 958 260 743 478 283 0 133 0 221 702 0 304 982 844 308 233 880 870 430 303 0 568 113 891 0 389 212 450 734 148 177 872 308 460 890 
783 441 866 961 0 154 287 940 299 0 699 0 340 230 343 242 828 0 338 747 945 180 845 0 602 297 839 0 0 290 254 948 0 285 0 0 0 0 113 0 928 356 907 927 0 855 141 0 629 986 764 240 275 9 0 25 0 412 74 339 917 978 644 847 317 36 109 609 382 501 531 940 576 0 374 0 417 0 0 183 912 0 350 455 100 365 400 351 0 942 0 0 541 457 331 110 269 0 877 218 0 890 841 852 478 495 0 627 0 562 937 622 0 323 788 750 38 358 298 353 0 714 235 0 605 143 128 51 118 392 868 682 348 937 387 260 485 0 418 359 0 596 214 0 270 197 699 0 644 0 0 293 617 253 450 573 0 764 0 631 955 799 734 911 0 0 51 442 632 894 0 989 348 0 276 
767 815 833 824 516 0 200 569 637 0 267 558 0 329 625 760 830 522 258 197 992 153 0 722 531 701 637 0 0 0 649 413 993 474 553 0 755 0 118 902 61 0 0 0 190 0 0 629 0 445 0 400 0 477 0 496 0 0 0 371 0 878 0 332 67 27 361 0 271 388 644 289 954 279 0 523 0 491 0 988 0 578 397 500 0 366 0 822 918 292 410 9 608 979 610 957 0 799 472 419 166 0 931 57 5 639 644 0 0 0 317 655 22 275 322 0 0 849 437 916 854 15 0 36 435 239 0 0 621 719 557 319 733 232 0 36 287 352 899 131 0 365 202 416 961 510 5 17 43 581 336 863 38 0 204 0 221 491 899 182 581 729 0 121 0 435 734 912 0 465 782 31 0 0 163 
460 0 310 584 56 0 838 883 762 0 735 710 470 174 297 204 443 894 122 944 0 0 899 0 0 936 0 0 176 0 644 0 0 27 621 566 0 805 405 239 811 222 0 298 187 270 0 986 445 0 0 0 506 0 992 540 0 76 945 270 24 754 0 0 9 0 942 608 0 0 912 934 570 861 429 556 0 0 932 309 173 286 179 0 985 601 416 0 39 226 447 946 344 712 447 0 756 0 235 0 303 752 0 653 111 140 977 866 563 241 0 576 163 0 722 109 0 467 300 271 0 415 241 146 249 4 0 801 214 462 0 0 876 167 631 295 472 0 144 448 997 244 0 565 426 0 589 161 471 764 0 941 0 945 0 667 625 247 0 248 83 529 784 304 225 0 869 199 66 248 0 934 613 577 0 
858 410 922 0 843 831 0 191 57 0 292 618 0 611 278 0 447 516 90 914 636 0 358 332 610 319 0 364 207 798 0 0 568 281 0 695 825 0 567 918 0 124 0 53 518 0 853 764 0 0 0 668 0 57 280 679 63 398 19 111 0 50 0 120 219 0 237 0 386 205 715 507 14 666 705 734 787 588 107 385 318 962 260 70 610 0 0 313 854 627 872 0 0 391 0 0 0 0 705 484 431 752 402 447 0 0 259 9 143 0 198 489 530 0 560 32 0 626 589 635 0 0 936 96 0 0 420 609 0 382 552 618 727 874 297 111 0 167 371 0 542 0 321 0 309 788 190 0 365 0 114 653 0 386 580 0 0 0 346 0 114 778 622 487 109 0 0 496 388 347 0 95 201 185 945 
929 25 0 162 490 904 0 615 0 480 174 0 227 805 230 155 0 0 0 374 598 0 348 62 118 934 0 257 730 443 0 542 0 30 237 484 256 194 710 0 663 0 431 510 995 0 812 240 400 0 668 0 0 27 218 319 731 73 930 709 833 0 562 0 0 22 964 0 0 975 0 0 92 424 414 804 0 0 361 578 924 178 444 727 192 109 766 703 71 0 0 0 782 601 663 0 0 0 60 118 904 0 932 537 936 494 0 0 135 0 0 950 540 742 51 0 0 360 740 891 274 524 544 278 0 988 759 654 81 694 97 0 922 127 936 301 633 0 0 957 0 329 938 94 274 175 880 245 335 220 13 0 621 386 47 0 496 794 872 273 958 792 424 778 0 0 117 435 50 37 531 0 679 952 98 
535 45 856 24 250 425 0 157 0 680 264 656 807 734 250 854 574 219 37 941 316 736 959 442 531 264 669 894 400 0 656 813 847 771 801 0 0 0 912 0 0 888 0 0 0 0 299 275 0 506 0 0 0 269 364 963 0 0 182 796 258 0 329 981 444 106 825 793 410 200 0 0 0 156 587 0 0 469 793 909 284 0 0 515 518 148 616 892 657 460 751 337 604 517 322 214 943 0 973 652 291 186 0 870 0 24 229 486 743 836 559 0 43 0 437 172 0 546 0 0 39 426 673 437 94 883 434 103 63 0 758 857 782 905 0 37 35 0 915 482 449 438 0 209 66 0 0 521 764 0 2 0 989 270 0 149 0 124 106 130 58 91 0 81 889 845 0 643 0 27 944 311 0 0 707 
491 516 678 426 0 157 569 54 941 0 676 839 950 118 0 196 567 0 288 331 437 727 745 418 24 517 719 0 917 0 575 0 37 0 0 570 247 707 0 0 573 725 611 122 367 675 775 9 477 0 57 27 269 0 950 731 700 0 59 942 861 404 0 163 51 336 271 986 795 0 811 305 858 891 467 0 603 758 90 422 599 0 0 830 878 850 356 785 425 538 0 0 315 0 88 406 750 0 918 0 0 0 290 0 495 844 103 230 0 192 824 5 411 0 62 109 0 0 736 230 971 0 0 668 0 0 483 787 164 345 244 314 749 646 695 533 763 260 0 242 64 700 81 0 365 898 401 446 0 0 807 793 0 551 990 0 0 355 999 0 0 0 904 957 356 492 290 571 640 617 468 806 621 0 0 
836 0 207 647 0 903 789 804 237 706 719 0 0 75 392 726 0 0 959 930 715 337 476 0 814 0 751 898 862 0 11 73 473 876 543 268 0 330 0 0 549 0 62 430 187 828 198 0 0 992 280 218 364 950 0 547 585 673 769 697 882 219 928 285 0 964 690 246 411 28 425 796 937 825 699 0 882 473 0 106 389 136 0 283 785 726 800 990 590 0 529 0 505 757 405 658 952 377 882 296 411 414 872 0 935 64 104 112 132 331 0 749 579 0 526 164 300 831 0 407 314 728 147 0 126 345 0 0 924 801 23 945 405 0 0 575 324 479 0 634 809 923 0 340 0 601 326 646 0 873 246 0 998 0 329 592 681 400 37 767 0 564 754 936 579 338 14 744 4 958 162 386 265 0 0 
0 209 217 916 535 0 460 0 258 761 0 899 758 944 437 852 831 976 522 458 669 0 0 0 392 683 0 466 65 811 862 669 0 712 623 0 710 0 847 371 804 447 893 143 669 601 938 25 496 540 679 319 963 731 547 0 861 0 74 803 820 198 965 968 945 227 188 0 926 532 543 403 0 24 622 177 0 0 100 139 240 289 191 937 160 272 0 409 822 0 861 413 901 152 0 716 842 567 622 0 0 75 0 889 22 830 615 202 213 826 0 27 0 599 0 0 0 429 2 0 941 30 887 493 909 692 279 755 28 11 924 0 0 864 116 101 0 937 193 489 869 0 0 431 672 0 0 64 893 276 637 48 652 0 870 873 0 898 699 166 240 0 0 0 730 37 387 981 0 277 18 165 853 783 0 
417 579 869 512 396 0 767 0 0 10 335 108 703 858 335 630 20 102 953 790 283 114 0 383 220 0 784 852 354 279 847 789 202 0 273 455 136 548 474 740 94 0 125 130 56 520 0 0 0 0 63 731 0 700 585 861 0 159 0 227 381 279 423 0 415 252 0 907 69 728 344 0 749 0 392 223 712 320 0 932 422 97 319 453 687 499 0 934 0 639 577 439 998 426 554 489 694 539 0 508 397 216 342 572 437 53 500 703 0 69 0 896 139 923 656 317 831 766 0 0 754 333 154 203 882 326 323 864 505 771 0 783 244 771 529 829 14 0 447 884 645 0 0 392 485 0 984 787 0 0 723 0 451 66 501 348 0 241 76 21 37 0 0 177 662 482 0 473 674 860 260 397 884 0 0 
0 569 138 931 66 435 641 932 0 502 703 314 0 74 0 0 0 0 597 0 210 859 364 0 563 262 324 270 141 900 848 0 751 0 387 0 0 71 335 404 948 295 886 904 417 195 809 412 0 76 398 73 0 0 673 0 159 0 706 13 826 920 429 240 788 0 0 0 0 952 967 0 921 835 436 263 667 114 0 109 545 747 112 340 0 649 754 903 0 116 0 11 0 733 167 971 0 167 531 0 285 104 0 132 261 0 261 890 346 284 391 568 904 926 540 109 464 149 656 0 216 519 0 451 0 109 128 0 965 728 781 624 806 892 997 516 579 0 610 628 521 702 986 860 497 597 122 0 886 192 0 0 413 0 433 436 975 0 0 847 561 0 274 510 373 320 962 932 42 335 290 182 0 0 885 
748 423 0 839 547 565 449 0 616 0 0 968 227 0 701 431 148 0 0 790 0 113 784 118 0 0 517 0 221 0 0 116 173 0 196 164 616 610 406 519 215 0 548 725 955 384 613 74 0 945 19 930 182 59 769 74 0 706 0 657 675 0 546 380 0 241 354 673 525 457 150 537 120 0 0 902 132 252 139 145 301 44 65 567 859 721 480 0 655 997 0 0 998 0 0 114 330 0 0 402 655 369 859 520 131 428 626 843 707 104 218 542 437 411 54 582 0 0 632 278 269 35 811 0 0 952 390 457 534 474 0 54 292 874 884 589 782 0 816 105 763 136 0 655 621 0 28 654 158 33 335 621 60 553 469 420 0 541 649 2 676 355 437 0 158 233 872 390 780 828 0 0 272 931 358 
342 754 75 257 0 0 661 902 659 274 928 0 136 225 492 596 90 0 787 0 698 0 950 739 0 0 552 40 469 662 256 196 0 584 671 879 316 569 879 842 945 593 118 579 948 880 876 339 371 270 111 709 796 942 697 803 227 13 657 0 0 775 0 0 648 422 421 346 339 448 658 462 819 384 112 576 0 24 807 99 672 97 561 676 376 933 450 527 545 450 429 0 0 114 278 309 795 955 430 992 0 14 0 411 581 0 731 690 169 103 759 697 0 147 732 795 101 145 0 0 703 0 630 110 503 0 664 517 638 430 0 655 731 894 120 530 281 280 497 0 0 554 184 0 334 894 757 0 442 705 260 0 966 78 888 521 176 0 705 930 162 314 0 268 287 408 28 729 263 444 247 213 194 431 0 
0 0 229 786 3 684 0 0 219 343 663 285 983 0 504 653 470 413 0 0 751 884 0 735 0 140 571 43 219 105 931 284 503 0 781 821 485 584 826 830 772 0 335 325 0 705 975 917 0 24 0 833 258 861 882 820 381 826 675 0 0 837 367 792 0 337 189 679 0 601 0 341 752 682 604 0 830 0 410 838 904 291 424 969 697 988 157 988 279 678 390 328 892 695 17 990 0 947 666 743 420 642 0 71 657 0 913 780 468 697 755 378 742 0 164 500 375 531 613 849 0 791 309 935 856 670 518 0 603 0 672 548 584 3 346 787 163 653 221 35 418 596 0 892 242 0 306 898 611 317 945 412 445 0 0 172 836 0 430 0 656 732 41 97 0 296 542 882 210 235 782 946 824 886 0 
0 370 598 211 812 0 145 1 608 821 92 209 774 721 414 0 844 319 0 0 0 0 61 782 0 0 674 921 36 0 578 778 732 730 867 117 180 818 0 0 172 915 0 53 576 769 0 978 878 754 50 0 0 404 219 198 279 920 0 775 837 0 0 0 596 0 634 344 72 118 13 0 142 665 0 680 833 234 406 769 190 118 0 371 336 867 319 325 682 0 454 259 862 109 397 0 467 470 112 783 0 0 730 933 480 683 0 0 78 0 263 729 254 0 898 0 878 501 448 619 0 344 995 831 0 516 0 0 36 0 392 20 0 42 244 0 103 990 82 570 678 480 0 868 511 54 865 20 223 604 0 448 141 919 678 763 312 0 929 701 0 0 0 0 0 275 486 261 0 488 188 138 812 0 0 
213 268 0 264 0 646 577 598 137 386 0 0 139 76 222 0 524 271 0 152 679 872 998 729 649 509 0 0 652 77 300 79 0 0 702 899 540 812 0 234 569 340 128 419 0 928 435 644 0 0 0 562 329 0 928 965 423 429 546 0 367 0 0 979 956 275 168 55 0 782 976 540 0 0 0 407 777 106 978 113 975 301 191 0 650 0 111 65 0 697 79 98 0 990 86 0 901 374 395 244 0 0 0 0 123 123 0 90 0 114 88 265 730 343 0 870 0 333 391 0 125 250 910 0 139 264 651 776 780 925 773 0 903 158 448 0 0 427 817 203 97 401 766 592 0 848 0 849 21 0 823 826 0 720 374 482 545 787 359 882 703 50 820 0 367 883 412 861 125 427 0 766 155 593 357 
292 681 433 791 403 174 828 723 23 618 170 0 0 694 274 0 838 419 354 389 919 852 533 0 343 0 828 972 837 486 0 0 0 454 571 39 985 0 341 709 329 664 538 531 0 0 248 847 332 0 120 0 981 163 285 968 0 240 380 0 792 0 979 0 996 0 119 138 170 673 213 0 6 707 0 831 680 400 0 0 319 574 267 755 535 631 224 825 101 562 202 970 313 845 582 860 0 126 0 0 311 54 848 176 258 0 0 936 430 601 417 153 628 259 0 375 326 192 0 405 269 783 165 0 470 785 0 0 0 766 589 0 689 0 708 375 814 83 0 37 0 949 0 886 0 396 0 0 7 0 0 42 459 0 171 915 312 0 0 712 106 723 6 0 260 370 143 657 49 953 827 0 884 56 752 
587 311 302 252 525 0 470 907 556 90 629 318 608 711 340 776 392 0 151 299 963 820 123 398 0 401 879 0 186 934 0 391 621 804 0 517 0 635 861 812 949 0 308 507 203 901 81 317 67 9 219 0 444 51 0 945 415 788 0 648 0 596 956 996 0 864 36 914 231 18 583 86 254 767 569 0 0 0 0 587 0 0 797 439 467 536 0 824 516 628 0 681 642 954 66 70 511 671 416 579 748 0 97 605 42 134 844 0 0 0 522 0 0 0 669 0 0 0 245 388 298 0 231 160 0 443 521 0 705 0 485 765 0 905 138 0 0 0 176 0 0 969 347 221 0 0 0 215 814 887 0 73 239 214 526 930 763 0 658 806 286 562 457 0 0 276 0 204 694 226 583 113 456 805 0 
314 425 0 0 0 241 0 972 0 998 15 99 866 972 160 178 0 814 636 655 257 302 818 611 356 0 904 860 97 339 947 779 0 445 98 280 609 189 646 475 864 909 23 914 85 218 360 36 27 0 0 22 106 336 964 227 252 0 241 422 337 0 275 0 864 0 0 325 936 82 78 573 643 0 93 262 415 0 281 457 595 0 0 747 348 987 413 4 39 0 416 945 303 862 777 779 519 358 0 767 941 787 791 335 0 343 0 91 299 667 761 722 616 0 327 0 415 43 277 0 63 25 852 480 337 0 0 996 767 584 737 64 917 69 0 28 136 0 234 647 741 382 0 662 398 0 469 428 124 597 449 362 637 0 0 413 389 0 0 58 0 961 0 0 765 0 522 0 683 470 41 579 0 716 796 
0 0 0 0 0 257 977 594 642 486 944 592 287 87 0 94 770 962 402 102 0 643 353 0 812 289 0 466 770 806 0 609 139 376 719 780 0 0 448 363 421 653 705 0 880 0 0 109 361 942 237 964 825 271 690 188 0 0 354 421 189 634 168 119 36 0 0 530 178 973 0 621 0 0 305 0 705 672 474 0 0 0 889 796 202 136 545 467 268 910 0 0 0 0 257 403 0 472 927 907 959 835 852 395 415 227 0 781 0 0 0 897 190 821 0 135 0 0 45 0 321 861 954 799 0 970 0 849 578 0 379 534 75 277 0 0 153 0 0 41 7 36 0 0 748 296 85 315 328 251 744 745 462 884 0 0 645 963 159 0 912 678 0 177 415 201 245 0 0 761 419 0 212 0 854 
