0 0 0 465 864 0 62 153 228 709 0 0 623 513 295 950 0 309 197 140 766 45 0 591 679 89 840 123 975 0 184 26 860 197 627 991 490 0 113 145 927 0 48 0 147 810 63 978 339 935 0 131 762 662 0 216 876 569 0 804 285 636 0 592 823 906 103 676 0 896 0 308 0 937 564 935 995 907 375 171 973 665 0 0 402 448 705 0 177 578 0 0 381 642 394 648 0 0 885 845 336 0 20 0 92 776 333 534 746 0 469 215 562 441 520 39 329 102 747 806 7 653 401 991 0 479 0 875 348 530 0 0 557 0 837 254 265 892 152 22 92 446 187 555 0 876 0 224 0 192 354 806 227 822 207 572 948 984 178 998 179 540 0 143 713 265 55 593 104 623 397 0 775 52 723 142 672 1 539 0 0 952 509 996 0 189 789 0 515 145 0 291 76 0 851 444 495 442 425 0 416 966 879 547 396 256 0 206 291 222 614 0 456 693 318 341 954 265 896 908 748 158 45 0 609 395 919 69 443 402 462 534 16 0 978 972 389 335 307 396 964 10 385 914 451 879 0 0 0 951 981 226 509 775 856 0 0 659 70 859 266 0 0 229 553 940 856 702 629 306 447 0 0 0 367 0 0 0 881 0 936 0 144 904 167 902 197 489 0 376 664 955 43 384 0 382 631 364 691 941 0 349 0 794 70 249 74 0 0 0 442 475 887 33 0 619 390 899 156 511 195 990 406 857 876 60 766 0 587 
0 0 726 593 731 370 0 921 550 29 0 0 0 315 859 334 218 874 0 0 644 113 644 687 0 800 427 0 706 0 114 562 42 632 902 0 775 429 806 202 23 687 0 0 509 968 15 675 406 397 354 0 0 942 674 0 0 0 862 821 0 956 703 529 685 362 444 660 0 620 58 148 884 0 0 668 553 930 0 707 355 621 300 0 654 839 487 491 422 236 57 353 165 531 386 988 720 0 416 854 478 308 221 255 407 300 532 671 101 0 0 104 0 0 808 220 125 372 168 822 876 442 741 0 101 372 232 0 75 0 308 0 96 187 581 506 651 520 0 989 677 696 655 986 443 877 443 175 0 0 637 627 599 891 616 923 178 754 637 0 0 0 92 373 68 0 969 424 319 268 606 961 538 511 716 55 0 111 158 339 293 676 612 980 98 196 998 3 951 19 753 508 485 924 72 242 0 294 980 216 519 148 901 970 0 484 130 60 700 572 961 0 37 227 0 0 217 147 60 0 0 998 237 0 901 698 23 980 563 0 265 604 764 513 0 852 484 224 0 173 63 758 923 651 966 32 181 0 363 271 493 173 869 878 47 404 876 866 619 115 930 0 154 232 223 453 0 0 938 104 804 122 783 604 806 417 0 637 834 257 404 310 563 0 350 0 928 0 900 0 0 0 451 813 202 213 451 0 40 874 0 581 1 446 519 877 0 259 363 24 110 495 147 803 79 0 514 731 929 0 435 0 851 398 115 29 652 823 82 
0 726 0 311 0 724 496 557 645 834 771 0 0 490 713 99 410 813 143 872 0 514 638 601 0 267 886 651 0 803 557 299 667 980 681 82 988 857 0 164 108 761 286 0 198 789 570 426 69 14 360 901 285 597 809 0 436 820 0 570 842 684 11 832 159 402 0 927 295 457 121 372 691 0 0 216 485 74 0 911 806 575 988 190 60 43 739 573 923 984 747 772 897 724 523 348 149 221 307 838 988 84 0 312 582 195 0 284 301 700 103 763 0 60 357 882 325 396 392 787 337 745 245 511 985 0 577 0 0 24 877 356 405 37 0 496 693 864 161 467 729 843 333 0 215 414 775 956 784 876 0 858 939 0 683 0 297 763 69 368 0 0 331 727 188 974 0 165 249 171 818 451 0 0 187 118 293 0 0 216 494 220 59 630 75 490 160 0 153 418 516 360 722 211 0 451 75 889 391 0 263 890 0 638 595 609 0 0 524 294 564 0 588 770 900 277 264 952 134 711 278 15 186 119 579 248 745 878 628 857 0 873 0 0 679 330 956 0 0 209 371 353 32 400 223 158 0 525 366 849 116 213 223 813 591 0 822 910 878 656 0 0 321 283 0 0 865 291 0 725 0 0 292 705 656 0 499 385 0 770 812 24 0 267 0 0 491 211 679 522 544 0 727 224 189 905 760 450 572 677 0 0 0 994 223 467 414 612 0 536 6 289 0 526 677 215 0 493 711 245 0 907 306 718 874 575 211 610 760 
465 593 311 0 297 212 275 245 535 691 907 414 607 946 0 717 982 687 582 0 365 0 0 0 0 0 24 87 888 0 313 705 452 0 581 668 0 462 999 365 813 719 572 232 689 0 788 22 85 535 0 714 840 356 110 7 418 468 0 841 578 461 820 797 0 0 49 388 0 0 0 0 202 308 93 0 643 624 858 494 429 0 0 642 0 881 282 657 228 998 522 285 13 175 579 0 545 798 189 474 489 479 0 806 0 663 0 79 0 118 327 0 206 737 0 989 0 820 391 906 750 0 331 761 684 768 577 0 0 0 848 0 0 509 683 114 0 7 514 0 95 480 871 977 104 675 0 45 307 0 0 0 0 157 867 767 0 947 218 308 366 159 534 319 0 0 0 686 564 0 601 168 309 0 0 506 975 435 145 767 949 643 928 515 534 890 881 391 0 876 0 141 419 0 920 201 149 252 0 859 788 181 864 72 884 550 215 382 545 0 535 643 630 1 954 172 208 948 304 908 417 277 97 0 0 181 0 759 983 379 0 0 148 763 224 0 37 800 702 129 682 0 552 283 0 324 0 786 0 435 586 759 0 814 0 833 907 839 903 0 0 255 564 356 809 0 329 0 0 457 0 0 225 678 924 598 452 0 655 0 455 0 801 0 55 0 780 642 641 439 459 612 0 368 98 530 548 904 367 346 15 625 0 0 388 0 845 0 0 73 0 351 760 750 507 965 622 372 466 0 812 920 947 202 904 127 0 0 293 
864 731 0 297 0 337 367 267 498 675 0 713 207 219 483 177 576 927 683 232 456 0 0 115 0 163 13 307 133 0 0 246 372 0 750 30 381 80 499 754 697 0 0 414 815 461 561 144 69 0 759 252 0 176 192 493 939 0 143 458 703 421 0 612 793 758 0 136 347 605 0 844 434 212 772 687 706 297 949 0 134 673 510 284 828 0 856 643 0 952 168 0 563 390 420 177 9 719 924 425 208 496 603 0 703 420 10 74 0 254 846 839 719 461 796 417 161 266 307 54 270 0 874 0 661 273 468 306 0 5 890 64 596 100 0 946 642 406 272 68 149 745 929 233 0 0 557 0 0 132 683 0 0 37 880 655 729 429 276 242 872 400 716 411 0 683 668 254 0 268 66 0 971 336 849 1 638 828 0 816 68 811 518 227 869 0 0 0 0 857 0 654 757 525 0 737 678 407 0 0 0 663 24 0 638 900 495 824 0 281 137 353 508 467 595 887 466 0 195 0 0 269 610 0 863 154 50 436 0 299 31 870 936 0 843 32 765 0 0 413 727 0 110 365 205 597 35 984 209 791 339 0 858 0 625 223 111 775 0 282 360 0 531 0 326 0 447 967 270 427 7 843 162 0 292 0 0 0 123 0 808 0 350 0 2 0 0 73 0 150 374 0 321 756 221 941 358 0 769 599 0 167 0 568 467 73 491 0 587 687 983 491 755 0 0 808 872 239 356 263 308 174 0 199 822 637 656 0 0 
0 370 724 212 337 0 275 594 0 855 974 0 827 850 103 656 0 595 0 569 430 171 561 0 0 304 0 316 0 764 141 257 345 722 886 407 668 142 0 263 0 565 0 137 0 0 355 502 371 791 670 0 426 170 655 357 0 0 400 0 580 337 176 0 269 712 0 0 0 334 0 946 100 396 197 247 217 283 640 0 439 832 315 399 164 0 0 95 887 930 0 964 799 0 0 305 0 381 0 67 0 397 53 717 0 0 130 655 39 0 244 539 0 38 782 0 149 261 630 0 742 913 911 0 0 157 0 0 259 0 933 49 113 0 793 551 283 233 995 755 0 808 0 0 580 0 0 757 0 0 0 836 595 255 509 0 153 0 844 266 0 0 907 482 494 429 92 845 137 833 0 956 892 64 560 534 42 73 433 117 59 650 269 0 878 0 117 721 0 256 126 573 530 123 238 822 980 226 48 79 771 943 0 0 432 700 0 564 0 590 887 360 0 784 436 244 0 0 764 827 0 112 450 262 741 301 0 23 48 0 555 864 0 960 477 367 0 239 0 62 481 0 0 6 0 654 809 893 0 0 101 569 452 0 0 719 447 489 778 693 183 1 21 708 191 277 402 0 153 119 118 52 941 220 3 37 641 838 983 788 547 788 320 541 0 425 94 535 598 846 153 55 275 559 467 558 231 137 908 817 200 87 613 0 744 0 380 405 0 217 517 55 616 445 0 705 574 0 689 720 869 7 455 271 0 0 0 0 710 
62 0 496 275 367 275 0 922 482 500 736 624 144 11 103 158 885 0 0 744 62 0 0 973 24 43 0 212 0 944 732 0 719 983 0 963 553 0 0 0 0 600 982 774 748 395 294 0 0 983 0 654 0 0 543 357 256 196 93 0 564 462 988 116 168 559 381 473 815 0 157 724 790 38 0 636 282 120 830 502 0 228 0 912 798 899 0 484 587 971 0 255 237 848 860 0 0 841 277 461 572 726 147 782 951 606 319 237 866 0 409 332 200 0 0 162 900 651 59 719 400 241 37 143 408 0 498 0 466 767 603 815 634 465 472 312 209 629 998 994 85 684 520 0 653 900 588 924 366 729 18 894 0 214 600 135 48 753 0 0 8 251 664 0 0 0 0 508 766 98 0 285 822 0 0 748 304 0 0 139 0 512 667 990 839 171 0 318 147 550 0 0 955 263 0 235 753 536 716 0 58 914 0 267 280 529 0 233 283 0 0 294 562 605 805 149 575 425 0 0 582 451 961 0 47 130 309 835 91 680 143 940 0 666 270 639 231 0 0 749 87 0 373 378 291 607 952 377 909 441 930 220 104 224 0 98 136 716 0 762 0 747 0 49 728 92 630 500 516 845 0 209 421 750 536 136 0 441 188 301 870 317 609 0 126 208 820 209 731 743 268 0 177 0 0 0 0 439 169 382 66 23 127 0 414 168 466 833 263 146 493 652 891 292 58 202 981 281 526 236 0 468 0 7 739 749 625 0 32 
153 921 557 245 267 594 922 0 108 876 41 0 768 781 354 795 935 315 552 861 0 34 0 307 350 786 600 123 0 818 926 0 37 869 729 463 203 17 548 133 542 495 830 0 741 988 0 274 156 61 895 0 727 648 0 493 860 56 0 0 519 442 505 40 339 137 0 837 944 0 677 0 720 94 765 0 0 255 756 0 396 741 343 677 654 704 822 0 0 580 0 958 23 0 678 0 252 724 0 153 627 721 27 383 0 170 0 0 974 661 566 845 0 385 0 793 743 564 0 215 246 0 301 897 757 518 0 16 0 0 0 0 352 718 0 769 0 0 0 0 0 513 539 478 359 0 351 0 170 57 338 24 555 760 61 381 132 112 186 159 0 0 0 540 244 987 0 0 42 743 859 90 792 289 485 867 0 963 108 75 968 0 0 869 902 0 291 872 146 710 0 806 611 922 452 25 325 454 0 868 440 703 60 860 540 658 901 471 299 266 0 877 925 0 0 191 64 945 141 95 653 207 259 712 0 0 634 0 133 0 542 157 748 397 240 612 334 987 232 0 90 0 633 631 0 438 437 665 0 0 782 280 284 0 518 779 798 943 106 399 426 995 662 0 202 711 242 100 0 0 936 572 0 244 637 0 0 833 58 436 993 0 736 955 176 992 0 554 505 242 0 0 522 568 79 114 235 217 100 866 823 683 936 96 355 576 0 860 0 305 730 0 562 973 0 427 915 45 410 296 297 425 0 574 907 113 216 172 417 
228 550 645 535 498 0 482 108 0 0 931 881 0 344 72 762 0 380 347 567 0 692 402 375 164 0 385 610 524 234 45 0 858 0 932 921 822 138 0 212 0 43 574 556 585 0 423 0 69 526 678 35 0 246 27 799 0 561 165 590 0 0 34 261 475 0 202 964 763 0 428 578 697 0 995 14 792 476 279 825 548 0 482 733 821 0 989 608 985 0 389 237 730 463 435 389 340 977 845 279 381 0 277 856 939 501 653 0 518 110 413 87 753 197 15 90 290 729 554 442 275 536 35 223 509 68 136 485 42 61 848 210 6 321 925 617 0 222 725 0 0 0 694 762 14 0 926 452 596 533 88 836 383 298 906 85 774 761 0 444 995 0 802 82 0 0 160 440 699 79 0 288 786 0 296 676 84 0 240 690 0 120 454 872 954 435 359 0 185 501 404 921 843 988 761 81 0 866 665 0 0 772 700 448 877 568 476 0 482 0 0 917 435 0 241 839 0 853 870 455 265 0 481 0 375 198 260 865 0 348 0 280 690 83 309 244 924 394 574 356 788 701 228 46 359 153 88 771 0 0 682 615 497 527 421 153 571 512 3 885 378 825 72 0 0 928 624 75 665 109 0 482 0 865 502 70 35 220 497 309 990 205 405 822 0 541 0 0 939 0 357 996 154 478 308 0 0 100 664 568 436 62 0 126 225 680 146 0 120 904 752 537 0 404 684 0 735 245 215 0 287 899 239 557 107 0 334 0 0 
709 29 834 691 675 855 500 876 0 0 527 0 100 703 816 0 475 636 649 525 535 0 465 187 0 794 599 178 66 0 35 0 7 0 0 665 915 689 398 962 873 0 443 342 0 486 962 181 826 0 348 944 545 226 0 360 0 380 248 361 0 31 24 0 0 680 432 969 791 489 478 302 333 698 171 416 0 0 205 707 1 377 0 0 867 726 179 921 873 682 0 531 0 0 557 0 0 0 0 150 89 0 0 0 793 407 377 571 510 697 0 605 0 580 67 541 963 706 197 358 18 448 325 630 457 293 0 424 146 0 249 0 765 231 533 439 845 79 418 861 17 0 0 443 0 155 379 12 0 0 952 349 381 11 0 288 177 30 389 0 562 0 196 0 461 0 71 24 993 0 613 313 368 302 0 518 0 781 0 242 733 0 603 784 453 245 467 0 0 0 647 835 0 905 517 0 809 258 0 494 821 425 0 249 919 0 0 452 62 378 186 77 586 0 0 742 15 0 823 874 573 0 0 798 55 574 570 981 392 632 308 0 460 168 0 804 434 547 389 792 280 276 580 772 845 0 0 945 566 390 323 31 0 53 982 183 801 0 37 254 273 0 623 660 0 0 277 921 93 615 0 981 718 0 82 0 519 0 131 577 0 237 581 648 299 856 0 942 0 0 0 416 0 0 0 0 772 827 406 618 870 0 436 0 0 0 173 158 715 0 0 991 0 73 0 952 868 445 121 941 259 0 617 0 0 0 7 134 930 
0 0 771 907 0 974 736 41 931 527 0 166 53 845 0 941 587 67 0 494 855 0 665 476 335 0 549 758 219 0 0 243 365 24 77 0 368 791 866 0 724 0 0 821 523 0 552 0 0 196 975 728 898 229 737 137 352 264 0 721 40 482 441 686 647 807 0 750 869 515 615 0 263 0 0 0 235 0 886 596 0 0 315 82 668 0 123 0 981 933 176 0 649 0 660 0 931 110 996 0 413 562 0 0 327 905 541 115 956 0 0 381 171 0 0 71 438 433 0 125 363 207 0 0 713 222 0 561 0 0 0 248 827 789 69 0 870 144 0 837 931 463 945 496 489 0 605 691 0 85 466 0 999 33 666 421 299 0 352 985 722 0 0 144 248 288 414 0 353 623 347 0 961 879 0 256 951 0 435 159 691 362 809 731 30 93 900 0 737 935 877 675 845 28 469 235 739 452 0 775 769 0 63 766 0 986 459 327 926 169 874 350 458 29 749 429 0 423 0 273 975 0 0 550 250 411 0 368 913 291 0 381 0 0 116 29 0 0 290 0 649 321 583 870 742 209 747 150 148 744 876 969 159 747 223 822 249 509 498 506 547 360 55 986 692 0 703 825 225 993 175 0 545 0 603 0 138 222 713 233 153 341 518 984 648 0 704 0 7 317 955 0 0 0 488 0 0 6 508 897 875 382 164 0 484 177 20 0 954 0 126 0 558 929 0 0 691 58 243 0 431 680 267 0 795 0 494 469 19 
0 0 0 414 713 0 624 0 881 0 166 0 904 0 428 0 10 600 199 649 0 977 151 200 38 0 308 187 0 54 129 792 0 0 314 476 650 735 899 968 0 792 0 0 448 932 539 137 735 0 41 0 539 0 921 523 0 0 3 0 843 0 144 819 819 328 0 379 387 626 290 0 136 419 800 859 789 218 781 499 334 557 289 223 624 70 373 167 0 122 497 522 0 0 0 622 673 891 841 559 36 842 672 125 0 131 716 0 0 76 897 758 0 303 27 0 784 943 0 236 0 332 502 0 0 0 89 0 0 198 711 710 0 735 823 419 794 647 879 597 0 85 355 707 0 49 6 577 202 523 563 300 796 581 0 0 0 0 418 0 0 0 74 340 365 852 441 936 948 769 921 0 662 0 445 0 705 481 906 239 0 867 0 0 0 928 173 273 0 50 548 931 965 0 297 0 394 0 749 0 369 336 0 235 220 927 837 946 898 274 945 529 297 296 182 734 864 434 148 484 0 861 148 269 928 84 845 120 0 298 414 742 0 65 305 589 317 438 675 105 0 69 0 740 467 0 200 110 777 0 245 550 520 0 429 169 300 554 206 733 428 0 720 0 662 959 0 985 711 0 113 39 445 890 763 271 0 685 938 56 222 0 35 110 0 156 723 442 874 282 916 874 0 0 321 29 0 465 271 287 0 0 495 185 284 0 154 917 0 63 908 0 233 961 0 0 193 653 616 0 303 163 250 84 762 0 20 908 830 
623 0 0 607 207 827 144 768 0 100 53 904 0 527 232 216 515 267 848 13 0 880 611 881 0 951 444 0 0 459 56 0 0 0 798 887 272 90 0 345 0 0 964 34 198 861 489 0 0 432 0 666 570 0 934 0 0 206 0 529 702 0 764 0 6 329 718 534 0 118 75 555 963 401 0 712 178 141 0 0 527 440 0 0 355 162 696 997 561 44 0 618 152 410 267 233 0 425 872 0 981 0 406 569 471 0 148 963 633 254 757 19 120 708 565 69 701 629 442 541 918 360 869 0 0 747 202 0 851 0 0 130 551 674 516 6 806 997 570 392 0 528 389 959 684 395 384 176 3 887 0 219 231 958 316 0 160 657 0 546 401 0 658 373 509 298 181 232 880 219 670 310 576 0 861 778 458 0 611 0 712 166 0 618 473 461 567 860 175 365 694 503 0 0 968 975 0 176 170 756 0 28 0 236 974 0 0 168 0 603 0 424 230 112 356 203 0 297 342 696 386 839 0 701 692 424 744 721 0 541 502 0 244 0 205 357 654 985 319 0 244 454 0 0 0 0 890 371 721 370 587 237 974 0 219 359 806 509 300 34 207 0 627 998 805 0 543 363 267 162 754 279 0 787 789 341 40 0 520 75 0 982 890 371 0 10 62 887 903 336 957 397 775 811 916 815 274 0 113 0 248 0 0 0 7 0 0 165 436 188 327 0 441 353 621 0 647 747 633 390 289 796 493 647 0 472 0 795 72 
513 315 490 946 219 850 11 781 344 703 845 0 527 0 0 601 172 0 0 221 975 66 0 992 487 589 805 249 5 181 269 444 560 0 153 0 802 29 313 324 458 0 184 0 732 257 105 599 539 132 0 43 0 0 0 0 327 238 228 740 731 367 344 282 0 309 209 119 324 0 560 367 227 622 990 236 684 572 221 944 377 0 643 0 529 0 539 47 546 402 803 173 74 0 237 281 273 937 213 457 0 56 685 99 535 0 741 0 0 961 0 689 0 0 751 0 215 47 729 958 518 304 705 949 750 158 0 74 597 276 0 802 0 0 332 0 0 851 640 504 0 797 913 483 27 422 904 571 133 70 0 406 0 153 0 989 558 0 574 692 626 48 0 980 583 0 974 974 0 416 0 893 388 495 496 101 766 552 390 324 24 997 2 739 46 130 613 889 889 611 952 626 885 37 85 213 5 643 0 128 681 0 156 0 0 141 339 694 8 0 0 738 0 0 0 919 334 198 0 0 705 860 475 0 673 950 758 0 217 888 389 49 611 280 392 887 715 255 368 738 725 647 0 852 0 974 924 0 96 217 660 892 0 0 74 926 619 0 366 681 0 65 383 33 0 963 0 875 0 0 395 0 769 7 37 0 401 532 13 748 879 0 422 0 0 599 57 551 63 0 0 0 642 651 0 874 364 455 650 605 627 624 0 512 403 139 0 0 0 0 0 351 187 190 0 162 0 481 817 0 441 268 801 0 0 216 971 674 796 
295 859 713 0 483 103 103 354 72 816 0 428 232 0 0 128 751 0 95 909 446 27 821 916 885 688 137 0 170 702 692 233 182 106 457 260 0 618 335 0 254 626 225 445 0 624 473 132 751 573 0 0 350 642 30 199 581 747 0 0 804 633 28 873 890 272 657 394 447 119 0 0 444 0 0 184 565 73 0 362 196 0 672 896 559 629 369 680 458 256 0 0 839 512 396 426 430 377 662 915 771 887 708 585 870 654 0 439 686 0 694 858 113 49 632 545 257 748 303 0 252 14 835 659 254 0 647 22 348 0 528 13 137 58 259 160 0 0 865 0 813 0 863 0 642 617 0 583 987 0 926 70 174 0 720 55 0 0 0 0 946 76 0 369 0 371 0 0 830 38 804 0 0 931 228 0 753 470 0 159 444 27 196 978 442 486 0 540 502 382 381 62 798 345 0 628 115 114 0 264 825 472 80 811 975 0 0 332 158 796 0 865 655 337 962 0 149 0 0 234 793 312 0 871 619 30 109 0 712 719 321 530 677 141 768 0 0 535 30 0 0 136 238 240 277 827 934 0 569 274 0 638 38 188 505 24 79 718 988 512 798 443 0 0 403 132 759 0 832 932 0 0 0 957 0 611 0 277 306 691 0 821 724 289 0 776 368 308 439 96 0 426 95 0 783 0 0 684 993 580 695 448 109 798 0 499 666 819 932 323 570 406 561 186 925 0 0 311 369 780 0 442 851 962 654 0 156 228 713 
950 334 99 717 177 656 158 795 762 0 941 0 216 601 128 0 541 0 721 0 925 829 843 915 0 0 980 0 35 550 851 445 614 0 650 0 253 884 382 285 991 606 202 598 0 107 580 288 0 0 626 902 962 586 936 510 670 325 284 868 0 0 197 851 0 168 162 975 0 0 427 224 0 852 533 69 765 0 0 0 504 587 994 258 786 44 984 531 732 61 0 273 180 855 0 898 481 0 0 705 0 171 623 900 843 566 40 121 568 118 0 758 730 0 143 940 465 0 657 918 0 122 4 751 73 144 947 528 239 580 617 0 575 883 546 918 538 0 807 49 952 698 403 0 322 720 363 73 636 768 229 221 725 847 0 386 897 76 0 388 544 357 261 522 0 0 192 492 0 0 0 732 443 897 904 371 0 549 0 835 162 605 682 856 466 420 486 320 0 986 0 794 898 216 709 298 558 320 0 726 499 455 0 0 0 781 940 526 968 568 901 492 0 792 506 806 477 461 566 0 257 706 442 0 874 417 69 0 384 391 408 987 407 499 806 0 967 969 310 291 214 320 0 143 641 753 367 574 85 607 0 0 0 679 499 533 753 394 0 810 350 0 57 811 869 150 0 816 0 69 523 973 0 0 0 27 877 0 564 0 97 887 307 0 0 690 363 768 0 601 9 116 0 138 121 646 0 151 675 166 150 251 935 79 47 522 0 412 115 944 185 844 478 882 661 0 0 881 905 937 0 902 31 942 0 0 75 563 0 
0 218 410 982 576 0 885 935 0 475 587 10 515 172 751 541 0 249 332 870 879 0 0 724 246 85 479 851 777 815 790 956 108 437 69 875 533 342 511 617 611 21 129 0 599 443 468 772 506 948 221 980 819 798 741 742 0 541 561 119 613 0 329 767 267 465 148 333 359 971 634 934 164 981 0 692 149 574 0 113 685 0 251 356 0 0 373 54 0 231 0 655 526 0 0 0 539 108 545 897 839 934 0 923 0 793 478 0 883 0 823 0 986 158 836 908 207 969 0 781 949 12 0 608 0 0 571 0 0 521 0 0 363 631 204 927 0 790 692 492 0 0 579 918 662 187 0 0 92 0 69 716 350 0 513 28 224 0 0 214 664 412 365 15 989 777 0 188 357 126 909 399 391 456 0 0 184 0 519 301 256 309 129 163 0 0 429 544 705 230 306 320 0 145 222 304 459 901 405 620 469 485 796 259 161 255 0 290 374 733 30 900 0 0 587 0 610 561 379 72 683 379 995 211 704 0 167 731 372 202 921 705 969 972 48 218 364 0 327 740 539 201 389 0 0 977 644 416 481 287 0 71 636 0 778 877 993 0 90 262 650 0 257 778 36 0 750 987 240 336 233 42 369 629 736 0 895 202 279 395 0 0 430 277 831 185 455 0 970 691 337 0 165 0 981 330 397 0 345 764 190 108 376 568 681 650 119 268 0 766 382 829 334 898 0 989 923 108 181 656 0 0 580 998 992 702 0 778 0 
309 874 813 687 927 595 0 315 380 636 67 600 267 0 0 0 249 0 818 306 85 808 23 81 934 310 461 764 411 900 40 581 836 213 140 104 0 713 203 628 353 881 640 967 647 0 0 719 370 0 750 892 980 0 0 802 699 0 0 272 754 983 574 882 688 44 460 0 795 266 0 969 800 0 849 91 290 638 0 466 0 0 905 0 875 0 0 762 0 87 137 0 107 4 212 328 572 833 582 0 334 0 68 0 475 780 753 0 535 846 772 321 692 496 949 782 0 386 332 646 0 693 68 774 131 195 0 456 509 586 0 583 747 0 39 0 81 0 464 707 819 0 521 193 552 31 749 285 807 0 0 146 587 895 143 578 2 356 867 76 590 0 707 488 592 192 878 302 468 0 679 553 102 651 0 611 405 415 158 112 0 743 501 0 829 389 82 184 0 67 685 0 654 496 0 100 322 796 539 521 523 553 0 0 760 885 359 829 462 961 279 159 831 425 948 480 79 12 872 0 762 0 0 828 0 217 112 0 362 0 595 108 285 812 720 975 737 475 0 848 320 0 0 0 0 923 229 337 107 512 0 0 246 709 0 393 480 0 805 643 946 140 13 602 366 777 782 0 0 228 343 122 669 0 0 0 659 580 561 723 0 751 440 0 704 602 759 49 415 10 0 231 842 996 745 732 408 0 433 461 614 0 111 420 291 0 486 493 399 0 382 943 666 30 0 392 125 965 802 879 824 238 276 362 756 0 604 0 909 
197 0 143 582 683 0 0 552 347 649 0 199 848 0 95 721 332 818 0 646 979 569 344 360 0 813 718 175 0 0 401 295 289 130 669 902 973 49 233 0 987 985 317 431 0 134 538 684 600 793 0 492 0 0 0 747 781 358 0 0 232 218 536 29 301 0 656 434 528 818 0 112 822 215 294 507 634 345 845 529 0 448 662 0 715 596 969 0 0 127 564 348 684 375 434 980 848 511 351 421 602 0 0 22 885 349 0 859 31 0 708 455 49 0 0 0 0 422 665 712 0 271 0 734 198 775 719 0 492 925 139 849 556 91 943 420 858 378 856 592 0 0 680 682 925 982 974 901 240 471 448 272 71 378 825 465 913 520 0 0 0 0 822 0 379 64 976 392 558 703 507 889 407 0 492 787 94 0 907 703 0 93 90 220 10 822 891 0 914 0 675 672 7 320 95 491 519 168 746 892 608 794 736 0 630 692 0 452 866 816 693 588 111 434 764 522 0 168 148 592 572 0 0 0 0 716 0 297 350 27 346 63 351 387 881 95 0 461 471 973 702 0 0 0 827 108 0 231 380 635 584 44 698 78 493 402 0 0 485 980 154 300 642 288 0 213 0 0 726 0 324 571 635 682 446 738 335 0 241 0 295 57 435 663 859 568 0 0 64 0 566 0 168 351 964 102 404 994 0 0 425 0 561 536 0 111 692 722 879 452 978 613 0 70 418 803 573 525 338 88 182 0 0 0 509 63 630 619 624 
140 0 872 0 232 569 744 861 567 525 494 649 13 221 909 0 870 306 646 0 175 933 318 974 856 85 328 103 567 926 0 279 0 54 0 193 799 680 310 942 986 586 742 227 732 0 189 600 563 0 503 0 592 287 0 104 181 602 29 922 199 507 343 128 691 740 0 250 0 0 201 245 72 649 601 905 560 654 539 104 345 887 403 199 262 395 571 970 120 122 387 0 0 468 311 983 174 0 410 78 0 541 957 544 511 435 0 83 0 623 876 0 349 235 608 0 0 939 345 72 79 0 134 942 205 195 197 47 0 0 200 643 903 341 862 113 113 0 0 651 561 237 205 670 506 517 196 446 0 0 0 972 2 721 786 861 562 635 428 796 712 227 560 319 415 880 220 381 552 868 0 920 889 846 0 0 701 210 525 911 477 102 784 145 560 0 309 975 771 321 0 825 778 28 117 726 855 0 682 247 961 638 825 592 874 0 844 0 890 596 209 975 0 0 530 185 590 486 866 971 556 254 0 0 499 54 222 565 623 241 392 71 310 0 365 174 379 0 0 401 0 294 0 0 984 968 0 0 0 111 174 679 0 0 101 455 0 801 41 0 575 0 0 563 197 469 95 519 348 601 844 466 719 936 159 295 0 828 0 555 701 0 0 39 0 920 386 0 0 858 136 0 214 464 0 198 863 483 505 0 0 0 832 703 714 93 799 599 953 828 712 0 531 605 912 388 308 0 384 74 0 747 0 863 0 921 0 0 857 
766 644 0 365 456 430 62 0 0 535 855 0 0 975 446 925 879 85 979 175 0 445 635 290 0 418 289 254 706 103 391 912 0 742 219 0 682 675 623 44 482 961 775 212 445 787 883 788 532 0 439 130 350 309 13 251 724 0 0 423 34 411 132 277 850 446 173 0 663 0 559 404 0 902 601 718 57 924 667 44 170 762 0 974 0 791 0 580 365 308 945 0 0 813 0 50 0 0 179 99 784 868 218 58 589 869 594 0 656 275 0 837 237 0 192 128 79 8 905 248 202 781 668 122 199 0 163 0 125 0 90 21 876 235 165 718 224 752 0 593 680 613 454 0 281 877 958 0 0 0 469 780 833 919 870 0 485 132 818 659 275 892 862 541 0 835 569 54 49 802 780 453 630 54 477 934 566 337 223 748 541 32 405 0 498 582 132 646 239 0 406 104 400 0 271 209 44 0 176 969 494 400 0 0 0 67 0 241 0 92 0 817 441 253 366 466 314 786 781 570 793 216 656 8 481 189 598 733 768 133 966 295 803 841 406 762 415 198 145 777 0 361 0 0 15 512 0 0 0 572 82 594 211 655 0 0 345 692 597 46 0 101 798 559 0 993 194 549 464 533 487 972 794 428 76 5 850 683 780 0 316 743 96 88 428 957 0 275 918 7 358 861 285 0 0 862 277 0 0 0 353 0 767 737 0 0 537 130 608 684 114 837 0 0 379 540 602 0 687 0 563 476 66 626 410 776 313 231 339 
45 113 514 0 0 171 0 34 692 0 0 977 880 66 27 829 0 808 569 933 445 0 794 574 788 114 696 644 18 274 0 903 0 449 576 0 0 921 0 0 0 833 0 832 534 696 997 134 483 123 741 125 675 605 0 190 100 0 12 474 535 100 637 505 0 434 154 73 0 578 300 787 574 884 271 10 198 842 814 807 848 0 662 545 189 341 370 0 0 41 235 698 0 115 0 59 786 567 501 0 323 0 995 235 430 916 862 823 420 199 492 0 685 547 0 0 474 0 0 144 137 0 795 774 195 0 623 218 628 0 75 617 0 800 0 892 0 0 0 94 245 168 854 605 20 0 158 545 63 270 0 487 407 0 0 543 262 971 673 958 640 0 661 192 236 464 898 208 406 0 483 897 689 320 175 937 738 477 0 157 584 142 809 0 345 0 728 0 0 703 0 0 0 735 124 0 225 67 262 520 156 767 99 164 287 629 0 5 462 0 297 33 544 668 350 618 176 255 773 631 0 0 277 80 478 484 797 203 192 545 780 755 689 991 0 429 493 527 0 0 197 0 0 157 468 304 0 65 104 405 985 835 0 0 998 485 0 802 841 742 382 112 67 0 0 496 449 736 965 711 294 532 0 547 898 382 962 286 0 626 0 686 888 325 187 689 169 481 292 947 0 0 993 422 415 0 0 60 0 0 938 118 696 0 480 370 151 393 0 131 267 914 135 956 648 324 12 396 261 0 469 884 106 0 0 808 716 786 441 
0 644 638 0 0 561 0 0 402 465 665 151 611 0 821 843 0 23 344 318 635 794 0 276 836 409 640 943 265 571 105 530 0 17 470 19 0 773 189 390 167 518 0 0 398 195 52 505 0 265 494 666 0 0 0 38 956 768 892 994 846 37 654 813 0 164 327 999 207 0 891 0 52 886 781 446 937 289 803 0 724 0 378 379 194 636 536 537 556 837 0 0 397 288 0 333 279 0 169 717 666 234 118 996 753 0 675 743 297 170 190 550 487 195 236 601 858 294 997 108 232 572 277 440 400 0 865 935 918 0 101 762 723 0 0 817 629 783 271 587 716 0 176 216 946 525 26 421 453 0 345 463 241 499 198 936 443 445 602 528 460 924 62 730 745 707 20 377 0 290 166 284 0 435 0 0 515 0 710 413 513 773 0 0 721 349 603 209 5 0 495 592 476 603 309 638 0 0 972 185 979 0 664 692 881 922 664 116 2 681 0 780 175 681 789 931 309 446 312 138 660 0 896 287 555 0 877 111 0 265 0 294 551 0 911 548 915 0 134 52 393 883 254 0 40 798 816 851 827 225 0 895 0 140 848 91 298 2 693 87 658 806 604 0 296 159 224 658 983 882 214 0 528 751 803 842 931 438 219 0 359 135 613 634 556 756 419 503 69 542 874 574 0 73 622 40 510 863 0 232 690 406 0 0 36 272 273 920 61 87 170 535 169 312 492 722 0 60 0 781 0 0 0 474 102 752 341 0 0 
591 687 601 0 115 0 973 307 375 187 476 200 881 992 916 915 724 81 360 974 290 574 276 0 310 481 326 790 0 562 0 0 425 0 410 533 0 0 246 251 973 855 358 893 0 886 814 0 0 438 217 0 0 279 6 187 684 138 264 506 0 868 534 293 352 381 0 236 0 130 758 0 883 548 895 68 0 873 820 741 0 755 90 294 832 0 440 950 413 884 161 417 67 0 338 0 195 0 0 57 730 0 157 253 834 0 924 686 272 213 0 701 0 786 202 635 300 0 0 830 97 60 762 677 145 179 269 449 778 138 0 725 663 874 494 118 0 0 95 808 0 721 802 779 490 948 718 739 773 411 578 131 621 422 151 0 0 300 824 26 990 794 0 85 941 897 0 265 492 46 583 283 310 54 565 189 294 0 0 792 371 686 838 472 583 31 0 0 901 222 381 775 715 830 485 0 78 802 770 0 0 669 720 158 39 567 80 339 601 892 247 0 903 298 914 574 998 227 291 283 43 783 400 283 0 377 542 635 0 820 109 823 698 700 811 731 309 0 0 0 64 181 376 620 333 94 0 0 0 442 936 0 198 751 973 371 521 781 764 84 0 93 775 188 533 599 656 47 0 477 944 0 0 660 992 817 107 576 582 68 0 719 298 439 0 301 885 0 916 0 0 611 26 644 595 767 122 251 275 695 705 281 0 601 105 0 955 0 383 645 0 952 976 866 676 589 426 374 59 773 0 58 79 0 454 816 0 0 0 
679 0 0 0 0 0 24 350 164 0 335 38 0 487 885 0 246 934 0 856 0 788 836 310 0 0 0 0 0 0 407 778 0 0 23 131 0 442 845 167 0 715 945 0 37 230 921 0 251 282 0 703 25 0 329 518 527 0 743 96 549 0 0 61 13 690 861 366 348 682 921 0 898 0 0 552 108 0 0 228 0 0 0 252 869 0 0 540 340 625 944 233 477 98 0 0 280 974 969 535 0 556 651 0 725 581 754 0 589 720 922 360 617 0 577 909 856 647 0 634 708 928 177 0 728 0 0 522 496 139 109 859 941 845 989 724 663 120 0 469 730 0 758 720 475 320 630 589 547 430 781 0 906 0 0 587 0 0 0 315 687 312 859 732 0 962 402 0 580 463 835 555 104 0 0 555 443 671 645 0 579 486 191 73 403 211 819 784 323 439 124 493 0 225 0 945 626 288 883 130 815 13 95 0 812 742 0 186 230 122 10 51 485 954 0 314 957 161 649 790 442 89 740 0 877 520 729 798 656 947 696 0 0 231 0 243 363 70 0 368 260 0 800 880 923 435 344 607 730 0 0 860 688 166 627 647 66 0 557 309 426 669 380 588 362 889 592 338 657 0 735 129 147 607 341 739 706 578 524 706 0 334 381 823 503 473 0 397 0 732 0 238 0 902 927 0 547 949 661 231 689 290 293 62 281 386 209 430 499 617 430 526 954 0 857 473 892 248 298 170 501 603 0 119 596 13 601 334 742 
89 800 267 0 163 304 43 786 0 794 0 0 951 589 688 0 85 310 813 85 418 114 409 481 0 0 972 216 578 715 861 600 890 625 10 714 720 865 0 121 390 441 349 600 220 487 364 951 625 21 362 0 0 0 227 492 647 18 522 643 873 243 16 0 537 0 39 0 0 370 44 843 538 975 0 525 76 441 192 0 705 579 54 0 214 951 0 0 495 23 258 263 492 0 275 974 909 92 0 335 0 221 134 985 0 662 0 242 487 0 730 0 995 0 336 642 741 493 38 0 0 993 357 966 0 0 0 44 570 52 0 827 0 959 989 692 772 867 230 245 0 270 894 0 68 91 0 630 71 323 654 273 803 887 911 98 906 132 38 0 368 0 221 541 0 748 440 971 818 0 0 0 0 751 871 144 356 0 902 0 844 529 975 896 390 44 0 733 914 0 0 0 335 573 913 0 632 442 256 659 808 793 0 598 131 831 496 547 0 212 423 0 525 777 5 0 0 660 919 999 502 0 365 754 297 945 390 691 0 897 9 383 0 143 0 172 444 934 160 446 384 661 593 568 682 112 150 161 952 98 175 217 556 0 972 0 694 103 0 972 905 783 39 0 805 927 595 402 283 86 0 436 789 936 178 67 583 0 900 591 0 7 974 174 443 0 946 0 469 0 0 491 0 143 282 310 0 442 724 0 952 164 0 347 0 0 632 0 289 0 0 613 631 334 853 225 0 159 0 0 0 275 642 781 466 15 414 648 0 
840 427 886 24 13 0 0 600 385 599 549 308 444 805 137 980 479 461 718 328 289 696 640 326 0 972 0 564 786 64 227 487 23 862 972 352 720 395 679 921 972 0 346 473 172 848 0 648 0 834 11 822 0 846 0 91 0 71 0 0 940 0 844 849 883 796 975 0 21 135 290 375 123 0 944 90 609 419 69 507 408 744 685 0 152 721 409 701 906 368 0 171 367 394 0 323 939 530 675 802 46 455 0 237 790 573 391 0 208 0 658 377 343 342 0 0 951 0 632 81 626 628 637 0 403 538 791 287 838 601 819 33 773 0 386 0 941 333 680 354 8 39 206 558 618 0 136 560 951 994 54 218 576 0 39 411 939 197 69 48 770 0 399 480 0 604 0 700 0 701 41 0 861 399 967 0 0 84 982 195 251 335 66 817 230 651 0 0 460 585 709 998 286 0 529 0 81 597 0 809 0 268 268 697 0 0 0 4 651 175 169 298 500 154 588 0 485 408 0 153 204 0 281 786 215 178 339 0 0 0 515 706 295 0 852 544 711 0 528 590 306 988 391 86 596 988 521 101 0 277 46 48 537 966 32 0 317 213 231 584 130 0 713 689 883 180 21 499 471 0 883 256 215 477 299 423 732 146 827 227 0 322 343 934 478 645 71 236 967 88 768 34 0 0 380 939 0 765 773 346 0 143 157 49 480 0 667 987 930 435 777 955 0 467 883 186 983 0 922 678 549 956 744 918 669 0 0 0 72 
123 0 651 87 307 316 212 123 610 178 758 187 0 249 0 0 851 764 175 103 254 644 943 790 0 216 564 0 587 388 81 450 424 0 986 0 0 0 583 797 777 0 382 502 0 0 816 48 485 195 759 0 762 482 125 16 658 991 237 2 0 873 646 676 0 965 227 0 0 143 463 664 302 0 0 375 140 92 12 665 955 686 454 228 977 778 0 694 379 325 833 177 919 905 260 139 609 533 735 0 0 105 189 269 93 52 751 418 0 0 636 0 0 899 30 760 463 375 0 0 749 743 805 0 0 0 573 335 333 0 0 481 262 0 941 205 0 927 119 927 0 0 537 0 818 145 268 0 874 0 71 0 621 59 420 564 721 775 981 164 751 622 0 0 0 581 596 684 288 0 673 939 0 308 997 846 0 754 338 723 0 438 951 0 970 0 195 46 698 553 0 307 621 286 360 814 0 0 7 852 0 89 571 760 372 922 937 94 579 194 0 630 0 336 472 0 195 0 359 937 515 537 274 415 869 0 847 0 309 868 304 0 0 0 0 142 0 303 907 120 886 188 466 993 546 0 417 754 990 942 0 119 908 479 0 0 0 857 486 209 728 608 0 311 154 545 0 401 990 699 0 400 275 964 0 584 904 433 130 713 559 0 0 953 968 425 0 644 0 0 758 252 0 294 669 445 63 956 372 325 0 653 700 436 397 255 347 0 252 996 518 879 0 339 706 469 684 0 400 0 136 321 276 315 0 918 836 0 908 
975 706 0 888 133 0 0 0 524 66 219 0 0 5 170 35 777 411 0 567 706 18 265 0 0 578 786 587 0 225 0 187 0 269 502 255 165 388 512 501 803 400 862 988 619 418 267 519 597 563 737 0 0 989 615 442 0 823 292 299 296 27 0 818 0 20 881 389 351 0 405 73 260 940 806 200 0 463 0 0 659 602 122 814 175 956 0 0 345 538 0 594 0 18 189 0 867 258 181 477 0 0 773 970 702 285 15 739 177 976 0 0 0 0 968 66 0 741 660 253 946 0 961 268 692 0 0 134 870 0 149 486 839 0 737 776 811 956 948 225 764 0 743 138 799 245 0 541 0 723 80 699 275 196 0 34 569 0 0 0 397 256 0 598 0 262 284 725 0 681 295 960 851 116 113 459 729 0 908 357 282 912 961 218 0 460 746 853 47 127 969 824 252 796 366 364 0 859 822 86 743 0 254 0 209 416 289 152 668 0 152 704 177 157 0 868 218 261 850 643 277 0 797 507 251 886 458 179 898 808 349 936 33 100 917 795 0 0 911 0 0 742 0 134 862 17 570 0 0 535 388 958 215 0 356 776 854 44 0 384 715 963 113 0 655 0 973 993 0 617 331 212 643 942 676 273 117 417 426 875 0 773 0 0 855 286 548 862 0 257 294 674 380 895 911 909 0 109 0 609 34 0 708 416 929 622 940 0 0 733 0 291 371 940 0 0 345 701 0 0 0 835 900 836 837 628 224 798 364 
0 0 803 0 0 764 944 818 234 0 0 54 459 181 702 550 815 900 0 926 103 274 571 562 0 715 64 388 225 0 876 859 423 606 0 467 558 584 816 950 13 853 417 254 0 0 48 0 59 0 233 762 905 728 0 831 608 183 672 613 0 380 593 105 0 638 579 566 0 57 2 692 29 700 425 0 222 342 119 306 760 0 366 0 0 85 58 685 748 765 323 179 98 0 115 68 487 780 819 114 524 868 732 191 0 633 876 0 94 713 0 619 851 201 947 439 0 176 143 318 933 0 85 414 531 324 216 0 534 83 870 914 0 0 0 377 0 0 887 0 959 0 662 161 592 414 147 170 34 513 615 782 590 0 313 487 906 61 493 571 562 0 166 770 679 711 121 93 0 537 0 567 771 423 877 350 986 43 0 60 596 996 491 835 184 669 950 67 69 942 301 0 0 64 0 8 811 203 939 615 877 98 0 0 0 198 0 952 853 0 266 0 0 805 762 69 509 183 310 513 0 207 164 842 298 864 176 0 0 446 43 924 0 220 393 0 849 443 317 774 0 0 0 528 0 36 782 0 830 140 216 0 578 306 0 0 590 0 394 574 986 632 100 604 258 57 867 0 893 219 130 818 551 648 475 270 822 914 652 782 568 751 559 222 483 0 0 0 687 0 421 195 196 828 0 496 108 260 689 758 292 539 12 522 656 135 333 445 502 0 995 0 398 918 919 0 0 215 333 806 736 5 765 710 93 245 558 550 288 
184 114 557 313 0 141 732 926 45 35 0 129 56 269 692 851 790 40 401 0 391 0 105 0 407 861 227 81 0 876 0 0 255 578 557 0 411 655 335 0 394 708 154 888 567 25 818 180 734 388 208 521 0 0 410 179 0 360 0 76 393 484 549 0 453 163 241 164 977 924 0 930 255 0 0 764 0 896 273 506 126 412 68 0 45 132 0 398 725 651 530 0 235 0 242 997 230 201 378 544 233 272 426 397 43 0 135 618 854 578 244 987 0 372 819 719 0 0 646 148 69 790 136 608 497 0 659 0 965 224 0 0 325 0 0 116 964 754 0 454 219 865 498 804 0 0 788 942 97 385 0 627 885 30 820 475 24 206 271 202 287 267 0 176 0 301 934 0 210 210 806 903 341 422 0 0 680 0 199 0 417 265 561 904 0 848 830 5 226 881 353 798 445 241 192 976 144 0 519 0 485 729 493 708 586 172 258 158 82 0 832 490 212 664 420 0 315 853 133 0 112 973 0 0 718 0 0 174 0 150 562 107 607 0 136 630 0 314 0 671 250 604 555 0 944 768 147 165 0 704 370 0 0 225 870 0 820 69 895 588 0 264 741 926 493 641 155 866 614 0 449 693 159 0 499 181 250 813 41 629 644 0 0 865 4 305 968 742 5 782 424 376 0 490 686 0 0 329 191 380 791 673 392 0 714 53 911 184 888 0 536 52 251 625 0 842 0 926 381 557 590 0 291 0 682 682 64 678 910 
26 562 299 705 246 257 0 0 0 0 243 792 0 444 233 445 956 581 295 279 912 903 530 0 778 600 487 450 187 859 0 0 740 226 535 960 603 0 0 493 891 0 820 389 0 911 975 922 426 315 827 36 900 663 341 0 638 95 870 612 0 926 951 182 625 530 641 966 810 358 791 774 875 96 0 310 0 222 181 132 836 465 0 0 934 135 52 0 288 333 849 332 585 311 821 631 450 794 853 0 683 742 917 354 0 31 967 274 997 86 630 0 295 508 321 603 0 744 294 0 714 707 0 0 29 703 663 63 0 318 0 603 833 0 729 461 744 0 0 398 0 760 0 70 990 288 279 92 839 355 522 457 474 525 805 935 481 177 362 334 346 289 56 341 185 994 874 942 173 0 130 82 0 0 317 769 377 0 557 816 67 0 612 833 864 0 596 521 0 0 0 0 208 153 95 546 712 651 631 603 224 812 858 0 0 0 539 71 727 807 0 255 527 134 13 763 501 0 31 160 303 0 245 778 10 0 817 672 0 979 877 509 0 282 0 373 0 855 351 913 109 845 298 0 29 806 589 217 881 19 295 0 592 140 0 624 0 31 0 0 780 0 703 444 929 0 0 0 269 0 517 140 353 0 305 219 75 435 58 255 757 702 717 567 543 67 593 581 412 115 0 0 585 891 75 0 382 0 901 133 378 88 603 481 230 280 954 0 42 170 0 0 0 0 253 98 854 524 0 0 0 827 722 213 347 629 560 91 473 
860 42 667 452 372 345 719 37 858 7 365 0 0 560 182 614 108 836 289 0 0 0 0 425 0 890 23 424 0 423 255 740 0 0 718 621 153 935 748 521 171 0 642 631 0 673 130 461 446 397 974 0 587 373 103 0 141 759 532 0 0 340 0 298 782 823 0 448 464 576 761 0 805 0 339 0 598 698 0 0 68 574 265 832 251 80 178 712 932 0 678 616 160 235 959 675 295 0 763 0 807 211 472 589 0 272 391 487 974 240 239 159 368 289 285 0 0 146 989 0 451 854 258 0 0 984 635 0 191 777 125 220 152 0 0 803 152 0 0 138 580 309 964 100 918 603 0 0 0 852 487 266 854 117 75 0 851 65 0 0 421 822 0 28 1 0 20 903 633 115 235 623 565 397 928 26 604 96 854 0 923 603 0 843 0 644 714 693 0 0 764 0 0 956 214 0 349 300 60 313 956 727 15 672 559 0 912 183 494 255 0 350 0 380 529 0 193 836 0 0 614 609 911 0 105 886 0 836 896 784 303 867 547 346 752 223 0 121 0 253 0 396 189 892 0 458 459 0 592 0 216 175 390 0 468 851 15 416 934 0 0 192 592 0 439 275 0 374 501 555 0 502 301 900 550 0 16 0 655 0 551 991 106 0 214 552 310 567 525 0 187 182 457 208 973 816 663 0 0 14 0 0 73 192 0 46 0 75 549 390 263 497 249 789 454 492 352 870 167 531 0 0 751 0 331 920 0 771 280 
197 632 980 0 0 722 983 869 0 0 24 0 0 0 106 0 437 213 130 54 742 449 17 0 0 625 862 0 269 606 578 226 0 0 947 0 0 0 665 109 320 0 0 202 166 23 299 0 108 507 303 890 973 0 774 300 0 0 41 583 0 0 800 744 40 0 458 497 558 0 642 0 0 239 193 443 889 552 517 0 0 92 199 0 152 610 0 477 0 466 967 275 946 626 770 790 0 47 707 478 348 69 663 0 0 821 95 549 475 0 962 0 683 869 0 0 357 340 688 0 509 364 0 953 0 160 582 0 172 952 875 327 726 492 788 0 0 193 592 589 996 388 70 23 738 922 41 119 369 606 279 675 339 431 0 0 458 484 0 636 0 994 371 439 725 0 849 83 560 346 868 489 255 924 964 655 364 650 992 817 90 420 994 185 500 156 578 208 0 506 620 972 193 725 0 566 791 0 539 973 589 434 0 632 945 133 488 432 933 719 410 482 273 472 0 265 931 832 0 38 0 724 177 883 385 755 0 265 827 170 440 46 627 904 0 897 0 0 951 0 952 0 0 283 806 686 436 0 0 852 654 0 523 793 15 996 0 461 0 231 0 0 999 0 449 0 0 176 866 0 144 111 0 396 586 0 0 148 728 0 869 589 134 431 374 720 833 0 900 433 396 0 522 568 385 407 788 143 0 376 425 0 120 0 904 0 392 0 452 697 765 426 659 103 215 176 698 555 901 351 876 0 735 319 0 977 341 0 0 
627 902 681 581 750 886 0 729 932 0 77 314 798 153 457 650 69 140 669 0 219 576 470 410 23 10 972 986 502 0 557 535 718 947 0 0 843 0 972 0 0 706 270 797 0 970 474 0 0 694 966 0 803 187 865 578 0 0 0 410 0 250 59 0 0 892 0 0 210 0 0 204 0 0 412 322 817 329 424 815 517 0 833 46 339 787 175 209 459 741 0 0 0 175 473 0 649 885 0 0 0 365 0 291 395 373 924 797 156 0 0 12 0 764 129 672 264 365 280 51 17 328 752 0 820 658 105 429 286 515 816 507 599 0 0 830 0 35 0 0 133 0 209 192 26 0 0 0 620 30 514 885 202 671 662 243 38 395 0 420 816 215 288 222 0 0 0 649 0 369 791 213 732 818 788 806 311 40 164 337 524 0 206 103 311 0 622 204 0 0 0 642 0 699 0 321 8 0 477 367 884 518 0 344 441 0 848 0 908 0 66 29 826 258 0 0 693 485 338 965 4 144 428 0 30 704 671 748 0 0 472 800 722 322 492 0 47 185 128 676 0 918 945 0 0 590 673 754 224 223 0 690 364 841 0 0 23 0 744 153 0 876 701 0 166 614 0 0 234 26 0 0 841 722 659 18 254 152 139 179 205 0 0 161 0 133 874 110 969 0 678 591 0 909 930 612 950 323 116 97 0 960 543 0 0 804 219 0 336 754 0 914 861 0 700 0 837 960 683 493 494 296 843 645 0 60 0 0 517 
