0 110 0 337 0 578 591 0 351 0 493 915 602 839 0 0 0 0 0 637 445 987 99 0 0 642 201 702 30 267 131 439 944 379 0 762 176 693 350 612 240 142 131 0 216 804 947 581 572 0 382 0 218 0 227 332 199 119 350 334 569 977 536 105 976 0 10 258 861 0 304 980 480 924 807 835 285 178 845 962 617 935 347 823 0 127 0 0 276 0 540 0 770 650 624 0 358 93 165 0 227 837 0 752 690 0 860 261 811 728 852 87 972 428 0 734 710 106 885 876 0 444 886 162 148 0 
110 0 700 725 968 12 766 90 57 0 246 73 0 908 0 400 0 0 213 351 355 984 974 257 44 89 633 557 696 0 268 0 924 665 553 0 73 541 0 804 887 602 252 537 976 344 305 975 0 0 793 148 937 519 0 662 0 75 0 0 0 77 0 71 668 0 857 469 391 342 0 149 685 261 596 0 0 0 278 388 38 0 994 414 0 662 17 27 657 0 161 653 74 369 585 173 15 485 0 0 0 152 358 0 756 330 0 51 852 744 487 279 820 862 963 683 395 410 4 738 896 860 479 597 665 0 
0 700 0 178 0 158 816 552 948 252 295 358 354 725 0 455 94 516 336 0 0 731 115 873 931 220 229 0 0 0 0 690 0 347 0 0 988 678 922 357 0 143 0 806 721 460 0 427 446 953 424 184 0 0 0 0 156 0 172 950 63 914 807 0 554 0 102 0 783 819 689 423 642 0 0 681 806 652 638 0 461 389 625 376 744 328 845 195 611 551 0 632 251 218 34 547 0 158 945 0 0 193 0 425 913 809 0 655 415 801 168 324 188 672 586 0 155 993 708 168 364 425 36 456 133 0 
337 725 178 0 402 730 0 386 590 683 249 597 207 282 558 862 479 82 811 0 366 292 296 988 894 506 79 713 804 0 34 0 0 0 415 736 499 0 19 125 0 4 91 0 324 785 0 211 680 591 954 973 0 106 198 0 0 0 0 40 797 953 293 444 916 0 301 805 0 0 0 879 439 0 0 568 14 0 0 0 381 0 897 540 246 4 731 230 66 0 0 0 980 0 890 365 163 0 866 470 998 433 432 587 452 292 309 215 562 552 565 0 986 970 669 303 24 684 0 609 1 188 587 72 638 836 
0 968 0 402 0 0 127 183 756 420 695 0 0 426 772 0 335 140 302 0 287 774 0 846 0 882 918 320 492 0 137 0 798 311 0 751 844 574 147 147 233 14 878 0 44 96 0 787 0 143 926 0 692 853 561 872 406 0 0 0 124 354 934 0 211 0 0 0 929 507 62 476 0 765 827 330 294 496 0 697 0 640 964 698 473 987 616 157 0 752 851 538 556 0 0 565 993 63 0 249 517 445 419 590 170 830 440 729 900 0 901 14 0 378 444 280 320 998 428 450 829 783 0 0 546 749 
578 12 158 730 0 0 520 0 744 0 453 909 0 169 631 972 0 533 221 72 779 623 584 953 914 0 214 721 501 0 0 133 383 0 638 0 488 144 863 394 0 762 402 310 622 0 0 0 0 0 690 0 654 0 54 823 852 0 858 570 607 0 255 0 907 697 569 111 271 547 863 0 89 0 64 996 560 0 0 877 368 589 801 334 281 587 680 24 439 52 673 900 0 53 0 491 151 32 0 833 774 573 543 419 420 804 0 0 693 397 0 165 439 430 739 169 107 0 188 818 219 357 282 287 0 0 
591 766 816 0 127 520 0 328 0 241 0 310 0 196 0 468 0 514 211 518 96 421 0 414 270 147 578 0 918 212 172 26 212 350 601 456 0 951 172 0 707 719 902 455 0 209 81 127 368 593 165 38 300 698 463 166 595 308 881 701 685 46 940 30 646 0 175 893 35 0 0 0 923 450 426 212 611 541 0 0 264 166 159 720 912 566 607 387 467 0 7 0 598 999 803 703 396 661 13 125 0 0 0 578 990 0 331 0 0 865 516 0 0 535 0 647 397 695 518 451 741 207 451 0 0 224 
0 90 552 386 183 0 328 0 0 915 0 0 0 838 56 556 815 818 255 16 615 835 198 0 992 5 0 717 0 980 0 0 227 110 853 0 0 603 0 0 0 478 534 0 523 782 957 98 681 401 0 0 258 322 976 955 646 808 343 168 310 476 0 886 141 230 337 214 0 780 699 989 574 736 0 0 642 634 0 247 248 478 723 199 180 96 7 445 418 715 610 55 0 940 333 535 791 230 0 472 661 82 869 657 0 395 0 638 125 34 58 291 0 198 442 822 821 0 778 968 176 769 22 0 291 185 
351 57 948 590 756 744 0 0 0 820 546 0 156 329 456 137 182 0 671 0 611 71 327 0 651 568 788 0 956 304 883 177 259 88 564 0 312 972 27 953 0 444 0 111 235 0 0 670 165 0 800 746 675 571 0 0 193 366 63 198 282 0 0 0 42 878 640 881 415 0 668 40 188 0 272 0 0 81 31 0 931 670 913 565 0 852 0 0 0 697 386 247 298 239 210 0 25 307 0 0 808 358 320 0 399 0 383 4 628 881 486 319 478 14 374 700 0 994 114 203 447 468 269 944 0 0 
0 0 252 683 420 0 241 915 820 0 0 0 0 562 526 824 0 450 51 458 0 702 804 862 0 227 899 301 611 432 397 0 592 0 105 0 576 439 1 956 0 476 881 318 66 0 455 371 32 0 877 962 0 588 0 0 359 649 346 357 0 0 271 273 0 794 923 0 0 114 760 309 608 292 0 317 0 888 15 167 560 591 0 940 658 0 116 144 0 834 0 0 383 149 945 331 629 0 169 0 846 0 0 266 132 823 169 562 0 458 151 740 716 610 232 483 564 0 161 0 0 862 0 739 466 571 
493 246 295 249 695 453 0 0 546 0 0 80 14 911 840 146 897 0 0 134 558 949 637 510 24 764 886 627 913 214 0 815 0 902 495 771 0 72 0 279 387 752 0 153 488 0 696 342 974 0 0 505 0 158 177 359 204 0 701 546 42 313 0 539 0 870 65 62 625 0 0 329 0 741 0 445 74 285 528 981 0 0 227 587 97 817 0 105 618 742 47 0 74 868 274 649 0 253 928 315 191 0 203 0 45 506 384 13 473 0 0 0 974 0 883 671 319 430 477 917 328 993 123 0 820 78 
915 73 358 597 0 909 310 0 0 0 80 0 18 945 0 369 998 857 520 289 0 0 436 581 596 0 748 172 872 0 0 991 119 504 292 892 993 428 0 763 106 361 897 131 27 0 992 585 51 0 29 0 784 156 385 719 0 771 648 0 0 276 0 966 591 545 935 880 886 825 356 307 204 899 350 888 843 0 777 373 957 817 840 0 0 964 0 273 881 0 833 627 827 106 225 254 51 926 0 0 0 0 430 280 0 83 0 286 0 0 454 0 0 0 283 707 546 183 164 453 0 237 694 582 449 141 
602 0 354 207 0 0 0 0 156 0 14 18 0 222 378 226 0 0 253 0 908 4 0 0 891 940 0 366 487 0 33 898 320 896 0 0 282 1 0 973 877 725 538 275 583 402 0 0 0 482 41 365 508 680 0 0 380 793 301 126 0 613 43 315 494 595 183 0 687 0 0 809 848 851 0 152 633 961 721 440 970 0 867 366 129 0 426 492 278 958 706 309 247 397 783 485 0 250 703 188 443 959 0 294 628 301 636 961 423 212 582 415 648 848 802 0 0 215 983 924 0 506 489 227 155 614 
839 908 725 282 426 169 196 838 329 562 911 945 222 0 184 374 159 67 665 707 272 624 79 943 67 273 45 463 0 764 0 221 646 149 0 79 184 734 287 0 0 927 8 480 618 144 809 0 784 461 38 525 331 103 76 243 862 0 662 0 205 221 95 289 103 443 308 654 520 714 431 797 29 0 948 336 581 253 270 411 863 0 496 80 239 0 924 777 0 522 954 226 654 0 0 784 184 430 415 0 0 631 208 0 287 0 523 724 328 781 635 620 876 160 0 798 0 794 0 185 0 30 761 567 605 0 
0 0 0 558 772 631 0 56 456 526 840 0 378 184 0 0 0 470 0 6 0 144 554 495 149 780 697 0 0 143 0 953 0 0 567 428 0 941 169 50 0 0 0 9 995 992 985 787 0 0 91 0 920 779 783 0 474 0 844 536 222 893 117 0 867 60 0 885 115 528 91 0 15 0 879 0 697 771 636 0 345 0 440 743 94 0 0 236 854 0 758 568 882 0 31 876 386 0 0 0 121 868 0 0 294 246 330 970 373 389 156 590 833 258 0 249 83 996 465 285 843 170 666 0 994 86 
0 400 455 862 0 972 468 556 137 824 146 369 226 374 0 0 889 678 741 0 0 465 636 0 390 196 996 0 0 95 0 91 0 0 483 535 799 236 476 178 0 401 276 475 830 0 168 0 813 523 704 662 924 0 230 0 668 53 0 122 428 362 105 550 594 674 249 0 0 48 225 906 755 410 994 788 40 637 0 627 66 0 799 465 0 666 715 699 675 193 500 811 0 0 27 762 754 821 507 0 226 622 542 82 0 853 426 531 1 0 0 6 393 330 3 149 0 851 910 498 304 0 286 23 706 965 
0 0 94 479 335 0 0 815 182 0 897 998 0 159 0 889 0 229 0 509 175 503 0 12 778 492 353 313 713 375 370 0 507 0 561 0 0 0 633 0 717 0 475 0 697 115 634 0 0 125 150 760 192 577 0 396 0 200 0 635 818 73 849 0 185 615 0 492 0 80 396 0 131 447 476 451 0 663 514 219 0 942 537 33 0 389 422 172 644 388 25 500 0 507 861 0 68 695 269 911 670 0 938 0 0 427 498 0 894 889 598 0 96 398 236 635 47 730 345 638 336 0 145 484 954 391 
0 0 516 82 140 533 514 818 0 450 0 857 0 67 470 678 229 0 743 591 635 936 519 323 760 158 0 0 47 259 338 0 0 244 183 0 0 0 0 0 375 0 689 639 588 497 169 0 905 0 779 0 632 0 115 860 780 0 806 531 0 410 549 248 656 0 534 793 521 885 180 501 442 0 168 549 572 817 125 633 506 858 0 0 314 540 10 183 0 159 609 873 244 0 328 0 205 0 881 0 927 277 25 88 27 498 385 0 0 568 482 0 0 960 332 170 707 132 487 18 37 0 172 370 0 336 
0 213 336 811 302 221 211 255 671 51 0 520 253 665 0 741 0 743 0 619 956 0 0 685 0 360 74 0 161 0 793 613 137 0 366 0 310 31 309 168 628 0 279 359 257 437 0 612 373 372 0 4 399 199 686 547 36 0 817 316 996 0 785 329 658 742 758 904 111 243 0 0 0 646 479 0 480 475 256 0 81 328 723 0 0 570 0 0 801 0 430 667 0 810 495 761 823 515 0 0 402 344 788 502 893 810 0 421 650 0 624 708 344 228 906 751 0 978 637 113 398 0 950 454 611 384 
637 351 0 0 0 72 518 16 0 458 134 289 0 707 6 0 509 591 619 0 982 752 0 854 920 291 41 117 0 0 0 314 0 0 768 884 592 642 48 0 0 877 875 492 370 0 431 28 25 491 0 0 309 615 55 677 0 252 0 104 501 0 914 9 278 0 570 178 905 111 558 621 96 0 311 116 994 0 255 809 539 654 248 162 873 0 0 435 111 814 566 747 410 990 0 0 217 0 738 303 809 607 690 322 0 14 29 109 0 727 619 0 757 0 0 726 979 309 168 198 668 673 308 840 0 942 
445 355 0 366 287 779 96 615 611 0 558 0 908 272 0 0 175 635 956 982 0 540 684 848 0 793 787 0 791 0 481 864 731 385 252 0 675 0 433 718 0 556 898 266 933 571 0 0 9 369 16 0 0 222 0 780 247 21 346 0 994 716 937 184 0 209 867 558 286 665 0 773 277 586 345 893 746 50 0 410 614 368 410 0 0 132 450 962 0 851 0 320 0 0 0 496 573 502 0 647 87 79 657 486 558 981 0 19 105 0 334 930 0 134 0 381 11 516 0 792 887 0 316 964 76 913 
987 984 731 292 774 623 421 835 71 702 949 0 4 624 144 465 503 936 0 752 540 0 745 0 586 51 117 503 0 170 928 88 914 146 252 0 338 823 465 845 0 665 942 940 533 268 829 0 485 0 0 937 0 12 669 740 0 0 0 0 760 763 0 740 183 964 684 457 778 129 94 911 814 70 248 542 0 364 702 710 350 542 343 806 0 892 584 900 253 840 0 0 515 426 97 895 380 0 0 978 23 555 848 576 872 787 0 348 617 867 961 685 0 483 79 117 734 525 548 919 345 978 714 744 0 752 
99 974 115 296 0 584 0 198 327 804 637 436 0 79 554 636 0 519 0 0 684 745 0 0 485 937 733 174 140 98 51 397 527 695 0 771 967 645 0 735 0 521 51 869 125 11 334 601 503 425 370 404 120 0 0 135 697 633 0 15 0 906 344 888 819 918 478 0 29 252 490 0 56 585 172 0 969 525 585 905 719 925 424 607 266 840 0 36 667 781 285 915 730 245 469 0 0 655 285 996 0 183 854 559 685 747 0 947 0 0 194 0 0 136 81 614 0 0 405 153 144 725 306 982 120 0 
0 257 873 988 846 953 414 0 0 862 510 581 0 943 495 0 12 323 685 854 848 0 0 0 525 719 955 773 649 936 296 915 387 99 967 243 673 577 332 260 0 0 0 641 987 290 546 890 106 0 0 0 142 399 356 398 386 310 0 386 450 457 809 33 882 153 0 540 382 193 706 805 54 906 496 636 749 839 483 636 618 804 686 0 184 109 0 784 281 923 115 210 662 0 348 0 59 280 913 342 214 690 140 249 186 600 0 264 404 285 0 888 65 0 43 366 938 718 902 976 678 876 0 348 0 774 
0 44 931 894 0 914 270 992 651 0 24 596 891 67 149 390 778 760 0 920 0 586 485 525 0 179 0 868 628 334 879 126 972 0 589 591 949 0 0 984 483 0 146 980 8 528 278 380 806 125 119 798 831 475 604 484 213 0 573 0 0 0 94 0 263 510 809 132 204 936 673 957 865 0 408 747 865 0 427 789 880 709 317 150 0 299 274 942 682 274 588 539 0 619 265 102 0 0 272 641 394 0 772 861 221 545 636 71 133 665 310 456 0 942 0 65 321 0 731 55 217 51 54 968 789 291 
642 89 220 506 882 0 147 5 568 227 764 0 940 273 780 196 492 158 360 291 793 51 937 719 179 0 429 875 942 935 806 0 440 0 607 0 190 717 260 693 725 43 405 508 925 221 108 390 953 208 424 488 457 153 0 0 277 602 0 416 28 69 591 0 0 339 64 946 470 365 803 776 0 102 934 204 0 607 0 8 188 362 627 678 612 933 596 217 275 0 0 366 0 560 0 511 274 906 935 0 623 992 823 266 296 0 841 0 788 0 0 464 727 0 258 229 0 250 32 951 771 659 742 534 0 750 
201 633 229 79 918 214 578 0 788 899 886 748 0 45 697 996 353 0 74 41 787 117 733 955 0 429 0 347 903 33 306 953 896 227 837 733 604 0 0 603 201 184 546 0 571 18 25 111 46 194 491 0 326 611 480 132 0 958 231 220 700 704 718 619 0 276 101 747 951 618 95 0 852 957 608 453 253 186 499 13 701 148 497 713 771 0 836 594 349 413 978 728 610 0 571 538 383 411 374 0 0 464 886 409 699 729 63 0 118 997 580 159 515 799 215 99 0 348 0 730 0 51 223 0 48 193 
702 557 0 713 320 721 0 717 0 301 627 172 366 463 0 0 313 0 0 117 0 503 174 773 868 875 347 0 657 893 0 711 914 207 450 647 824 488 982 138 108 571 69 138 819 18 546 0 376 213 550 802 137 0 301 857 626 36 0 752 869 0 897 508 230 258 491 0 791 0 0 0 230 769 0 380 605 723 763 688 78 884 832 578 0 243 657 0 0 161 0 114 343 585 909 684 256 0 0 816 0 0 533 595 0 98 630 611 842 0 851 0 0 957 235 478 535 566 372 314 266 597 964 98 144 98 
30 696 0 804 492 501 918 0 956 611 913 872 487 0 0 0 713 47 161 0 791 0 140 649 628 942 903 657 0 664 255 976 0 0 0 0 677 0 633 505 821 122 564 738 75 0 338 179 998 804 720 154 134 800 639 538 596 0 0 444 531 0 972 142 690 747 915 345 722 445 19 866 0 247 0 0 0 404 922 562 352 0 186 131 134 15 196 0 24 231 0 0 0 821 295 0 399 919 31 0 0 397 756 464 180 978 110 0 0 515 0 823 166 624 0 378 47 63 61 482 98 978 233 0 833 0 
267 0 0 0 0 0 212 980 304 432 214 0 0 764 143 95 375 259 0 0 0 170 98 936 334 935 33 893 664 0 267 307 175 492 627 0 283 799 383 0 327 242 331 254 296 856 743 423 910 510 319 263 145 0 0 228 570 657 209 849 0 307 216 443 605 0 195 593 165 298 452 0 215 939 758 902 191 246 671 480 263 171 0 528 573 91 152 355 0 0 21 115 909 0 0 445 333 0 857 0 963 984 745 0 844 244 635 0 0 0 318 0 877 45 491 0 543 15 853 0 924 920 187 412 714 360 
131 268 0 34 137 0 172 0 883 397 0 0 33 0 0 0 370 338 793 0 481 928 51 296 879 806 306 0 255 267 0 439 269 250 274 92 0 501 660 0 701 723 0 0 365 349 132 19 887 383 689 502 329 0 856 367 564 607 46 0 386 446 979 736 209 723 92 636 41 389 0 638 0 332 0 485 0 0 711 682 810 51 874 267 754 967 0 570 66 347 202 25 401 0 771 701 215 93 114 910 72 727 0 0 0 139 689 0 593 283 788 826 692 560 100 305 240 898 720 166 787 820 181 649 41 211 
439 0 690 0 0 133 26 0 177 0 815 991 898 221 953 91 0 0 613 314 864 88 397 915 126 0 953 711 976 307 439 0 911 193 0 961 261 0 940 3 428 41 244 274 403 209 572 135 578 259 0 132 631 664 124 7 50 792 90 0 915 176 244 589 0 0 64 156 859 0 972 0 611 870 223 308 297 872 904 0 328 971 633 67 116 716 930 445 889 977 171 26 596 678 275 413 848 636 78 0 634 174 0 71 207 722 145 436 137 146 0 474 990 537 776 73 485 0 866 901 765 960 894 46 921 80 
944 924 0 0 798 383 212 227 259 592 0 119 320 646 0 0 507 0 137 0 731 914 527 387 972 440 896 914 0 175 269 911 0 340 154 116 543 142 499 0 0 0 0 360 272 307 0 0 974 234 674 702 401 0 0 896 857 779 757 0 52 321 0 744 0 667 0 507 0 104 807 70 700 819 0 977 0 387 0 120 625 0 437 0 131 693 283 0 0 218 961 981 950 346 130 232 33 254 545 571 696 242 605 201 833 261 943 62 673 0 989 351 603 677 0 0 959 0 0 691 294 658 104 0 568 47 
379 665 347 0 311 0 350 110 88 0 902 504 896 149 0 0 0 244 0 0 385 146 695 99 0 0 227 207 0 492 250 193 340 0 871 443 865 0 0 565 0 374 0 679 0 768 981 12 0 571 0 0 57 0 91 0 0 495 937 248 0 665 547 730 0 688 0 629 847 0 0 768 406 531 0 64 0 742 406 447 400 0 313 919 468 3 338 180 241 0 0 0 690 184 870 0 225 0 0 549 931 11 350 851 0 721 0 40 703 611 218 0 572 0 605 145 0 209 326 368 0 0 774 459 535 271 
0 553 0 415 0 638 601 853 564 105 495 292 0 0 567 483 561 183 366 768 252 252 0 967 589 607 837 450 0 627 274 0 154 871 0 5 284 41 0 884 848 0 534 454 615 0 806 137 882 0 0 556 453 903 890 655 841 266 0 225 152 0 724 688 0 468 601 407 0 581 384 49 0 229 612 947 613 737 974 905 0 425 724 312 89 42 893 167 551 0 901 341 0 708 0 290 996 0 453 0 0 0 314 768 957 169 701 0 676 854 12 685 906 941 311 545 702 0 599 64 645 0 971 166 24 0 
762 0 0 736 751 0 456 0 0 0 771 892 0 79 428 535 0 0 0 884 0 0 771 243 591 0 733 647 0 0 92 961 116 443 5 0 432 784 6 190 967 889 0 739 182 583 360 586 0 740 159 466 716 82 534 0 280 97 104 711 129 975 862 0 617 329 0 261 0 600 71 951 0 633 431 564 241 235 0 889 128 146 0 0 0 0 348 39 578 886 280 333 3 0 115 0 921 755 915 441 0 364 599 214 46 779 0 835 401 432 795 724 0 852 0 390 78 0 761 691 386 922 302 910 756 0 
176 73 988 499 844 488 0 0 312 576 0 993 282 184 0 799 0 0 310 592 675 338 967 673 949 190 604 824 677 283 0 261 543 865 284 432 0 0 14 353 751 299 54 0 131 539 751 0 327 416 58 0 0 385 656 0 0 0 39 996 994 0 192 232 491 0 0 645 387 306 0 0 985 463 461 0 27 243 835 0 613 97 71 308 0 0 354 0 205 942 356 928 126 351 0 304 420 41 858 0 882 419 475 0 727 533 780 830 0 274 580 268 160 0 232 919 888 0 0 0 611 444 336 747 780 546 
693 541 678 0 574 144 951 603 972 439 72 428 1 734 941 236 0 0 31 642 0 823 645 577 0 717 0 488 0 799 501 0 142 0 41 784 0 0 763 541 318 0 253 0 839 96 172 81 0 0 0 258 815 826 0 680 356 0 0 0 0 0 343 0 0 905 711 8 0 119 0 0 438 174 0 923 174 279 727 0 967 86 213 0 316 538 654 480 379 383 974 635 899 662 790 0 0 728 72 0 371 113 0 440 88 215 126 0 456 776 0 238 433 684 924 0 0 631 880 570 109 673 0 591 383 3 
350 0 922 19 147 863 172 0 27 1 0 0 0 287 169 476 633 0 309 48 433 465 0 332 0 260 0 982 633 383 660 940 499 0 0 6 14 763 0 524 723 109 271 814 137 913 63 923 470 0 34 44 427 309 335 254 156 914 672 436 970 597 0 778 134 0 343 845 0 547 0 0 141 594 451 872 763 937 982 903 80 207 170 0 914 645 316 916 696 854 542 773 636 496 219 403 769 124 469 998 0 544 128 802 0 0 0 83 940 51 233 147 0 0 932 669 646 851 0 820 423 247 695 0 94 554 
612 804 357 125 147 394 0 0 953 956 279 763 973 0 50 178 0 0 168 0 718 845 735 260 984 693 603 138 505 0 0 3 0 565 884 190 353 541 524 0 793 692 849 0 0 592 635 532 808 967 601 370 96 633 134 746 537 870 340 191 38 141 154 0 617 616 229 0 142 574 0 0 477 60 906 850 0 0 241 844 0 815 899 348 0 663 452 709 0 670 147 766 991 86 226 716 0 690 0 0 121 0 569 829 0 708 399 721 151 0 869 534 916 185 69 161 559 0 13 755 859 2 722 756 431 997 
240 887 0 0 233 0 707 0 0 0 387 106 877 0 0 0 717 375 628 0 0 0 0 0 483 725 201 108 821 327 701 428 0 0 848 967 751 318 723 793 0 0 187 0 737 542 9 0 494 830 0 322 290 582 847 951 616 325 0 673 999 416 454 411 369 0 0 940 967 667 442 882 335 227 277 685 515 814 914 427 720 748 850 60 799 486 0 0 0 802 972 740 820 0 568 933 0 0 674 0 134 421 318 917 357 876 916 0 792 525 509 51 259 895 73 556 641 298 633 0 840 938 630 566 223 789 
142 602 143 4 14 762 719 478 444 476 752 361 725 927 0 401 0 0 0 877 556 665 521 0 0 43 184 571 122 242 723 41 0 374 0 889 299 0 109 692 0 0 0 782 706 998 0 0 0 952 920 964 0 39 737 337 249 153 983 425 937 243 71 198 557 776 0 746 190 220 549 0 955 486 0 795 962 959 272 470 290 66 781 14 847 50 0 748 23 522 0 833 0 691 928 729 798 931 208 888 223 732 0 340 551 0 876 716 302 519 553 220 281 392 0 96 509 0 337 267 794 919 750 544 185 434 
131 252 0 91 878 402 902 534 0 881 0 897 538 8 0 276 475 689 279 875 898 942 51 0 146 405 546 69 564 331 0 244 0 0 534 0 54 253 271 849 187 0 0 0 0 31 865 0 44 684 841 881 0 84 907 592 349 978 582 0 256 23 154 316 0 99 261 831 418 864 334 193 337 66 0 0 575 0 0 458 0 0 915 251 0 916 187 0 0 489 609 856 0 924 176 136 298 0 0 621 630 10 0 798 0 834 588 84 0 0 558 579 520 4 852 889 0 927 748 519 272 0 182 105 321 481 
0 537 806 0 0 310 455 0 111 318 153 131 275 480 9 475 0 639 359 492 266 940 869 641 980 508 0 138 738 254 0 274 360 679 454 739 0 0 814 0 0 782 0 0 623 248 267 187 0 757 0 0 951 799 251 0 401 814 491 404 449 818 0 280 2 0 0 0 354 286 0 10 642 0 885 545 703 614 632 506 565 871 0 0 0 0 48 936 303 299 889 753 679 147 526 402 0 229 154 897 0 700 735 838 865 664 340 942 39 0 64 291 64 404 364 507 148 627 682 0 397 159 0 933 396 0 
216 976 721 324 44 622 0 523 235 66 488 27 583 618 995 830 697 588 257 370 933 533 125 987 8 925 571 819 75 296 365 403 272 0 615 182 131 839 137 0 737 706 0 623 0 0 926 591 404 208 213 0 535 227 476 42 930 0 753 0 983 544 0 525 430 943 359 993 277 907 771 567 143 430 469 358 0 159 65 352 636 487 315 211 988 751 826 800 537 996 0 372 0 863 709 871 0 494 358 371 91 757 137 118 0 466 714 197 672 770 898 0 0 342 0 0 157 293 361 484 0 56 910 85 961 511 
804 344 460 785 96 0 209 782 0 0 0 0 402 144 992 0 115 497 437 0 571 268 11 290 528 221 18 18 0 856 349 209 307 768 0 583 539 96 913 592 542 998 31 248 0 0 390 0 279 139 0 687 122 389 569 663 0 292 124 179 4 508 807 291 954 0 0 985 788 974 121 503 130 747 0 0 958 203 0 316 780 75 0 0 566 65 696 845 184 908 622 0 541 169 0 845 531 264 0 687 790 587 30 569 718 0 498 0 58 910 509 45 247 554 878 0 99 760 825 542 631 597 917 739 309 778 
947 305 0 0 0 0 81 957 0 455 696 992 0 809 985 168 634 169 0 431 0 829 334 546 278 108 25 546 338 743 132 572 0 981 806 360 751 172 63 635 9 0 865 267 926 390 0 900 0 926 475 841 265 421 929 0 854 558 97 207 817 295 225 146 0 0 565 539 531 86 396 62 0 314 291 911 174 692 0 39 89 0 0 555 222 0 783 72 0 288 966 907 38 8 489 773 927 0 187 0 305 0 883 0 0 0 0 726 336 173 566 824 24 608 0 433 0 0 43 448 878 691 795 380 881 917 
581 975 427 211 787 0 127 98 670 371 342 585 0 0 787 0 0 0 612 28 0 0 601 890 380 390 111 0 179 423 19 135 0 12 137 586 0 81 923 532 0 0 0 187 591 0 900 0 476 689 0 525 857 192 351 73 167 440 383 423 140 953 637 0 0 885 0 678 331 784 0 674 447 0 382 627 215 786 859 138 812 0 604 6 907 367 531 298 886 202 799 217 978 746 185 921 155 548 870 70 127 727 457 86 41 795 0 0 0 108 21 656 118 789 696 298 587 0 881 942 757 994 966 421 280 492 
572 0 446 680 0 0 368 681 165 32 974 51 0 784 0 813 0 905 373 25 9 485 503 106 806 953 46 376 998 910 887 578 974 0 882 0 327 0 470 808 494 0 44 0 404 279 0 476 0 404 431 0 914 30 0 994 0 488 80 0 0 670 272 0 909 286 876 865 0 0 802 716 0 783 396 0 916 0 566 392 817 551 972 51 43 6 447 604 549 96 87 549 0 0 0 540 0 234 715 0 749 0 695 864 354 787 513 848 0 0 806 345 0 0 215 765 827 277 196 523 463 29 207 0 760 678 
0 0 953 591 143 0 593 401 0 0 0 0 482 461 0 523 125 0 372 491 369 0 425 0 125 208 194 213 804 510 383 259 234 571 0 740 416 0 0 967 830 952 684 757 208 139 926 689 404 0 485 771 27 557 272 710 0 452 20 0 164 347 0 713 311 72 583 0 447 687 534 429 632 962 282 0 976 433 756 458 576 955 483 98 383 997 0 981 269 339 892 317 978 0 500 422 244 778 0 0 33 768 718 624 620 136 643 121 150 181 647 499 0 195 834 0 0 908 717 615 624 0 323 806 313 0 
382 793 424 954 926 690 165 0 800 877 0 29 41 38 91 704 150 779 0 0 16 0 370 0 119 424 491 550 720 319 689 0 674 0 0 159 58 0 34 601 0 920 841 0 213 0 475 0 431 485 0 0 0 0 51 467 0 590 889 914 335 388 0 0 64 267 238 0 853 161 338 440 990 971 0 304 312 32 959 784 547 0 0 977 335 471 0 800 191 355 17 320 0 0 0 0 0 18 0 0 0 0 839 412 0 963 945 979 502 769 0 689 790 915 553 0 936 675 483 805 0 395 314 199 0 757 
0 148 184 973 0 0 38 0 746 962 505 0 365 525 0 662 760 0 4 0 0 937 404 0 798 488 0 802 154 263 502 132 702 0 556 466 0 258 44 370 322 964 881 0 0 687 841 525 0 771 0 0 138 0 618 567 0 0 318 928 0 687 696 252 0 722 84 791 808 264 434 317 757 231 266 234 852 283 0 358 530 485 81 0 530 231 0 627 0 23 700 79 402 582 331 280 415 132 0 753 198 960 0 0 516 661 314 326 3 0 0 660 0 43 570 211 458 358 457 0 19 609 0 103 710 606 
218 937 0 0 692 654 300 258 675 0 0 784 508 331 920 924 192 632 399 309 0 0 120 142 831 457 326 137 134 145 329 631 401 57 453 716 0 815 427 96 290 0 0 951 535 122 265 857 914 27 0 138 0 535 381 839 758 228 435 953 998 531 599 420 0 882 298 291 0 504 911 722 662 982 629 565 22 153 0 0 129 661 279 289 53 584 980 449 765 154 0 987 0 642 751 288 0 623 0 230 860 908 554 379 0 0 370 379 396 0 634 725 939 535 182 551 645 973 0 725 0 0 750 0 252 0 
0 519 0 106 853 0 698 322 571 588 158 156 680 103 779 0 577 0 199 615 222 12 0 399 475 153 611 0 800 0 0 664 0 0 903 82 385 826 309 633 582 39 84 799 227 389 421 192 30 557 0 0 535 0 819 0 0 564 67 777 606 151 91 0 0 0 123 437 38 677 852 452 758 868 0 519 219 406 717 538 0 21 772 633 163 109 0 713 839 705 686 0 0 641 416 0 95 0 231 0 792 867 675 942 0 583 84 838 133 0 945 886 609 640 997 0 661 906 972 0 719 143 573 688 0 301 
227 0 0 198 561 54 463 976 0 0 177 385 0 76 783 230 0 115 686 55 0 669 0 356 604 0 480 301 639 0 856 124 0 91 890 534 656 0 335 134 847 737 907 251 476 569 929 351 0 272 51 618 381 819 0 891 0 0 615 34 0 734 755 515 226 0 0 801 315 587 33 924 0 474 232 821 810 780 0 720 818 0 420 0 373 0 584 657 984 0 0 0 686 690 378 463 994 596 108 898 581 860 0 451 407 498 705 80 0 204 984 912 0 652 721 431 406 543 274 455 708 667 900 237 677 139 
332 662 0 0 872 823 166 955 0 0 359 719 0 243 0 0 396 860 547 677 780 740 135 398 484 0 132 857 538 228 367 7 896 0 655 0 0 680 254 746 951 337 592 0 42 663 0 73 994 710 467 567 839 0 891 0 0 424 979 0 361 997 545 570 0 0 0 691 415 0 752 968 199 0 476 0 320 0 0 0 389 0 862 557 492 0 830 0 255 476 486 0 311 378 0 762 608 96 732 0 527 770 848 975 174 924 537 245 0 0 246 0 98 879 30 0 418 0 624 962 451 833 0 231 0 0 
199 0 156 0 406 852 595 646 193 359 204 0 380 862 474 668 0 780 36 0 247 0 697 386 213 277 0 626 596 570 564 50 857 0 841 280 0 356 156 537 616 249 349 401 930 0 854 167 0 0 0 0 758 0 0 0 0 986 0 922 199 269 0 176 854 0 343 47 682 756 0 0 659 647 493 0 199 679 0 807 0 359 0 896 759 861 131 859 0 359 913 210 0 262 669 21 849 938 543 636 0 584 568 973 716 770 519 252 669 0 868 499 476 377 0 704 141 473 868 0 62 782 553 0 246 8 
119 75 0 0 0 0 308 808 366 649 0 771 793 0 0 53 200 0 0 252 21 0 633 310 0 602 958 36 0 657 607 792 779 495 266 97 0 0 914 870 325 153 978 814 0 292 558 440 488 452 590 0 228 564 0 424 986 0 208 0 831 646 392 634 351 0 0 717 763 0 192 0 750 0 647 0 674 0 638 396 502 0 778 973 0 0 816 944 682 0 226 317 342 560 0 53 0 0 775 703 529 92 840 659 240 446 909 664 415 468 0 105 486 134 39 57 343 150 864 152 658 439 913 203 380 600 
350 0 172 0 0 858 881 343 63 346 701 648 301 662 844 0 0 806 817 0 346 0 0 0 573 0 231 0 0 209 46 90 757 937 0 104 39 0 672 340 0 983 582 491 753 124 97 383 80 20 889 318 435 67 615 979 0 208 0 0 961 406 221 241 890 396 8 503 0 0 738 0 355 0 180 906 870 791 811 0 0 155 0 0 953 0 45 799 322 0 362 358 177 942 0 782 0 688 457 0 901 0 797 812 304 974 327 0 0 148 913 679 0 163 394 401 380 720 781 577 0 568 842 220 233 933 
334 0 950 40 0 570 701 168 198 357 546 0 126 0 536 122 635 531 316 104 0 0 15 386 0 416 220 752 444 849 0 0 0 248 225 711 996 0 436 191 673 425 0 404 0 179 207 423 0 0 914 928 953 777 34 0 922 0 0 0 0 132 0 0 5 439 413 757 384 0 0 0 732 365 46 0 588 0 0 388 874 1 275 489 820 150 812 662 890 185 875 157 934 898 238 999 110 898 830 181 799 0 810 0 291 582 880 309 649 0 0 87 0 0 403 0 0 0 0 477 47 226 902 0 0 0 
569 0 63 797 124 607 685 310 282 0 42 0 0 205 222 428 818 0 996 501 994 760 0 450 0 28 700 869 531 0 386 915 52 0 152 129 994 0 970 38 999 937 256 449 983 4 817 140 0 164 335 0 998 606 0 361 199 831 961 0 0 439 96 357 0 483 182 632 210 541 468 617 885 199 942 0 713 592 0 802 0 456 0 228 538 696 0 222 536 0 985 0 206 880 698 591 0 170 617 0 899 129 965 485 0 0 656 653 238 0 685 122 240 309 238 0 75 0 193 397 251 0 673 214 288 0 
977 77 914 953 354 0 46 476 0 0 313 276 613 221 893 362 73 410 0 0 716 763 906 457 0 69 704 0 0 307 446 176 321 665 0 975 0 0 597 141 416 243 23 818 544 508 295 953 670 347 388 687 531 151 734 997 269 646 406 132 439 0 778 64 354 667 0 621 0 0 576 0 886 0 248 687 798 0 0 168 0 315 840 825 640 240 767 79 100 574 405 814 774 0 717 595 499 0 0 952 944 339 415 381 170 0 742 0 407 391 700 851 171 315 881 520 0 255 526 819 251 0 171 86 0 950 
536 0 807 293 934 255 940 0 0 271 0 0 43 95 117 105 849 549 785 914 937 0 344 809 94 591 718 897 972 216 979 244 0 547 724 862 192 343 0 154 454 71 154 0 0 807 225 637 272 0 0 696 599 91 755 545 0 392 221 0 96 778 0 267 0 0 7 930 0 583 27 83 92 536 0 281 105 0 0 743 470 0 641 433 777 0 906 184 0 0 419 560 89 299 405 615 454 60 169 0 602 995 567 0 916 59 661 633 497 0 0 96 0 0 913 93 490 490 944 423 0 618 0 214 867 792 
105 71 0 444 0 0 30 886 0 273 539 966 315 289 0 550 0 248 329 9 184 740 888 33 0 0 619 508 142 443 736 589 744 730 688 0 232 0 778 0 411 198 316 280 525 291 146 0 0 713 0 252 420 0 515 570 176 634 241 0 357 64 267 0 0 719 901 127 633 0 506 0 272 866 306 0 693 40 882 125 693 927 0 0 800 341 500 0 33 806 0 909 653 747 0 615 213 636 223 972 0 55 761 885 542 0 864 173 70 413 828 496 242 0 0 521 498 19 0 620 442 398 0 509 0 277 
976 668 554 916 211 907 646 141 42 0 0 591 494 103 867 594 185 656 658 278 0 183 819 882 263 0 0 230 690 605 209 0 0 0 0 617 491 0 134 617 369 557 0 2 430 954 0 0 909 311 64 0 0 0 226 0 854 351 890 5 0 354 0 0 0 39 427 121 917 0 572 0 720 970 513 251 750 954 54 843 114 107 831 642 591 719 477 0 569 902 0 638 7 512 952 0 621 160 86 712 748 874 650 905 0 816 267 0 100 782 0 0 636 22 127 0 961 155 0 104 536 992 104 838 325 0 
0 0 0 0 0 697 0 230 878 794 870 545 595 443 60 674 615 0 742 0 209 964 918 153 510 339 276 258 747 0 723 0 667 688 468 329 0 905 0 616 0 776 99 0 943 0 0 885 286 72 267 722 882 0 0 0 0 0 396 439 483 667 0 719 39 0 341 516 0 0 349 70 103 424 0 330 0 0 210 0 347 386 378 751 0 972 717 0 106 741 0 0 40 521 152 0 450 0 0 0 0 398 163 240 48 854 1 227 287 933 0 389 0 0 659 0 664 0 0 723 178 364 954 812 0 0 
10 857 102 301 0 569 175 337 640 923 65 935 183 308 0 249 0 534 758 570 867 684 478 0 809 64 101 491 915 195 92 64 0 0 601 0 0 711 343 229 0 0 261 0 359 0 565 0 876 583 238 84 298 123 0 0 343 0 8 413 182 0 7 901 427 341 0 0 626 421 159 903 558 562 0 354 335 713 0 0 997 897 113 895 646 0 719 669 0 0 670 922 666 334 911 0 0 941 347 0 688 10 706 432 674 83 120 525 818 951 0 0 636 746 0 658 0 753 768 0 442 983 615 584 0 238 
258 469 0 805 0 111 893 214 881 0 62 880 0 654 885 0 492 793 904 178 558 457 0 540 132 946 747 0 345 593 636 156 507 629 407 261 645 8 845 0 940 746 831 0 993 985 539 678 865 0 0 791 291 437 801 691 47 717 503 757 632 621 930 127 121 516 0 0 477 634 611 0 323 707 623 255 144 428 51 227 708 699 246 169 581 619 612 643 23 0 31 0 0 556 0 953 125 4 633 0 149 0 293 333 549 0 27 795 536 377 689 396 275 445 823 982 629 0 636 537 0 973 766 254 838 0 
861 391 783 0 929 271 35 0 415 0 625 886 687 520 115 0 0 521 111 905 286 778 29 382 204 470 951 791 722 165 41 859 0 847 0 0 387 0 0 142 967 190 418 354 277 788 531 331 0 447 853 808 0 38 315 415 682 763 0 384 210 0 0 633 917 0 626 477 0 719 312 0 247 475 0 324 8 167 0 298 77 116 487 257 0 0 264 313 791 0 155 573 815 0 0 964 725 786 293 813 984 30 0 267 128 710 687 559 994 539 0 601 915 897 784 835 0 913 791 73 63 601 0 453 927 803 
0 342 819 0 507 547 0 780 0 114 0 825 0 714 528 48 80 885 243 111 665 129 252 193 936 365 618 0 445 298 389 0 104 0 581 600 306 119 547 574 667 220 864 286 907 974 86 784 0 687 161 264 504 677 587 0 756 0 0 0 541 0 583 0 0 0 421 634 719 0 0 411 0 0 164 0 0 979 773 411 558 828 205 0 182 0 182 0 0 0 0 0 608 805 872 0 424 0 145 0 0 298 929 0 755 507 378 0 5 339 952 862 800 119 493 921 995 20 388 677 527 587 968 148 48 530 
304 0 689 0 62 863 0 699 668 760 0 356 0 431 91 225 396 180 0 558 0 94 490 706 673 803 95 0 19 452 0 972 807 0 384 71 0 0 0 0 442 549 334 0 771 121 396 0 802 534 338 434 911 852 33 752 0 192 738 0 468 576 27 506 572 349 159 611 312 0 0 0 57 601 421 202 545 0 0 775 710 937 0 794 782 0 420 943 0 832 705 640 0 977 781 572 801 8 798 684 498 624 98 0 408 694 495 479 855 896 596 415 569 971 231 347 0 702 0 478 215 493 78 422 936 940 
980 149 423 879 476 0 0 989 40 309 329 307 809 797 0 906 0 501 0 621 773 911 0 805 957 776 0 0 866 0 638 0 70 768 49 951 0 0 0 0 882 0 193 10 567 503 62 674 716 429 440 317 722 452 924 968 0 0 0 0 617 0 83 0 0 70 903 0 0 411 0 0 0 989 669 660 0 429 103 67 726 406 357 1 76 721 303 0 286 23 764 913 0 437 753 318 865 703 20 466 703 829 0 0 845 559 442 326 711 398 275 257 783 989 696 538 631 0 797 336 0 629 570 673 458 192 
480 685 642 439 0 89 923 574 188 608 0 204 848 29 15 755 131 442 0 96 277 814 56 54 865 0 852 230 0 215 0 611 700 406 0 0 985 438 141 477 335 955 337 642 143 130 0 447 0 632 990 757 662 758 0 199 659 750 355 732 885 886 92 272 720 103 558 323 247 0 57 0 0 0 988 529 0 326 375 249 0 869 898 777 496 0 284 0 0 591 307 902 0 295 682 212 11 817 698 705 824 454 186 632 230 569 0 95 296 540 865 826 624 0 0 0 265 788 717 505 10 311 85 996 142 0 
924 261 0 0 765 0 450 736 0 292 741 899 851 0 0 410 447 0 646 0 586 70 585 906 0 102 957 769 247 939 332 870 819 531 229 633 463 174 594 60 227 486 66 0 430 747 314 0 783 962 971 231 982 868 474 0 647 0 0 365 199 0 536 866 970 424 562 707 475 0 601 989 0 0 653 759 651 155 0 0 656 381 770 597 19 941 621 104 98 262 253 0 918 959 0 0 0 0 23 847 992 401 0 0 0 625 0 0 852 395 634 725 875 975 0 839 245 270 480 313 594 597 176 708 0 416 
807 596 0 0 827 64 426 0 272 0 0 350 0 948 879 994 476 168 479 311 345 248 172 496 408 934 608 0 0 758 0 223 0 0 612 431 461 0 451 906 277 0 0 885 469 0 291 382 396 282 0 266 629 0 232 476 493 647 180 46 942 248 0 306 513 0 0 623 0 164 421 669 988 653 0 708 0 0 0 0 428 0 596 728 31 217 292 911 179 195 0 921 0 0 0 132 0 151 722 0 0 0 946 320 412 595 890 298 136 489 0 0 30 145 663 0 654 872 0 0 0 683 606 587 218 906 
835 0 681 568 330 996 212 0 0 317 445 888 152 336 0 788 451 549 0 116 893 542 0 636 747 204 453 380 0 902 485 308 977 64 947 564 0 923 872 850 685 795 0 545 358 0 911 627 0 0 304 234 565 519 821 0 0 0 906 0 0 687 281 0 251 330 354 255 324 0 202 660 529 759 708 0 949 718 0 291 485 342 721 760 124 764 0 86 297 0 690 625 3 130 0 819 0 0 856 308 127 506 0 266 898 38 765 0 449 0 377 375 661 0 577 0 614 432 134 0 793 314 205 140 38 261 
285 0 806 14 294 560 611 642 0 0 74 843 633 581 697 40 0 572 480 994 746 0 969 749 865 0 253 605 0 191 0 297 0 0 613 241 27 174 763 0 515 962 575 703 0 958 174 215 916 976 312 852 22 219 810 320 199 674 870 588 713 798 105 693 750 0 335 144 8 0 545 0 0 651 0 949 0 239 317 0 0 0 715 155 792 124 152 261 359 0 0 416 517 346 494 826 551 368 153 0 701 429 235 863 338 149 0 68 322 820 843 122 587 680 0 0 994 20 460 0 161 703 120 428 0 215 
178 0 652 0 496 0 541 634 81 888 285 0 961 253 771 637 663 817 475 0 50 364 525 839 0 607 186 723 404 246 0 872 387 742 737 235 243 279 937 0 814 959 0 614 159 203 692 786 0 433 32 283 153 406 780 0 679 0 791 0 592 0 0 40 954 0 713 428 167 979 0 429 326 155 0 718 239 0 48 823 767 36 117 591 416 0 803 801 868 52 832 662 0 969 597 106 0 506 0 385 281 245 366 788 104 433 785 344 56 0 7 303 0 0 838 612 185 765 502 713 577 0 0 550 860 809 
845 278 638 0 0 0 0 0 31 15 528 777 721 270 636 0 514 125 256 255 0 702 585 483 427 0 499 763 922 671 711 904 0 406 974 0 835 727 982 241 914 272 0 632 65 0 0 859 566 756 959 0 0 717 0 0 0 638 811 0 0 0 0 882 54 210 0 51 0 773 0 103 375 0 0 0 317 48 0 252 0 839 255 0 670 683 0 386 579 0 62 211 414 40 115 792 0 442 499 0 488 106 349 860 70 0 70 0 816 64 108 992 0 0 0 0 374 215 861 0 410 356 347 0 267 64 
962 388 0 0 697 877 0 247 0 167 981 373 440 411 0 627 219 633 0 809 410 710 905 636 789 8 13 688 562 480 682 0 120 447 905 889 0 0 903 844 427 470 458 506 352 316 39 138 392 458 784 358 0 538 720 0 807 396 0 388 802 168 743 125 843 0 0 227 298 411 775 67 249 0 0 291 0 823 252 0 599 0 210 893 0 0 992 763 0 710 142 0 144 433 196 115 0 0 325 143 962 309 0 367 0 0 638 732 536 31 882 616 182 285 692 40 945 0 973 0 22 268 393 106 166 31 
617 38 461 381 0 368 264 248 931 560 0 957 970 863 345 66 0 506 81 539 614 350 719 618 880 188 701 78 352 263 810 328 625 400 0 128 613 967 80 0 720 290 0 565 636 780 89 812 817 576 547 530 129 0 818 389 0 502 0 874 0 0 470 693 114 347 997 708 77 558 710 726 0 656 428 485 0 767 0 599 0 0 283 938 102 950 745 0 51 32 498 0 230 937 601 339 269 196 977 363 37 0 0 0 307 622 0 0 0 314 0 0 285 866 676 393 0 256 540 627 90 624 390 0 0 565 
935 0 389 0 640 589 166 478 670 591 0 817 0 0 0 0 942 858 328 654 368 542 925 804 709 362 148 884 0 171 51 971 0 0 425 146 97 86 207 815 748 66 0 871 487 75 0 0 551 955 0 485 661 21 0 0 359 0 155 1 456 315 0 927 107 386 897 699 116 828 937 406 869 381 0 342 0 36 839 0 0 0 0 226 62 772 233 334 302 613 212 269 75 0 256 310 346 0 153 322 0 0 230 0 466 0 0 689 936 385 105 846 0 430 975 0 858 300 635 882 0 0 432 0 198 599 
347 994 625 897 964 801 159 723 913 0 227 840 867 496 440 799 537 0 723 248 410 343 424 686 317 627 497 832 186 0 874 633 437 313 724 0 71 213 170 899 850 781 915 0 315 0 0 604 972 483 0 81 279 772 420 862 0 778 0 275 0 840 641 0 831 378 113 246 487 205 0 357 898 770 596 721 715 117 255 210 283 0 0 299 949 606 0 656 417 721 464 199 388 41 832 151 519 24 0 993 53 681 127 257 0 903 0 297 0 0 372 382 242 372 0 816 907 499 28 400 858 396 976 0 873 954 
823 414 376 540 698 334 720 199 565 940 587 0 366 80 743 465 33 0 0 162 0 806 607 0 150 678 713 578 131 528 267 67 0 919 312 0 308 0 0 348 60 14 251 0 211 0 555 6 51 98 977 0 289 633 0 557 896 973 0 489 228 825 433 0 642 751 895 169 257 0 794 1 777 597 728 760 155 591 0 893 938 226 299 0 492 121 985 625 625 177 0 310 919 58 0 367 833 32 0 295 981 562 691 0 366 0 737 624 59 943 194 382 0 932 751 65 953 0 398 651 0 213 42 803 194 0 
0 0 744 246 473 281 912 180 0 658 97 0 129 239 94 0 0 314 0 873 0 0 266 184 0 612 771 0 134 573 754 116 131 468 89 0 0 316 914 0 799 847 0 0 988 566 222 907 43 383 335 530 53 163 373 492 759 0 953 820 538 640 777 800 591 0 646 581 0 182 782 76 496 19 31 124 792 416 670 0 102 62 949 492 0 0 0 179 872 141 140 0 383 0 478 346 673 678 0 0 574 661 962 662 702 660 0 311 12 0 0 313 588 0 644 573 622 402 0 416 43 753 308 0 527 329 
127 662 328 4 987 587 566 96 852 0 817 964 0 0 0 666 389 540 570 0 132 892 840 109 299 933 0 243 15 91 967 716 693 3 42 0 0 538 645 663 486 50 916 0 751 65 0 367 6 997 471 231 584 109 0 0 861 0 0 150 696 240 0 341 719 972 0 619 0 0 0 721 0 941 217 764 124 0 683 0 950 772 606 121 0 0 0 0 0 309 704 833 189 231 867 0 787 780 975 0 905 0 460 240 0 0 411 54 0 867 713 371 916 694 656 0 571 482 446 0 35 972 348 0 100 709 
0 17 845 731 616 680 607 7 0 116 0 0 426 924 0 715 422 10 0 0 450 584 0 0 274 596 836 657 196 152 0 930 283 338 893 348 354 654 316 452 0 0 187 48 826 696 783 531 447 0 0 0 980 0 584 830 131 816 45 812 0 767 906 500 477 717 719 612 264 182 420 303 284 621 292 0 152 803 0 992 745 233 0 985 0 0 0 374 964 673 524 827 0 832 621 593 600 69 0 24 823 106 182 949 191 552 480 84 864 307 0 837 76 0 168 30 213 0 116 851 395 0 480 80 0 778 
0 27 195 230 157 24 387 445 0 144 105 273 492 777 236 699 172 183 0 435 962 900 36 784 942 217 594 0 0 355 570 445 0 180 167 39 0 480 916 709 0 748 0 936 800 845 72 298 604 981 800 627 449 713 657 0 859 944 799 662 222 79 184 0 0 0 669 643 313 0 943 0 0 104 911 86 261 801 386 763 0 334 656 625 179 0 374 0 32 189 319 89 0 79 0 0 0 976 793 0 0 664 932 699 713 145 0 684 387 200 840 778 524 156 875 0 78 643 536 972 871 298 341 589 471 358 
276 657 611 66 0 439 467 418 0 0 618 881 278 0 854 675 644 0 801 111 0 253 667 281 682 275 349 0 24 0 66 889 0 241 551 578 205 379 696 0 0 23 0 303 537 184 0 886 549 269 191 0 765 839 984 255 0 682 322 890 536 100 0 33 569 106 0 23 791 0 0 286 0 98 179 297 359 868 579 0 51 302 417 625 872 0 964 32 0 746 261 0 987 146 0 0 937 21 686 633 576 287 0 0 225 0 619 650 703 73 538 463 748 304 127 232 764 0 620 0 645 601 316 274 526 210 
0 0 551 0 752 52 0 715 697 834 742 0 958 522 0 193 388 159 0 814 851 840 781 923 274 0 413 161 231 0 347 977 218 0 0 886 942 383 854 670 802 522 489 299 996 908 288 202 96 339 355 23 154 705 0 476 359 0 0 185 0 574 0 806 902 741 0 0 0 0 832 23 591 262 195 0 0 52 0 710 32 613 721 177 141 309 673 189 746 0 223 230 257 0 941 0 248 971 0 887 419 477 505 52 132 374 784 329 85 790 0 838 63 730 412 963 56 0 999 148 786 158 326 234 0 490 
540 161 0 0 851 673 7 610 386 0 47 833 706 954 758 500 25 609 430 566 0 0 285 115 588 0 978 0 0 21 202 171 961 0 901 280 356 974 542 147 972 0 609 889 0 622 966 799 87 892 17 700 0 686 0 486 913 226 362 875 985 405 419 0 0 0 670 31 155 0 705 764 307 253 0 690 0 832 62 142 498 212 464 0 140 704 524 319 261 223 0 969 125 220 214 916 0 453 594 86 822 30 917 0 0 143 0 272 363 458 859 940 870 166 844 572 0 654 788 0 0 778 773 587 665 0 
0 653 632 0 538 900 0 55 247 0 0 627 309 226 568 811 500 873 667 747 320 0 915 210 539 366 728 114 0 115 25 26 981 0 341 333 928 635 773 766 740 833 856 753 372 0 907 217 549 317 320 79 987 0 0 0 210 317 358 157 0 814 560 909 638 0 922 0 573 0 640 913 902 0 921 625 416 662 211 0 0 269 199 310 0 833 827 89 0 230 969 0 0 310 0 0 613 0 543 413 102 0 0 20 676 0 861 0 349 559 0 0 133 0 0 96 0 580 179 676 545 398 0 404 769 147 
770 74 251 980 556 0 598 0 298 383 74 827 247 654 882 0 0 244 0 410 0 515 730 662 0 0 610 343 0 909 401 596 950 690 0 3 126 899 636 991 820 0 0 679 0 541 38 978 0 978 0 402 0 0 686 311 0 342 177 934 206 774 89 653 7 40 666 0 815 608 0 0 0 918 0 3 517 0 414 144 230 75 388 919 383 189 0 0 987 257 125 0 0 10 0 507 485 468 533 691 826 941 0 592 455 0 375 644 605 711 341 871 0 0 552 960 164 0 723 0 594 81 0 573 0 485 
