0 914 530 0 482 697 810 0 411 876 0 783 258 410 394 390 142 949 710 255 45 0 738 0 251 593 783 586 295 0 916 108 812 623 264 136 0 547 0 477 196 301 0 769 73 75 563 998 891 67 0 80 229 738 675 668 808 265 0 314 546 348 479 344 905 587 222 917 563 761 630 0 0 106 247 443 409 0 563 0 337 973 0 471 532 36 436 1 0 886 950 406 670 0 319 136 333 127 478 775 873 246 590 294 422 17 786 276 0 738 796 386 957 0 0 795 693 9 158 354 263 870 844 906 0 761 68 0 383 142 399 984 509 176 353 849 363 0 0 674 194 260 947 0 148 898 467 343 178 491 0 334 681 646 0 0 189 824 0 844 683 304 690 727 123 514 472 260 228 222 113 996 155 467 721 0 0 28 0 742 0 220 520 0 697 138 185 0 0 0 0 136 263 0 609 0 0 156 811 754 0 914 171 0 383 958 0 305 49 953 154 0 807 327 998 155 770 0 442 725 0 890 404 751 0 977 27 451 0 799 892 249 0 2 598 447 280 799 80 343 304 341 265 422 329 265 0 284 0 649 483 191 544 0 713 887 0 0 0 546 0 736 52 746 87 702 938 828 905 0 0 114 854 
914 0 216 0 743 359 580 0 346 980 577 0 0 0 392 537 43 88 702 0 527 354 778 408 0 126 392 659 342 887 905 901 705 362 396 542 363 159 540 102 314 830 0 0 0 0 886 0 320 0 477 0 0 0 688 486 625 0 187 550 564 862 0 0 0 382 722 916 0 622 383 823 0 0 179 0 148 123 0 802 926 655 0 579 475 0 253 224 257 0 615 0 684 753 0 117 788 727 979 0 480 749 0 597 115 96 274 389 864 751 688 0 0 897 252 408 588 0 934 0 347 368 147 614 812 193 0 700 802 865 0 685 847 470 76 0 0 0 33 840 267 110 0 0 284 901 178 292 963 160 837 0 755 846 361 197 754 0 0 483 0 706 987 0 0 179 520 291 0 944 119 728 283 970 265 389 207 37 140 602 358 737 0 957 763 627 284 0 502 427 562 229 775 280 0 0 0 0 745 506 647 824 994 0 615 141 0 153 0 0 559 332 852 541 821 0 0 795 374 509 91 477 161 177 0 30 116 0 107 931 231 204 909 831 402 157 275 0 366 564 896 201 294 704 235 933 884 432 0 796 215 516 0 755 0 212 0 0 508 745 578 764 0 296 364 38 201 454 588 905 0 573 0 
530 216 0 0 333 300 587 598 0 443 278 735 0 663 625 610 405 484 744 336 555 456 158 938 0 216 0 337 0 597 615 266 0 502 930 0 237 640 86 612 712 0 0 554 533 93 645 0 0 0 0 0 0 372 764 754 122 867 160 367 737 0 385 16 457 145 589 0 0 93 655 98 968 722 896 7 302 166 0 559 0 927 0 989 741 0 0 0 942 939 0 881 994 84 255 557 63 0 118 70 701 152 281 669 949 669 519 55 0 0 0 65 550 546 0 165 271 662 264 459 0 789 110 816 45 261 234 586 352 166 762 0 496 0 869 431 616 0 834 565 188 0 41 0 200 0 0 610 0 307 642 139 956 0 307 0 937 741 0 402 0 741 982 306 0 0 0 880 133 0 734 499 867 0 785 673 0 521 377 496 763 843 689 753 391 791 537 619 740 426 584 88 383 564 902 536 238 565 535 787 467 0 0 269 215 0 422 785 29 464 0 422 929 248 667 720 856 0 971 0 779 108 0 34 0 0 0 231 704 545 0 290 354 906 301 0 703 688 545 0 256 878 0 62 446 681 78 0 0 723 0 0 289 154 0 391 271 764 71 406 740 518 623 824 16 0 229 773 14 245 869 643 0 
0 0 0 0 453 0 799 780 137 900 695 836 660 34 520 906 560 750 603 845 838 868 167 966 0 778 474 64 874 37 687 0 7 347 583 945 0 0 613 951 226 682 547 0 0 381 432 0 725 747 0 0 947 762 0 0 464 657 628 823 0 819 0 537 95 6 901 0 736 128 0 89 483 951 883 169 0 0 750 419 158 497 6 0 71 160 237 363 438 0 215 0 0 538 880 424 421 140 313 874 96 246 389 663 445 103 412 566 0 0 456 883 0 0 156 0 0 0 142 0 559 0 0 19 386 228 130 0 330 0 7 583 463 781 22 800 849 0 158 115 359 369 653 0 0 827 630 825 693 387 822 487 0 782 689 179 0 0 898 824 706 924 539 0 0 235 731 671 915 480 159 51 686 602 0 14 41 67 95 921 611 843 293 110 0 879 8 323 414 0 0 0 334 575 0 809 198 343 403 49 444 627 0 319 602 827 481 0 0 203 0 819 488 460 451 0 926 0 432 319 0 764 821 0 57 992 659 0 958 736 362 530 0 0 0 377 435 224 0 0 0 0 968 870 0 905 643 0 0 111 443 809 22 0 521 826 0 924 330 754 907 989 798 0 944 443 188 0 0 947 989 853 0 
482 743 333 453 0 575 0 262 185 0 464 525 889 0 0 161 613 821 326 732 646 501 892 707 998 896 0 177 788 0 233 247 661 0 670 363 38 765 784 386 741 208 525 352 514 315 646 252 0 0 39 80 0 213 63 784 61 0 76 433 0 123 246 271 652 73 0 0 421 450 202 615 869 821 482 472 648 313 288 656 102 388 98 130 0 574 763 640 0 0 361 814 468 468 172 0 0 428 125 0 333 263 531 73 147 705 559 0 0 0 416 559 588 936 337 859 31 0 142 0 957 971 752 678 0 868 57 656 931 0 0 146 0 0 870 777 810 963 0 499 323 0 168 354 572 980 136 0 493 0 638 529 0 777 0 310 0 376 0 367 817 283 0 548 0 192 571 707 645 967 151 105 797 834 557 0 327 171 268 945 0 0 736 28 634 0 850 958 0 0 425 534 659 299 654 818 168 72 560 117 861 0 0 436 447 752 0 738 653 353 0 419 716 692 420 0 89 0 0 507 157 0 0 895 188 998 618 215 630 167 437 523 963 265 243 352 706 407 0 213 159 0 90 436 42 854 0 100 153 275 0 0 705 190 0 563 893 0 183 839 967 0 0 949 494 949 749 673 448 465 786 307 774 
697 359 300 0 575 0 0 0 0 615 33 6 419 640 190 767 474 0 0 565 699 251 738 236 262 793 651 0 0 0 0 666 0 780 303 0 27 668 53 0 274 292 0 0 116 8 75 120 535 0 0 0 75 764 0 0 579 606 919 240 118 295 737 668 0 307 0 238 453 392 757 0 987 0 402 469 189 0 546 294 309 876 331 0 870 354 0 441 0 0 479 948 654 836 341 875 439 259 0 115 743 415 0 7 939 302 0 0 771 889 244 911 270 594 0 16 938 941 0 0 848 0 841 0 852 290 0 415 313 555 484 762 61 762 114 224 590 607 0 301 510 60 283 0 48 636 929 0 752 0 542 497 19 72 608 163 822 0 10 171 345 322 0 586 26 988 475 733 852 995 0 0 0 395 19 363 0 602 725 876 295 632 152 413 0 631 979 0 958 794 270 308 615 398 397 243 390 8 866 930 326 0 251 64 974 844 657 0 0 0 89 977 113 57 783 924 337 220 0 449 520 68 878 571 870 8 659 519 107 456 0 0 381 927 727 456 538 0 41 492 0 975 832 822 716 303 341 0 528 549 22 863 265 216 877 142 719 930 118 548 0 594 117 999 144 383 0 560 382 954 0 602 661 
810 580 587 799 0 0 0 408 772 140 167 0 121 0 0 0 189 0 963 853 649 0 0 378 226 389 112 711 300 185 336 0 222 780 492 599 0 936 735 108 420 0 584 40 228 559 0 221 61 558 0 206 408 0 0 29 374 405 668 0 52 58 964 810 0 910 0 869 0 0 137 104 708 340 0 0 630 272 0 278 428 925 0 0 0 38 468 767 903 761 983 212 959 468 0 0 44 330 162 637 351 0 958 377 0 285 96 570 0 461 645 198 0 0 838 247 0 889 515 0 0 0 287 896 645 506 121 747 0 477 443 0 870 0 568 176 0 826 115 857 412 269 0 271 648 511 65 168 713 91 31 577 212 718 745 687 518 48 0 959 949 0 0 435 996 294 973 511 385 971 238 49 602 0 169 0 569 0 99 647 604 0 198 430 0 968 929 109 62 0 907 0 620 853 968 750 0 0 528 41 684 633 857 548 362 765 858 991 97 884 0 8 977 113 406 0 480 824 0 407 528 168 518 364 743 854 468 931 461 657 700 950 782 0 490 717 745 144 701 0 554 899 585 534 601 380 439 28 706 456 294 0 0 388 322 353 545 461 0 594 706 316 207 129 0 72 0 0 502 461 0 189 851 
0 0 598 780 262 0 408 0 543 0 0 665 7 0 0 58 664 522 953 411 431 265 0 0 527 0 269 0 551 705 0 201 0 223 677 112 515 709 543 0 0 961 223 824 800 904 706 229 127 0 313 691 0 121 916 247 390 0 118 642 827 340 2 391 501 84 418 0 793 789 644 243 140 522 0 0 299 138 0 548 321 781 604 478 330 401 741 0 252 390 330 545 93 590 247 933 203 727 0 0 344 0 950 0 0 0 891 307 277 0 259 898 667 821 915 390 186 146 174 0 0 4 0 333 568 0 766 0 663 91 732 0 840 888 18 172 596 749 0 0 0 0 0 0 543 794 0 409 336 531 783 506 106 706 98 277 459 421 772 267 852 0 895 0 0 704 0 510 460 390 0 219 0 0 0 509 328 817 228 605 0 278 872 405 82 0 742 559 51 354 0 241 331 150 990 0 391 614 443 95 230 628 736 922 0 146 0 124 0 579 0 885 0 983 661 415 475 730 401 273 534 907 0 0 200 0 843 794 113 0 885 0 325 680 554 596 412 36 0 416 639 884 934 706 857 0 344 0 0 0 54 805 670 902 0 819 702 994 0 390 887 0 607 0 462 652 962 651 0 811 317 672 0 
411 346 0 137 185 0 772 543 0 321 71 0 327 307 0 556 339 485 804 645 971 860 63 9 0 670 0 233 955 450 340 0 951 659 497 446 400 401 0 0 611 0 0 16 573 541 727 0 255 609 879 387 369 736 200 695 476 240 188 126 32 119 0 0 444 506 0 0 360 199 557 436 892 74 508 241 303 583 135 0 0 682 79 0 497 266 449 782 749 0 0 286 0 918 704 0 667 642 833 859 804 0 546 722 939 0 0 347 996 572 601 598 199 0 573 621 22 714 475 728 0 0 620 0 641 500 947 0 0 722 365 0 235 521 187 0 401 516 583 757 58 0 602 285 0 184 884 481 414 23 750 510 919 806 0 346 390 609 763 539 0 0 827 430 139 0 0 964 68 97 0 0 237 717 124 710 444 642 795 508 914 40 265 897 182 0 446 0 951 0 557 379 962 0 0 206 378 826 0 815 965 60 108 607 0 0 163 753 0 0 579 0 0 988 875 133 574 52 561 0 676 933 518 573 831 306 528 0 473 195 937 490 552 0 0 948 0 703 734 162 655 0 660 636 241 54 0 82 624 0 0 468 431 722 0 0 0 437 432 39 0 577 435 47 224 0 679 0 707 777 155 963 493 
876 980 443 900 0 615 140 0 321 0 905 0 853 128 363 0 567 0 726 94 933 209 0 653 477 862 0 328 561 666 0 117 161 717 585 142 355 435 848 565 376 320 604 415 178 41 636 78 0 525 291 39 0 647 0 711 677 0 399 500 830 0 319 0 0 69 0 0 0 94 305 962 366 0 654 652 67 0 367 600 275 930 673 919 936 0 320 786 574 0 825 0 0 0 526 274 747 912 25 506 0 985 707 54 442 797 834 97 905 735 0 0 589 112 0 707 0 94 366 0 0 580 526 0 429 274 732 0 432 722 646 525 661 52 939 78 0 109 290 852 700 443 615 150 0 759 906 895 168 419 629 951 521 319 164 570 0 988 402 756 59 678 671 463 240 126 0 174 948 0 67 85 489 15 0 358 579 459 609 0 0 606 655 754 583 47 0 851 336 142 461 815 0 477 154 0 0 750 273 878 0 0 792 487 567 121 0 988 0 365 0 280 137 136 174 0 441 597 75 0 930 810 0 563 844 349 817 977 23 525 651 850 856 0 903 0 660 0 276 0 598 928 708 0 672 0 479 0 78 0 67 684 797 439 0 0 797 0 646 784 39 583 0 0 698 793 420 227 472 650 730 423 981 
0 577 278 695 464 33 167 0 71 905 0 841 796 880 0 422 0 720 679 355 621 956 103 863 558 948 0 665 928 0 437 454 0 806 0 342 96 0 493 246 0 558 536 323 160 37 117 0 0 35 0 0 429 888 938 461 35 708 0 358 4 978 857 890 417 727 240 572 0 0 0 211 78 173 307 285 419 303 0 988 959 627 177 198 436 458 113 79 189 263 643 809 945 458 0 862 505 729 350 373 723 0 906 0 702 0 0 219 715 773 0 0 688 0 530 535 30 868 328 138 0 961 419 0 214 212 0 743 154 116 766 758 170 887 903 464 281 865 491 0 906 350 664 823 64 828 298 886 45 0 476 715 0 664 968 576 543 0 613 0 0 0 740 98 500 424 353 0 0 198 0 356 675 955 296 0 0 938 242 445 181 730 595 568 568 776 645 0 589 0 848 488 336 797 0 552 166 534 311 741 690 552 0 738 752 268 423 0 67 427 704 0 785 350 160 826 0 958 0 121 0 0 0 495 820 386 89 480 438 4 0 0 205 664 659 0 598 180 0 0 561 0 644 79 903 0 846 946 347 672 0 332 487 585 633 0 383 0 933 257 0 0 288 847 470 404 992 0 972 0 423 604 200 
783 0 735 836 525 6 0 665 0 0 841 0 983 49 0 56 652 75 0 787 480 521 848 0 0 0 16 0 524 495 697 0 695 761 0 298 0 789 277 14 746 519 697 907 954 0 935 903 372 0 0 99 599 665 0 0 0 0 887 733 1 0 288 444 0 444 802 273 144 0 159 0 93 59 0 0 679 0 836 72 236 213 297 449 541 910 0 833 936 0 479 526 249 235 857 512 351 0 574 901 68 469 0 752 0 234 0 973 698 0 932 461 792 0 629 0 458 0 85 534 0 535 744 0 366 503 0 973 488 672 285 46 200 177 665 0 238 0 108 0 0 820 0 245 974 0 496 630 917 695 522 0 531 0 608 237 684 846 271 0 0 24 200 903 78 795 567 118 711 781 961 0 865 0 911 352 97 323 0 282 245 763 650 310 0 141 677 458 772 0 396 518 0 621 520 347 127 403 907 615 59 373 53 163 789 824 626 0 0 537 927 316 596 435 0 32 672 0 898 590 299 0 354 0 507 792 421 848 523 0 0 217 0 14 389 0 917 0 143 530 787 708 287 602 180 813 497 996 0 125 103 494 732 862 0 24 254 0 667 32 0 301 0 132 759 762 21 996 546 0 184 422 611 
258 0 0 660 889 419 121 7 327 853 796 983 0 167 364 115 750 0 519 729 198 171 996 0 68 0 192 489 62 656 445 662 182 952 66 457 0 394 0 472 979 514 963 445 214 0 0 425 0 905 874 0 0 0 0 148 151 560 0 22 307 532 576 937 0 0 344 236 67 759 480 433 755 950 392 13 0 578 0 252 842 0 902 0 565 0 611 442 313 744 991 403 607 304 946 938 520 0 0 0 490 530 501 228 134 974 585 900 904 789 871 962 0 937 940 0 777 491 830 146 424 902 537 216 133 139 515 554 0 411 621 676 179 0 0 595 0 217 0 100 956 287 766 878 34 391 66 79 883 703 195 795 172 0 153 660 0 151 938 0 432 206 231 0 592 907 719 881 61 452 735 510 212 0 0 744 572 415 167 731 409 361 0 0 52 373 0 364 31 163 193 908 97 0 531 0 345 414 0 997 534 835 0 0 0 501 985 365 0 352 763 0 0 0 303 814 0 160 433 205 198 922 828 774 274 399 0 828 956 0 650 0 734 0 2 621 0 0 870 71 0 549 369 335 926 653 0 76 440 556 131 439 413 0 8 562 809 49 0 0 916 0 0 693 453 0 796 417 400 0 848 789 495 
410 0 663 34 0 640 0 0 307 128 880 49 167 0 308 147 409 232 0 0 11 675 615 466 325 335 0 37 872 801 289 538 445 0 241 234 986 903 107 83 426 739 256 0 0 203 203 731 0 713 0 0 934 411 257 0 562 0 0 0 0 175 853 483 768 0 143 107 0 632 232 0 577 0 706 301 755 741 798 0 321 585 604 607 733 390 376 0 0 961 900 825 142 209 975 110 0 0 0 0 795 0 0 971 30 762 35 0 960 0 293 686 681 957 201 29 341 462 808 788 30 0 203 0 464 99 301 567 0 15 0 407 156 785 782 807 271 604 632 37 82 310 0 956 458 0 971 509 993 136 675 983 573 790 8 0 737 752 805 0 936 702 487 0 621 613 0 520 893 87 721 0 0 0 0 0 0 497 121 0 913 517 137 214 0 639 170 0 292 766 424 824 0 850 797 479 624 0 887 519 628 271 849 0 609 0 527 0 823 208 298 0 0 218 856 453 636 703 274 725 740 220 760 0 0 788 0 354 359 218 529 741 653 863 893 450 0 3 948 876 630 0 390 442 315 706 73 622 657 457 0 590 154 98 115 573 173 751 230 700 180 0 0 970 865 544 690 989 767 271 29 65 446 
394 392 625 520 0 190 0 0 0 363 0 0 364 308 0 480 424 262 412 224 179 343 141 0 334 704 0 364 167 459 0 470 792 837 0 0 90 167 365 78 0 0 172 105 921 0 28 538 909 0 604 852 166 0 0 87 0 979 132 159 754 440 557 0 336 0 789 929 0 0 0 672 0 0 406 195 477 142 0 958 598 934 586 855 455 284 831 417 0 0 0 560 228 0 0 0 0 521 0 931 0 0 306 0 159 310 547 211 0 125 0 0 754 502 123 584 679 889 325 887 537 0 410 219 0 119 775 325 372 563 958 873 708 578 531 0 0 0 0 0 322 211 692 769 313 784 0 474 57 831 31 0 688 0 7 602 497 364 333 0 108 77 795 843 992 494 732 296 80 382 0 0 752 808 684 0 0 541 0 495 0 220 884 120 174 0 120 817 0 897 0 239 951 884 0 0 611 842 0 0 786 108 0 577 225 888 0 274 520 0 737 0 0 835 591 970 712 565 0 473 921 434 672 230 637 0 444 0 691 723 557 0 0 698 649 0 166 313 300 0 90 242 289 544 264 39 654 261 483 0 760 496 564 903 201 912 172 587 0 971 521 0 0 907 257 203 0 708 945 207 445 0 0 
390 537 610 906 161 767 0 58 556 0 422 56 115 147 480 0 0 996 652 0 0 703 976 890 641 463 195 734 885 377 423 747 416 911 45 0 166 527 4 77 830 111 762 46 680 392 0 997 467 0 55 188 614 263 871 0 894 402 867 996 597 874 248 722 617 878 936 314 406 701 469 539 0 441 277 255 365 262 0 139 65 346 652 933 806 294 15 605 0 562 0 743 870 693 375 0 0 391 0 356 405 763 0 0 341 0 522 0 501 0 896 147 0 922 0 0 351 698 278 258 806 496 530 0 0 918 124 654 0 403 28 828 464 0 0 867 202 421 0 183 997 391 0 284 516 111 0 73 685 587 0 879 514 850 272 0 325 0 190 659 889 964 908 255 436 642 0 0 243 137 0 0 991 883 754 0 957 0 579 947 0 164 753 416 0 965 941 0 413 0 354 0 935 441 238 0 0 0 417 0 441 304 780 136 0 961 676 663 0 0 491 133 0 521 304 0 386 717 742 764 634 431 0 306 0 750 907 403 311 354 93 0 0 0 671 0 578 491 536 0 475 600 0 0 865 461 0 532 985 309 87 0 0 515 0 782 515 476 221 0 460 0 934 880 192 338 781 0 116 699 0 0 478 
142 43 405 560 613 474 189 664 339 567 0 652 750 409 424 0 0 955 0 0 846 552 371 555 685 887 0 976 285 431 532 0 271 96 0 0 491 0 380 0 990 962 604 92 0 0 364 0 124 0 384 798 182 953 931 927 671 568 813 0 965 909 826 770 644 0 887 85 138 979 611 457 0 759 118 0 72 776 747 612 830 0 207 752 0 520 1 0 310 0 306 285 917 0 0 113 748 0 765 119 248 309 338 0 0 164 0 888 0 876 0 0 828 530 917 0 842 380 0 680 332 0 721 611 445 0 913 0 0 388 336 0 522 0 272 686 684 727 720 0 606 552 0 0 914 850 746 0 0 0 311 577 196 592 713 795 429 988 0 990 696 516 574 0 0 566 701 395 459 420 0 474 901 0 522 720 147 0 0 175 221 161 0 87 0 960 0 98 928 174 0 752 836 416 274 814 91 835 632 966 0 669 766 84 683 20 0 0 4 0 0 158 582 0 886 621 250 998 0 913 778 0 759 0 0 0 0 446 703 238 724 752 0 544 47 776 890 0 428 0 0 165 0 405 746 50 91 929 8 478 459 0 117 177 0 858 246 664 0 733 58 722 826 762 0 0 243 235 0 0 128 886 690 
949 88 484 750 821 0 0 522 485 0 720 75 0 232 262 996 955 0 541 609 874 767 629 50 132 0 608 209 353 633 249 0 0 494 0 249 540 558 165 656 676 261 733 740 0 243 460 0 238 0 14 884 795 192 220 623 31 970 323 701 497 0 0 448 774 0 94 0 852 0 941 0 901 10 324 756 424 262 361 935 0 443 495 403 445 91 629 952 0 543 664 203 929 124 610 791 225 0 97 411 919 34 856 510 0 0 352 208 553 775 482 769 0 82 539 0 956 0 506 0 905 662 395 612 257 515 568 356 688 0 730 185 696 156 139 0 992 610 0 778 0 913 696 567 353 0 643 438 462 689 0 0 900 956 629 0 265 201 329 796 0 312 15 817 0 391 926 23 0 0 692 841 0 214 0 329 86 206 597 499 978 432 0 237 584 697 786 947 236 0 0 815 854 520 988 667 56 318 415 0 0 0 685 199 836 0 897 618 0 0 737 0 480 197 573 924 0 981 735 53 0 871 380 0 712 283 0 0 996 7 769 568 0 486 0 0 889 0 999 190 432 728 251 917 637 867 88 858 0 475 154 711 0 401 365 757 105 0 133 0 0 927 926 783 157 175 318 817 52 649 0 815 249 
710 702 744 603 326 0 963 953 804 726 679 0 519 0 412 652 0 541 0 552 973 622 81 73 0 364 952 0 216 161 0 933 0 0 148 426 541 0 217 436 878 185 0 293 0 198 0 589 0 0 741 951 329 0 437 767 0 369 248 801 350 723 424 783 0 416 59 122 420 386 959 623 392 201 585 400 656 0 102 242 0 407 0 855 207 350 0 258 546 213 782 858 0 939 0 523 358 0 0 207 0 0 947 267 781 347 0 883 495 841 0 195 908 217 0 237 0 881 0 0 0 0 233 937 0 675 0 934 989 760 820 457 0 842 7 73 848 0 156 0 983 0 882 90 513 994 36 609 356 67 421 851 82 0 139 510 0 357 648 327 711 0 42 878 557 0 2 461 96 0 738 946 651 188 0 0 512 576 716 447 78 0 704 443 902 259 374 595 887 0 489 296 0 844 420 460 936 0 633 777 0 358 373 0 244 746 656 0 0 0 0 0 301 252 0 0 109 735 88 902 846 102 608 852 914 539 65 693 257 908 160 224 852 429 533 0 635 451 357 654 272 582 948 0 444 546 291 802 0 0 927 0 650 317 0 203 137 422 881 629 28 837 765 0 309 84 801 576 0 970 224 0 0 
255 0 336 845 732 565 853 411 645 94 355 787 729 0 224 0 0 609 552 0 538 452 587 0 73 428 0 194 410 160 0 378 0 0 305 0 0 906 693 112 625 260 658 891 844 511 363 873 518 529 31 0 656 703 902 626 528 639 95 659 148 479 0 781 522 259 539 311 0 847 654 0 0 687 705 869 215 384 681 192 0 0 475 982 106 506 757 0 374 371 509 686 0 108 0 558 981 983 0 489 0 741 0 723 881 598 115 463 0 479 595 863 63 0 372 319 879 0 261 964 850 0 537 103 847 969 460 809 538 0 991 174 0 228 0 149 489 74 0 418 0 509 17 975 623 0 324 814 680 762 380 230 761 0 620 882 0 873 684 463 181 0 0 0 267 626 870 975 726 677 206 0 655 532 455 0 291 0 308 0 290 550 0 155 0 682 336 3 817 66 53 902 65 705 602 148 343 276 465 352 0 16 559 688 0 915 277 296 320 614 379 343 357 227 0 454 0 193 0 71 394 745 476 765 722 75 137 878 643 582 900 611 0 0 333 98 232 351 118 562 0 0 505 635 814 0 689 560 416 0 821 808 527 0 0 0 169 906 347 756 863 215 380 254 0 0 180 0 0 0 978 981 861 
45 527 555 838 646 699 649 431 971 933 621 480 198 11 179 0 846 874 973 538 0 327 640 873 639 445 633 0 663 816 0 646 723 867 0 0 0 838 78 500 362 0 3 613 387 0 0 789 0 415 282 441 3 226 0 395 0 0 0 0 974 46 33 0 68 358 794 231 0 222 658 553 0 0 548 0 0 191 305 775 0 508 939 157 119 533 943 0 969 0 227 106 549 386 185 496 329 61 643 774 482 170 459 758 0 203 406 731 0 218 359 0 0 252 0 555 0 634 472 78 665 0 309 26 419 625 637 535 943 0 0 756 13 8 0 923 0 995 139 243 83 645 0 296 54 110 618 11 620 436 0 139 175 242 28 568 0 572 478 333 856 0 280 0 319 700 210 0 0 788 0 880 830 105 285 471 0 0 284 730 326 0 768 970 0 0 869 0 789 512 0 0 0 0 881 920 427 0 0 842 826 990 923 713 567 553 556 420 0 402 55 410 831 493 592 0 0 108 67 587 0 852 197 802 668 459 126 706 11 382 660 0 308 0 692 502 758 0 822 126 0 612 371 310 3 472 240 861 10 0 82 974 626 75 82 16 68 463 0 644 220 432 74 40 0 28 0 0 0 50 108 14 590 
0 354 456 868 501 251 0 265 860 209 956 521 171 675 343 703 552 767 622 452 327 0 566 271 0 0 343 875 0 277 293 954 909 0 627 0 0 834 94 506 0 404 592 986 247 571 516 194 209 238 0 712 0 887 0 704 0 684 458 252 0 0 715 157 922 27 619 0 513 756 0 0 695 489 372 721 638 986 281 0 978 840 539 160 626 0 0 749 948 329 0 822 0 331 337 689 0 850 873 0 182 881 341 880 77 970 141 0 0 502 652 0 0 847 490 0 0 0 844 327 607 439 276 887 934 923 0 0 0 0 0 347 232 58 265 413 150 395 422 0 0 0 200 73 0 47 70 860 980 267 0 0 0 0 10 886 0 290 116 539 492 19 800 907 180 0 55 538 0 58 8 0 462 846 606 564 896 0 758 345 219 903 135 433 6 0 281 949 509 484 960 536 0 0 301 0 844 800 0 57 546 859 114 0 876 796 324 114 973 239 339 583 603 0 777 177 18 0 966 0 13 38 760 145 13 639 0 0 430 0 189 60 669 981 862 0 530 480 132 652 124 712 0 0 239 533 377 0 376 629 758 240 574 0 963 1 0 340 266 228 990 688 391 873 326 235 0 557 0 0 508 0 0 
738 778 158 167 892 738 0 0 63 0 103 848 996 615 141 976 371 629 81 587 640 566 0 0 0 679 307 0 506 0 695 134 47 0 0 0 698 486 651 859 0 17 0 513 776 891 0 0 140 875 0 867 627 824 604 514 0 671 415 0 435 454 587 623 215 0 153 289 98 121 618 216 414 372 907 332 281 768 789 819 387 366 354 0 947 294 0 761 141 0 342 0 0 9 0 0 761 0 0 0 0 0 0 512 435 0 0 852 540 0 0 0 249 0 0 0 0 0 573 565 614 763 67 863 796 0 123 0 463 364 402 166 815 209 601 297 400 165 20 803 904 35 808 0 0 809 992 135 0 315 0 0 111 0 469 259 681 861 0 305 482 898 0 693 357 325 325 221 479 0 754 0 0 237 733 0 106 0 237 894 145 960 625 496 125 690 0 942 328 126 249 133 0 411 588 0 293 258 0 0 844 0 109 448 0 271 238 451 717 608 0 863 107 712 120 33 252 480 102 114 146 695 223 0 459 168 815 746 665 385 574 0 0 590 0 88 850 145 0 725 716 662 83 621 490 168 44 968 862 0 223 895 134 183 0 524 272 0 0 555 764 957 769 277 0 184 284 651 755 971 462 964 244 
0 408 938 966 707 236 378 0 9 653 863 0 0 466 0 890 555 50 73 0 873 271 0 0 397 999 0 859 975 713 125 0 710 93 0 215 302 737 67 653 678 58 576 307 937 890 0 442 801 974 289 0 509 0 91 38 629 367 0 244 404 545 0 554 40 0 762 0 348 804 145 104 117 327 661 33 64 0 930 767 465 396 221 190 681 308 641 0 0 145 0 0 0 0 0 148 0 992 0 486 403 405 45 91 876 341 931 281 607 505 422 481 796 0 0 110 813 929 0 319 0 311 0 0 569 0 339 0 0 316 914 294 913 0 379 663 0 341 754 187 528 92 0 347 0 342 0 869 439 0 993 0 726 597 0 698 23 0 706 227 116 546 579 27 547 311 0 644 0 0 0 691 331 342 931 173 226 358 213 897 660 808 452 960 456 0 0 0 0 715 0 496 0 617 726 0 632 188 372 784 875 378 533 303 415 693 646 359 199 909 818 488 0 336 758 830 0 0 413 327 647 478 708 449 33 110 0 350 301 0 509 88 367 130 213 0 0 443 600 798 973 0 0 858 935 0 62 607 11 281 422 479 611 0 868 0 910 0 71 290 0 123 373 910 0 0 650 0 785 574 0 265 933 
251 0 0 0 998 262 226 527 0 477 558 0 68 325 334 641 685 132 0 73 639 0 0 397 0 442 648 735 907 554 762 649 0 93 526 0 599 514 649 305 342 504 838 86 891 82 137 156 0 198 508 96 594 157 51 766 2 386 315 0 570 0 815 108 304 755 441 0 172 779 0 0 437 420 304 640 645 312 0 0 999 513 442 0 143 671 331 807 0 409 874 708 600 294 0 532 81 0 172 245 702 0 970 851 996 0 842 644 59 452 0 562 638 851 603 0 144 702 0 462 139 2 885 0 0 0 0 814 404 707 290 0 570 783 937 224 100 83 526 834 485 0 380 987 230 0 204 727 860 0 309 6 0 608 0 0 0 0 0 64 711 738 557 300 242 24 997 297 500 372 144 861 0 445 416 850 633 229 626 0 0 788 581 918 409 0 143 785 0 740 796 650 0 657 227 196 648 8 413 0 577 0 0 629 884 350 927 894 0 7 716 480 0 0 792 869 113 482 449 0 753 265 0 0 0 513 0 865 398 0 0 285 236 135 642 0 157 510 0 579 670 0 240 0 0 516 498 406 175 929 397 590 620 230 612 0 184 0 0 750 0 850 882 0 833 0 754 0 294 636 901 291 913 
593 126 216 778 896 793 389 0 670 862 948 0 0 335 704 463 887 0 364 428 445 0 679 999 442 0 869 280 0 203 572 776 131 516 0 0 383 332 391 0 645 437 606 612 880 0 189 411 75 750 436 0 994 0 301 977 15 953 115 0 755 331 340 97 0 625 933 439 299 538 488 612 0 0 155 425 241 0 820 692 328 880 0 678 482 49 238 22 919 535 149 520 0 130 0 0 386 344 147 0 0 247 102 893 46 958 0 7 449 704 394 988 620 231 267 351 784 280 763 38 490 41 989 197 0 0 208 250 328 53 935 876 347 497 316 595 344 162 226 73 0 0 772 832 981 35 740 751 989 307 793 138 909 678 657 844 0 548 418 0 0 0 198 980 0 0 328 255 833 965 0 883 13 0 177 868 0 402 875 0 0 0 170 677 334 0 0 464 389 806 0 0 503 0 424 131 724 859 805 0 954 297 60 10 398 0 220 750 141 0 938 0 701 0 779 742 0 896 439 135 674 734 219 255 126 401 831 911 423 0 649 0 555 899 43 307 0 0 514 231 777 0 0 793 307 440 222 0 984 719 772 833 147 980 924 52 0 0 870 683 234 773 0 444 385 454 828 563 237 717 826 399 56 
783 392 0 474 0 651 112 269 0 0 0 16 192 0 0 195 0 608 952 0 633 343 307 0 648 869 0 674 0 0 122 693 0 921 0 168 0 0 984 173 361 915 794 0 364 0 997 0 244 722 71 0 97 534 0 0 0 741 304 0 326 271 526 336 13 0 984 0 0 321 479 323 838 647 415 366 0 958 442 655 0 894 165 914 307 650 221 281 284 891 537 82 0 733 308 824 0 823 269 52 0 433 580 960 51 733 0 937 401 59 0 379 375 304 244 684 0 137 391 154 516 0 0 276 370 351 695 299 284 0 0 90 374 507 0 458 569 863 126 681 411 381 504 284 462 621 335 416 862 400 233 0 680 406 0 935 504 342 36 158 136 249 750 754 130 313 955 935 850 0 535 288 0 447 433 114 340 868 0 726 724 555 0 707 308 0 60 0 0 291 0 685 435 0 0 384 518 470 981 971 198 0 0 247 616 6 58 979 0 773 128 756 0 888 147 37 714 945 337 395 0 0 166 845 0 0 894 0 717 441 954 996 0 0 872 0 770 0 0 43 0 251 498 0 204 602 964 998 901 121 154 62 561 375 930 0 0 0 0 546 0 542 555 827 842 826 293 781 0 43 653 810 228 
586 659 337 64 177 0 711 0 233 328 665 0 489 37 364 734 976 209 0 194 0 875 0 859 735 280 674 0 161 0 106 632 661 44 547 0 0 0 487 667 0 836 910 665 794 0 339 0 538 107 883 747 875 513 698 62 827 0 679 702 0 205 782 0 328 785 186 680 658 460 78 920 383 912 172 768 82 658 0 753 356 665 179 715 0 100 472 859 759 157 252 9 65 263 480 753 72 0 498 126 479 0 611 461 393 278 430 247 545 607 779 833 772 0 368 794 54 402 260 0 813 0 878 598 935 259 445 255 0 766 950 831 373 134 160 633 0 110 13 753 208 202 341 206 27 177 366 401 0 501 485 542 188 0 834 0 399 251 416 733 339 347 96 0 807 240 437 0 978 687 862 0 295 429 840 510 425 647 266 727 0 373 0 639 302 0 595 121 773 160 95 493 0 159 129 79 0 0 0 0 354 0 270 0 972 667 237 0 666 736 288 31 850 131 228 419 396 394 824 342 777 661 933 754 0 0 867 164 426 407 417 132 0 815 601 280 472 505 980 943 0 897 0 137 926 230 0 300 19 0 35 148 0 0 544 711 876 256 852 0 14 0 205 0 857 0 0 760 126 0 0 704 0 
295 342 0 874 788 0 300 551 955 561 928 524 62 872 167 885 285 353 216 410 663 0 506 975 907 0 0 161 0 579 361 511 6 969 499 447 325 912 910 582 0 273 21 0 875 738 455 53 580 0 627 364 466 365 844 646 699 0 622 275 651 0 217 696 126 379 0 118 449 367 245 146 513 0 409 584 542 539 806 932 44 0 444 0 796 689 828 792 801 145 585 342 0 335 0 0 461 790 317 0 970 412 795 912 232 634 468 337 0 180 97 97 397 580 351 488 611 678 937 191 598 377 0 216 959 267 0 0 0 546 126 579 762 0 0 0 264 97 0 328 522 804 311 194 312 0 971 0 57 0 608 812 473 210 125 538 0 717 306 0 698 0 665 763 182 320 118 0 521 394 0 2 914 897 682 566 0 627 130 0 976 0 157 105 150 95 815 33 0 815 603 133 976 776 42 864 489 835 657 682 596 0 133 427 0 356 70 477 0 968 93 593 0 0 32 508 713 724 0 0 192 123 840 0 0 802 300 0 0 579 39 952 0 856 0 620 0 825 300 820 0 209 217 478 341 0 753 56 293 613 2 654 0 867 108 554 56 0 970 663 1 680 626 0 941 0 0 837 600 401 207 3 0 
0 887 597 37 0 0 185 705 450 666 0 495 656 801 459 377 431 633 161 160 816 277 0 713 554 203 0 0 579 0 278 0 149 275 0 420 20 515 0 861 881 0 465 611 0 0 981 305 793 499 274 0 476 791 105 384 31 0 805 730 496 140 194 185 169 373 0 32 466 235 293 294 0 403 0 375 28 392 0 0 996 0 0 0 713 383 326 930 461 0 246 107 0 458 0 94 436 0 384 0 775 902 246 372 658 0 751 767 746 0 492 905 0 0 0 0 0 760 149 0 577 0 147 44 0 0 357 324 568 0 212 0 601 664 822 0 773 213 0 468 659 654 885 0 238 935 593 0 57 202 0 245 0 393 374 0 684 630 190 808 0 0 0 26 344 732 500 0 0 517 332 0 385 338 0 531 576 581 0 671 52 552 283 0 975 0 616 921 984 27 0 280 620 855 694 4 0 211 0 460 0 243 870 709 296 658 0 572 104 0 0 0 664 694 406 792 0 347 0 0 28 351 998 399 753 972 779 309 483 950 551 54 241 95 0 432 679 923 628 765 0 646 216 469 166 116 698 83 0 942 30 944 920 162 0 93 352 0 452 781 352 95 0 490 0 677 0 765 35 0 131 164 622 
916 905 615 687 233 0 336 0 340 0 437 697 445 289 0 423 532 249 0 0 0 293 695 125 762 572 122 106 361 278 0 814 0 890 174 801 707 0 0 139 0 914 397 710 0 741 0 360 146 17 0 0 958 0 622 0 138 470 480 624 255 518 646 874 0 0 164 183 924 758 60 0 259 305 0 492 0 0 182 238 136 352 950 860 499 0 0 192 99 182 558 797 584 378 283 0 96 376 0 840 570 952 639 800 846 65 516 0 512 873 505 740 821 194 291 255 688 0 409 0 129 247 259 0 0 503 701 0 0 765 401 244 200 939 0 0 976 273 372 880 525 973 449 43 414 0 30 334 390 978 741 162 311 0 502 111 798 681 0 246 0 930 0 339 593 545 581 977 0 858 729 0 580 14 0 147 0 696 61 445 40 800 0 315 854 623 101 0 435 959 866 73 543 0 0 748 0 80 175 638 713 453 0 724 385 0 54 0 0 263 379 784 722 0 947 0 309 869 137 532 0 918 961 831 588 284 619 844 416 327 854 455 271 120 931 843 867 415 0 273 814 992 627 0 229 490 422 0 164 0 370 621 584 814 383 978 234 482 64 0 0 899 55 684 0 628 443 467 21 345 58 315 382 
108 901 266 0 247 666 0 201 0 117 454 0 662 538 470 747 0 0 933 378 646 954 134 0 649 776 693 632 511 0 814 0 55 0 232 120 538 142 246 0 608 611 75 630 0 0 768 208 0 800 999 0 650 0 685 550 0 0 582 118 780 0 149 347 0 18 842 560 74 122 0 0 328 0 741 643 393 696 0 825 403 543 277 132 484 0 0 20 666 0 303 646 279 94 177 512 460 683 339 0 0 85 149 736 747 802 691 472 424 314 732 752 0 0 860 746 553 853 0 0 728 61 0 0 28 210 248 54 308 251 640 0 0 0 810 622 847 329 964 462 558 0 0 0 992 405 708 0 39 257 72 547 662 422 497 491 592 483 383 214 469 0 393 964 886 537 488 684 277 132 180 829 756 537 494 0 919 131 208 80 817 219 516 19 0 0 11 357 76 564 867 0 31 590 247 847 650 895 642 0 79 832 0 270 78 838 348 262 0 0 587 184 423 0 479 0 948 90 864 67 822 0 610 815 0 537 0 0 0 0 312 335 824 695 548 934 0 415 0 838 0 0 73 0 696 168 68 684 109 448 0 385 832 2 0 343 872 0 331 164 0 859 52 33 0 696 31 381 908 631 0 111 80 
812 705 0 7 661 0 222 0 951 161 0 695 182 445 792 416 271 0 0 0 723 909 47 710 0 131 0 661 6 149 0 55 0 9 361 114 0 716 107 0 179 655 747 224 0 0 979 976 0 186 346 814 584 0 202 0 976 635 866 0 758 238 887 0 100 891 617 865 468 203 646 982 644 871 52 0 223 458 940 608 468 834 641 695 72 324 304 225 0 0 0 168 0 0 0 0 0 470 0 864 997 869 100 0 0 981 107 330 936 191 847 430 0 0 140 507 928 0 785 0 0 482 679 307 198 144 634 397 0 520 327 0 0 512 927 502 750 374 309 673 329 836 0 19 62 345 845 187 234 0 687 742 0 626 393 339 864 629 0 0 948 296 509 183 576 196 540 0 183 302 833 0 492 357 861 480 704 767 0 330 0 748 3 711 905 844 0 351 18 326 898 236 509 0 621 0 444 0 536 894 0 397 459 545 962 835 0 0 916 596 106 36 289 146 989 306 0 437 0 198 407 402 0 964 301 334 628 215 874 726 457 59 724 226 0 531 137 0 856 0 629 964 51 890 566 861 630 964 235 13 934 719 244 0 973 308 0 0 0 27 425 0 783 364 108 708 249 625 113 639 134 130 201 
623 362 502 347 0 780 780 223 659 717 806 761 952 0 837 911 96 494 0 0 867 0 0 93 93 516 921 44 969 275 890 0 9 0 191 0 74 0 840 45 223 695 589 0 532 815 624 0 0 112 32 114 951 0 243 705 0 0 0 620 0 0 0 250 0 481 204 840 0 890 447 130 249 0 797 0 766 833 562 0 62 776 423 654 615 0 769 266 0 866 628 777 971 541 733 0 214 142 0 52 0 709 699 0 0 741 830 63 151 36 826 442 802 788 619 884 496 761 938 548 38 0 179 393 684 875 0 314 0 901 290 713 105 880 601 0 0 453 383 607 788 0 334 668 258 894 54 981 892 597 0 547 243 789 0 315 584 0 699 0 764 48 758 0 0 0 999 0 0 224 506 89 87 878 358 413 70 706 16 0 714 913 566 0 0 0 702 528 766 803 831 0 341 49 636 0 857 35 0 844 0 526 13 853 464 0 232 620 527 0 0 572 219 0 546 708 564 342 540 531 295 529 524 900 520 6 343 150 0 223 466 861 242 0 179 461 260 0 541 845 725 0 173 761 926 745 928 556 283 126 966 884 0 0 967 321 0 0 102 533 924 887 444 118 501 0 0 265 0 481 0 560 745 
264 396 930 583 670 303 492 677 497 585 0 0 66 241 0 45 0 0 148 305 0 627 0 0 526 0 0 547 499 0 174 232 361 191 0 0 905 973 0 862 778 90 465 0 674 586 0 515 881 0 807 43 86 0 0 154 768 479 0 346 215 714 0 989 692 331 0 151 414 743 569 613 211 80 0 532 630 0 172 232 910 403 495 473 947 384 234 0 453 16 784 472 691 390 0 285 0 0 0 310 442 747 909 639 771 289 297 816 702 0 0 0 250 0 0 434 218 821 601 522 239 0 523 0 790 905 83 0 50 0 648 541 808 456 728 380 840 622 106 201 693 0 0 933 0 0 578 0 0 205 0 19 10 839 415 983 420 774 731 429 222 287 892 606 719 165 0 0 490 831 837 648 995 509 0 831 262 507 585 519 0 87 761 296 22 0 704 216 637 135 0 76 420 821 0 351 207 798 272 681 520 313 373 108 909 770 0 186 795 0 410 963 0 59 453 0 0 0 731 0 401 0 0 544 272 664 823 647 58 855 77 326 140 617 624 221 772 548 0 0 480 214 39 599 382 0 498 524 0 0 128 629 982 658 909 0 187 860 695 0 852 0 484 266 917 0 477 52 118 766 843 456 915 
136 542 0 945 363 0 599 112 446 142 342 298 457 234 0 0 0 249 426 0 0 0 0 215 0 0 168 0 447 420 801 120 114 0 0 0 617 0 0 972 914 0 55 856 329 0 538 0 524 0 0 783 0 0 131 0 894 0 469 403 164 257 556 906 208 671 982 837 0 0 0 357 0 927 145 956 903 106 742 439 214 0 361 755 171 594 0 255 499 0 584 162 354 88 926 472 0 778 19 340 0 0 594 449 403 675 533 0 0 968 837 632 817 438 49 388 712 431 922 923 0 512 7 321 0 0 0 927 183 143 0 0 252 0 179 0 184 982 76 0 0 0 5 567 0 602 286 0 655 20 0 13 774 111 0 637 910 0 667 0 0 999 674 441 805 0 441 363 103 634 0 975 0 442 419 807 814 0 208 492 942 837 416 500 186 106 0 0 279 0 840 0 943 215 378 465 520 266 631 294 511 488 549 0 366 609 996 242 246 0 985 0 219 210 954 953 157 45 0 0 0 90 608 329 71 252 0 0 214 747 506 0 913 266 632 0 190 344 920 601 582 14 733 0 600 667 35 0 0 0 526 731 624 134 40 972 522 330 320 200 0 85 0 257 0 309 961 347 0 489 0 221 653 
0 363 237 0 38 27 0 515 400 355 96 0 0 986 90 166 491 540 541 0 0 0 698 302 599 383 0 0 325 20 707 538 0 74 905 617 0 0 525 100 0 0 545 957 894 864 146 0 741 886 0 266 99 67 509 299 967 8 503 164 561 558 826 0 652 0 0 0 96 936 947 597 0 782 0 615 862 95 123 799 0 216 270 990 37 0 140 822 0 744 0 0 488 467 0 0 752 0 428 0 812 833 0 380 0 360 863 443 842 683 744 79 701 0 63 0 0 996 387 987 566 0 267 643 957 789 558 442 49 796 873 682 0 0 968 71 0 698 0 92 106 0 760 911 799 330 0 0 392 625 330 465 101 0 113 374 289 486 920 720 177 808 282 31 0 0 717 0 0 359 438 0 711 0 764 912 542 0 0 213 0 0 268 81 666 414 196 0 166 438 311 885 35 614 120 563 855 959 826 11 0 805 928 500 0 0 458 273 639 300 880 285 16 0 576 750 902 783 498 0 0 864 898 419 0 974 283 0 136 369 609 0 0 719 172 42 970 799 169 875 708 76 0 197 0 0 0 984 271 0 0 542 0 801 140 244 741 583 770 836 328 193 651 0 900 151 157 376 651 285 0 689 942 
547 159 640 0 765 668 936 709 401 435 0 789 394 903 167 527 0 558 0 906 838 834 486 737 514 332 0 0 912 515 0 142 716 0 973 0 0 0 99 233 143 771 283 423 575 0 591 433 73 130 47 646 673 583 0 116 188 253 53 0 0 227 745 0 97 551 0 352 0 0 724 273 225 705 763 390 127 324 62 246 0 0 407 885 0 662 0 173 639 630 36 0 0 270 614 679 151 0 0 57 976 749 606 496 80 542 170 0 998 0 637 615 642 971 615 363 0 646 492 174 209 410 0 560 0 0 836 278 543 651 848 0 0 102 705 0 0 941 0 0 707 515 794 664 935 180 201 0 107 788 614 582 0 594 741 874 255 30 5 684 446 871 285 0 0 0 810 126 0 581 397 205 66 77 793 0 724 0 0 560 276 695 0 9 0 165 796 218 236 246 0 201 391 194 540 25 851 0 238 584 816 0 0 261 0 671 0 818 28 0 432 782 0 986 498 402 0 210 532 281 578 929 659 224 0 0 0 0 259 114 50 0 731 23 0 0 817 279 663 684 867 0 0 0 872 0 0 125 0 881 773 649 447 0 371 21 109 0 211 354 126 630 396 57 493 0 0 587 148 0 628 249 0 
0 540 86 613 784 53 735 543 0 848 493 277 0 107 365 4 380 165 217 693 78 94 651 67 649 391 984 487 910 0 0 246 107 840 0 0 525 99 0 919 0 0 700 584 0 932 626 812 435 118 53 887 0 881 104 177 444 769 754 950 825 0 62 995 45 0 273 0 0 0 822 837 739 330 0 277 789 965 678 0 0 55 257 738 963 577 843 0 359 477 302 862 417 4 592 400 940 581 602 927 910 797 767 150 922 31 553 359 906 969 44 142 131 455 216 437 0 674 591 12 1 0 171 492 282 0 358 0 608 722 13 491 180 0 541 721 0 365 146 135 707 828 567 692 0 893 832 347 866 386 255 935 31 759 453 702 0 476 0 0 885 0 665 0 387 0 0 831 459 758 171 0 0 947 0 155 0 878 0 303 0 0 800 0 0 0 197 305 0 66 102 268 0 584 78 565 366 0 0 159 0 311 0 864 0 718 0 651 998 0 0 743 442 0 2 698 0 979 0 0 0 525 0 24 0 387 0 0 0 90 512 876 576 0 170 0 0 804 263 216 279 993 313 454 910 465 0 755 0 825 0 723 868 0 0 620 755 0 0 751 234 103 0 586 0 130 0 0 325 563 553 523 355 
477 102 612 951 386 0 108 0 0 565 246 14 472 83 78 77 0 656 436 112 500 506 859 653 305 0 173 667 582 861 139 0 0 45 862 972 100 233 919 0 92 363 611 252 0 596 580 864 0 248 73 876 0 647 104 30 861 0 0 348 464 167 0 953 67 629 332 918 212 56 894 0 756 107 556 0 0 0 0 446 578 811 310 292 623 0 0 895 503 0 503 0 497 542 109 0 492 0 468 549 255 85 810 0 921 860 0 850 152 0 32 99 968 0 181 375 219 722 110 150 509 0 202 423 0 266 225 114 0 543 552 231 12 455 0 774 0 98 484 137 0 148 807 0 975 0 0 556 684 809 1 0 339 0 0 0 0 424 0 337 101 758 0 0 0 0 641 767 703 711 113 803 185 693 487 893 0 0 247 71 0 884 0 310 0 0 0 659 467 959 380 0 211 796 53 243 0 0 857 400 0 198 0 55 690 0 515 159 341 244 71 104 0 0 646 350 324 0 191 568 0 469 682 906 463 939 0 903 768 313 593 0 0 481 277 579 383 254 23 902 928 0 249 963 299 236 0 0 0 264 0 735 0 835 639 379 4 587 4 969 387 0 687 59 0 828 0 428 494 0 0 145 205 
196 314 712 226 741 274 420 0 611 376 0 746 979 426 0 830 990 676 878 625 362 0 0 678 342 645 361 0 0 881 0 608 179 223 778 914 0 143 0 92 0 247 92 117 587 537 147 0 417 645 222 0 204 601 782 916 0 543 685 461 597 383 204 478 566 959 774 366 259 378 745 227 903 970 525 366 430 0 159 391 972 50 626 301 0 0 473 950 321 825 706 564 273 338 984 717 0 0 0 0 109 571 138 683 504 747 787 731 0 719 909 71 413 883 295 0 163 867 0 654 496 286 0 529 284 387 277 793 603 985 265 0 87 0 0 988 68 36 499 0 0 417 714 731 724 331 458 734 530 579 0 862 22 987 0 0 34 894 773 526 124 488 850 217 906 69 306 313 0 650 0 0 0 253 672 901 283 150 930 63 888 133 612 0 0 118 825 672 341 840 941 140 177 720 924 303 557 730 606 873 369 431 0 0 167 942 0 0 670 800 0 735 142 813 417 915 0 586 894 332 0 727 493 588 0 0 736 683 756 519 324 0 671 222 0 511 146 226 352 740 104 993 200 0 533 812 913 763 0 320 0 183 556 168 13 705 771 586 731 0 822 0 880 0 45 162 191 0 643 651 0 869 110 
301 830 0 682 208 292 0 961 0 320 558 519 514 739 0 111 962 261 185 260 0 404 17 58 504 437 915 836 273 0 914 611 655 695 90 0 0 771 0 363 247 0 544 0 361 119 337 963 0 109 711 601 0 211 403 838 0 0 735 207 831 186 485 0 60 965 85 962 0 402 314 110 763 590 172 490 317 22 784 926 153 492 565 507 50 869 89 559 540 703 815 436 636 0 30 0 0 0 337 21 434 0 0 234 126 566 667 393 826 951 578 0 492 737 731 154 72 278 417 956 352 526 782 836 988 916 365 0 977 0 341 902 0 540 810 604 3 127 524 0 778 775 212 891 0 315 0 906 827 265 0 960 72 418 0 669 0 0 381 810 618 434 489 0 939 0 91 0 583 818 963 423 989 0 3 975 215 897 0 150 691 0 721 267 721 0 142 803 413 815 253 860 0 0 0 430 187 0 0 733 162 469 955 0 497 772 0 347 293 75 0 194 721 58 0 952 599 39 528 234 641 0 0 336 0 868 0 0 643 0 678 34 660 71 97 768 817 288 512 770 0 300 523 917 44 0 63 970 915 0 508 187 0 0 316 947 789 117 0 555 686 479 0 134 560 338 0 691 0 629 505 235 499 
0 0 0 547 525 0 584 223 0 604 536 697 963 256 172 762 604 733 0 658 3 592 0 576 838 606 794 910 21 465 397 75 747 589 465 55 545 283 700 611 92 544 0 113 624 1 0 987 0 717 909 0 812 153 0 412 484 528 971 0 439 856 0 897 0 638 491 316 0 327 0 833 169 696 859 348 744 460 0 783 0 544 0 0 343 0 684 511 395 0 470 83 545 387 971 518 5 370 218 960 0 691 753 95 916 0 0 613 0 519 0 785 408 0 601 743 0 925 711 172 304 941 798 0 0 97 745 0 999 364 401 477 471 463 0 949 0 0 0 425 0 0 585 842 837 0 297 233 0 0 804 22 0 0 437 883 831 0 835 583 0 0 0 929 275 766 303 214 805 118 795 0 177 876 606 0 152 608 0 279 137 0 0 115 461 632 497 0 627 701 777 0 868 844 7 0 0 798 586 993 501 648 461 659 780 37 897 985 390 211 119 846 161 0 597 817 991 287 40 501 819 0 761 591 141 0 429 0 789 785 944 210 793 130 957 291 3 0 311 553 585 0 737 537 697 377 325 419 434 379 696 782 844 0 615 0 106 873 678 322 0 26 0 983 374 0 222 0 264 469 760 1 159 
