0 546 870 0 981 590 429 239 339 756 464 0 145 0 0 316 32 643 527 696 0 314 0 0 0 0 855 172 325 0 46 92 478 113 0 0 0 301 269 528 493 0 0 891 0 693 794 359 799 981 405 70 536 470 165 528 810 459 183 668 918 0 989 281 0 401 195 0 916 0 361 0 921 520 0 0 0 428 232 357 656 282 950 866 652 890 0 383 0 0 0 494 0 0 264 468 775 600 134 0 864 0 394 0 437 313 940 330 0 13 350 118 923 944 36 0 0 453 120 904 0 436 399 0 918 0 0 481 0 0 66 0 18 0 104 869 189 505 0 214 373 935 0 225 232 811 0 134 0 114 514 0 229 531 557 0 0 932 492 830 898 207 0 940 0 47 722 948 0 144 0 759 193 572 756 159 316 450 0 406 811 143 524 613 99 0 139 589 368 200 891 438 115 591 390 458 0 442 844 136 49 986 0 384 0 0 185 636 0 0 970 769 685 418 235 0 803 359 254 97 0 0 919 257 233 50 0 0 691 425 169 289 867 875 0 842 374 342 0 327 393 592 866 0 203 
546 0 841 541 968 564 0 277 0 0 0 468 581 592 187 0 339 980 33 0 211 0 126 0 0 153 0 0 164 729 604 451 299 666 296 946 446 441 976 753 674 732 220 24 317 780 636 0 714 200 886 996 338 0 0 0 952 0 7 39 0 761 0 252 765 984 0 507 0 470 784 80 401 0 350 862 416 883 605 524 453 0 243 0 943 50 995 0 333 0 49 414 238 930 47 0 189 0 94 823 433 0 105 459 291 826 343 265 806 714 827 0 281 28 816 486 791 788 0 955 0 616 378 0 0 9 146 455 815 0 153 166 0 352 447 527 131 682 0 132 0 712 242 963 0 116 738 0 346 770 564 751 0 0 0 402 282 292 0 411 0 361 324 486 508 900 712 846 704 52 0 732 0 0 941 0 811 719 546 542 285 383 117 590 0 846 0 0 762 490 772 271 41 46 0 0 61 46 876 256 216 394 825 462 30 0 631 193 48 513 792 472 937 517 445 489 42 0 618 620 13 830 0 558 153 998 0 0 990 0 691 627 915 320 0 0 811 56 360 820 626 0 645 160 225 
870 841 0 37 964 271 205 284 26 560 635 269 519 544 955 879 901 686 249 0 698 555 396 118 0 702 0 761 950 0 0 895 352 993 461 618 654 0 0 645 811 866 502 192 610 0 362 0 162 455 102 0 54 0 328 79 984 978 0 438 538 304 229 870 719 108 33 190 432 0 371 0 827 269 717 363 202 205 280 0 773 0 443 818 0 362 343 240 12 22 927 0 103 911 0 285 377 79 899 839 0 384 100 433 0 220 0 342 442 0 24 494 4 0 0 669 0 0 0 539 904 682 701 953 81 344 0 669 967 0 204 743 0 391 746 0 598 0 745 59 651 568 371 0 535 218 0 0 347 0 293 0 843 30 0 812 0 236 978 456 856 549 646 852 148 768 44 0 862 17 41 668 11 0 0 953 330 224 0 597 0 759 559 291 908 0 153 58 460 0 310 0 932 0 660 738 957 810 259 0 49 951 765 0 0 68 0 446 837 161 502 121 0 182 802 507 0 0 422 881 299 575 61 671 297 981 797 429 0 828 0 262 210 810 404 572 242 565 354 330 967 641 0 369 836 
0 541 37 0 451 660 240 441 284 454 733 615 841 0 531 558 0 505 209 0 0 706 773 0 224 0 905 400 265 694 0 805 168 454 88 212 482 0 434 761 573 634 161 445 0 994 971 739 0 0 674 219 926 901 402 199 489 822 13 696 967 890 0 997 466 650 946 874 515 0 736 865 682 693 582 304 212 477 484 721 449 206 769 695 469 0 664 322 406 355 627 871 437 301 14 0 841 0 0 948 0 594 0 0 553 890 856 325 798 164 839 790 327 362 0 299 0 979 846 154 0 76 0 0 506 157 540 333 450 0 0 784 604 226 321 659 0 361 565 937 109 241 428 587 916 206 799 218 85 957 0 132 0 0 0 894 0 324 0 401 431 0 796 964 0 527 0 470 0 268 0 34 981 503 316 512 43 581 0 753 743 518 0 205 0 0 534 982 0 0 616 746 0 713 0 250 968 374 661 456 459 0 924 543 0 70 73 662 537 0 0 97 538 63 0 103 610 0 0 440 398 188 443 440 0 28 211 277 218 179 752 649 907 545 116 104 938 0 0 231 708 406 599 987 584 
981 968 964 451 0 476 0 0 798 0 900 401 57 207 180 0 56 139 0 48 221 0 734 639 128 652 0 773 372 833 623 417 664 946 847 0 778 0 0 937 640 161 860 873 422 847 931 869 383 115 373 0 319 302 504 402 930 555 868 113 0 621 365 41 820 131 541 82 12 860 0 590 368 933 982 777 29 335 754 636 901 535 792 297 0 303 570 680 0 166 0 86 70 0 851 164 569 28 730 541 0 649 996 0 183 0 296 660 305 0 0 508 907 872 0 752 489 626 202 0 0 742 41 172 583 0 0 356 0 134 514 117 0 0 0 418 110 175 182 851 576 0 174 0 116 510 622 302 537 0 307 0 992 322 575 151 0 983 656 540 0 339 816 24 112 895 529 200 0 0 0 714 594 0 0 427 0 51 168 0 162 744 517 887 315 820 0 962 654 0 0 359 278 633 0 496 875 500 0 628 236 26 717 327 0 769 820 589 844 61 525 737 0 923 391 575 490 812 556 694 164 902 438 533 473 384 137 431 974 555 846 0 670 339 610 0 0 309 0 739 183 257 589 461 659 
590 564 271 660 476 0 141 950 729 203 114 720 958 761 167 497 738 0 234 0 0 239 0 371 8 0 744 554 164 15 35 741 129 298 203 18 0 0 813 484 683 679 406 137 398 0 268 256 994 293 632 452 294 11 318 439 0 375 0 67 48 341 0 0 282 86 314 740 0 0 0 780 150 0 0 0 313 0 942 297 157 42 0 0 470 287 546 0 163 638 166 0 988 596 0 622 0 918 489 722 659 637 270 635 0 455 800 355 0 407 80 0 970 26 481 774 0 538 537 0 569 700 866 290 670 497 767 389 0 51 0 151 0 332 0 632 176 318 0 774 0 435 982 830 229 880 358 117 0 880 220 861 624 0 883 623 676 891 463 31 218 669 0 351 900 110 862 0 99 0 0 90 0 929 321 0 181 2 531 447 405 526 650 360 414 767 159 390 898 826 520 0 177 633 0 318 46 0 639 710 0 0 604 0 851 901 851 493 195 298 0 531 316 646 366 226 0 749 269 546 557 0 0 858 0 593 181 282 670 864 362 814 210 451 478 295 440 0 711 657 989 0 404 574 219 
429 0 205 240 0 141 0 0 787 266 0 99 101 57 609 0 0 346 964 0 278 616 51 222 0 680 563 226 981 0 0 467 125 0 674 0 383 0 676 410 733 456 757 384 0 868 0 789 244 879 403 123 374 0 866 0 183 0 791 436 583 747 934 797 0 670 0 0 460 0 254 748 744 833 222 725 486 0 565 65 734 304 26 0 436 219 0 516 698 690 802 321 652 912 787 877 0 563 476 0 702 489 946 893 650 238 542 0 388 52 0 945 647 0 328 405 313 582 0 226 0 222 561 0 326 0 610 434 356 804 373 0 56 12 278 76 67 479 822 571 568 673 970 455 459 876 302 696 64 0 294 72 116 161 658 0 0 243 410 0 420 773 677 0 663 735 0 0 344 414 336 725 0 704 904 0 91 330 0 0 416 631 793 0 599 659 945 0 598 613 0 971 0 0 788 474 674 828 153 124 0 0 848 828 0 990 0 964 997 459 758 954 0 0 128 482 360 0 0 424 405 243 0 587 0 462 805 0 499 0 886 313 48 256 900 415 533 255 0 567 381 232 0 292 471 
239 277 284 441 0 950 0 0 623 834 800 0 840 0 0 0 26 266 441 0 949 891 898 679 233 149 807 229 255 74 0 526 878 578 330 0 474 0 0 626 960 746 0 723 710 135 165 871 0 0 765 674 0 168 604 826 0 0 522 367 135 451 0 137 415 30 158 0 0 0 856 630 272 211 670 664 411 0 895 0 165 532 435 0 0 414 0 126 0 0 729 232 760 0 0 532 617 486 932 816 0 156 827 427 751 418 647 337 162 0 79 29 964 586 702 279 624 87 640 43 232 0 438 62 383 130 144 574 390 319 0 0 0 318 555 0 0 0 468 534 0 0 77 0 386 0 275 0 724 231 573 110 570 598 746 804 695 0 0 626 548 0 0 846 265 390 982 793 0 727 0 709 0 860 356 911 338 543 885 698 403 229 308 40 129 22 0 877 384 48 0 499 798 82 0 399 347 642 579 905 936 368 785 869 712 665 0 85 634 9 0 588 947 395 468 885 0 994 552 777 682 841 0 578 75 985 0 728 898 593 685 705 953 38 831 860 858 0 208 226 744 0 0 0 375 
339 0 26 284 798 729 787 623 0 0 567 0 541 0 30 372 0 0 753 157 383 0 0 901 0 757 468 868 925 206 980 639 0 883 10 0 842 284 0 0 832 736 560 221 960 44 715 0 628 686 788 227 76 0 307 0 0 152 401 276 0 66 289 841 667 236 486 29 947 0 170 0 363 685 399 514 453 0 214 681 536 815 132 56 244 0 0 134 883 290 299 660 363 596 0 670 171 310 0 861 0 0 0 947 745 576 0 0 702 0 661 0 123 758 375 840 0 0 407 483 464 0 132 0 158 807 0 230 0 370 189 0 307 640 697 987 882 229 482 300 151 603 0 33 780 658 985 0 81 449 614 230 658 514 411 712 847 51 205 84 85 0 672 941 101 261 651 416 285 182 0 0 25 141 0 791 0 726 755 0 211 5 659 128 748 0 0 695 96 115 555 495 11 105 519 703 0 0 436 0 0 920 497 0 865 104 283 647 194 0 360 209 582 597 2 324 993 590 0 427 0 0 389 356 0 77 0 317 59 51 421 897 454 553 0 0 567 32 315 495 212 727 151 128 0 
756 0 560 454 0 203 266 834 0 0 681 721 56 0 627 2 439 0 971 726 545 888 469 0 134 609 785 0 388 0 430 824 847 0 176 315 13 578 319 0 95 234 126 641 0 0 124 286 575 436 0 330 0 115 828 702 281 286 333 0 0 0 338 188 869 882 863 504 832 589 740 960 554 0 339 997 46 302 0 0 895 837 223 38 516 0 53 573 0 768 260 267 982 0 0 294 865 836 0 413 0 0 0 0 0 0 910 519 661 0 0 517 323 0 672 350 986 968 0 174 675 499 0 0 195 651 0 949 213 768 353 468 832 0 361 775 899 171 627 0 0 0 224 0 210 41 922 969 578 0 451 376 0 194 851 817 0 93 0 338 352 0 0 717 295 0 0 573 728 0 13 120 300 397 230 0 59 80 0 411 0 556 356 12 511 0 0 991 205 664 303 573 144 17 709 0 104 236 801 0 0 875 372 9 644 0 0 638 0 819 113 0 606 863 0 0 84 0 331 680 274 633 0 699 0 0 0 368 585 240 0 482 0 494 938 302 0 635 233 945 235 492 509 0 71 
464 0 635 733 900 114 0 800 567 681 0 272 0 795 277 22 0 866 0 438 259 544 717 691 760 108 733 0 0 477 847 475 0 442 375 739 0 699 33 0 147 175 302 454 0 198 0 634 0 346 0 252 653 995 282 673 978 487 721 259 14 0 689 42 904 364 479 352 738 267 376 0 164 593 236 198 257 152 945 281 0 155 0 834 159 0 177 0 768 226 340 68 134 488 0 294 982 603 127 730 750 0 962 891 0 281 0 0 957 935 531 372 534 919 116 915 468 237 673 271 10 0 11 0 171 211 67 965 231 677 264 943 0 127 503 758 754 645 878 349 0 679 967 244 500 236 267 119 592 716 459 579 617 328 0 132 0 612 619 691 0 760 0 129 0 505 872 739 0 290 864 0 0 0 373 240 0 0 923 251 313 19 957 150 951 434 0 0 0 0 563 0 0 405 688 668 299 0 113 0 745 772 292 667 621 0 470 56 0 176 165 779 383 731 912 0 300 755 469 967 868 531 0 0 843 397 752 964 439 0 0 243 0 0 406 275 0 389 0 969 380 0 734 161 725 
0 468 269 615 401 720 99 0 0 721 272 0 260 177 785 1 865 74 364 868 585 189 693 88 46 0 0 12 920 161 703 0 617 639 200 937 7 0 941 347 373 0 0 568 345 20 0 21 917 223 145 0 648 408 86 256 748 455 489 603 762 369 0 0 925 589 452 0 662 229 0 397 725 0 559 117 0 0 618 330 232 320 708 364 863 271 774 723 907 0 790 698 0 0 903 901 248 165 697 737 54 0 0 21 399 369 612 828 269 606 154 937 595 702 55 659 276 952 695 723 947 586 0 304 270 364 157 0 0 575 122 0 0 620 0 0 0 0 0 266 145 822 0 697 309 611 281 517 256 0 141 17 45 287 578 208 344 295 0 0 776 0 0 0 0 836 798 0 0 789 325 749 950 0 684 887 728 547 0 667 131 443 784 0 925 55 0 0 745 0 0 164 314 929 271 569 287 334 555 45 742 272 156 576 303 783 916 146 608 211 555 483 915 391 948 924 721 0 300 768 0 969 366 675 712 0 118 548 653 0 862 804 118 801 0 935 222 149 0 192 705 427 592 563 217 
145 581 519 841 57 958 101 840 541 56 0 260 0 884 242 0 0 767 793 676 752 570 372 708 559 0 849 0 920 817 206 9 651 0 0 25 362 992 411 36 444 385 932 0 381 305 435 0 0 200 563 986 925 0 0 997 805 391 473 216 29 611 197 0 0 708 0 677 0 908 0 395 525 697 315 992 575 0 838 841 619 888 0 0 0 975 286 684 0 877 767 0 135 711 0 0 0 0 37 617 0 0 958 0 272 772 257 508 315 613 895 764 0 0 790 630 938 214 427 157 255 756 978 0 935 0 10 507 338 0 420 402 730 618 633 5 315 0 345 145 0 391 132 184 140 582 214 633 0 0 218 0 0 662 0 69 136 980 328 990 0 979 255 81 871 961 683 0 0 298 0 284 0 736 0 454 0 69 354 446 0 58 98 0 756 804 680 157 0 862 653 639 765 0 684 936 796 0 847 129 405 152 312 880 406 0 0 252 927 82 256 776 755 504 0 252 159 0 920 585 817 844 305 442 33 596 0 456 988 0 664 926 230 800 0 806 788 0 0 949 0 263 74 862 834 
0 592 544 0 207 761 57 0 0 0 795 177 884 0 0 412 749 433 986 0 0 0 950 743 464 983 212 0 185 940 608 913 0 6 997 0 229 184 53 0 0 246 525 910 166 585 298 54 976 337 674 370 615 0 408 464 0 15 805 485 507 881 0 930 230 443 560 957 322 0 515 239 390 704 743 0 558 913 0 486 550 0 0 893 416 0 702 378 982 883 331 894 669 237 717 921 0 0 831 25 0 260 138 88 715 50 144 0 237 697 0 803 979 137 0 575 0 902 0 439 451 544 499 112 0 0 103 210 0 121 0 0 787 831 0 889 56 0 136 0 894 125 800 321 265 530 613 390 0 0 521 235 328 95 525 870 986 264 489 0 365 396 0 900 0 70 677 62 0 0 877 0 0 569 511 0 223 173 0 596 366 367 888 776 0 771 286 704 730 0 324 0 0 0 525 381 245 323 0 467 574 713 0 960 0 438 890 0 364 620 0 664 0 0 365 0 0 319 739 0 847 453 784 12 759 488 345 514 0 900 796 0 673 245 344 0 739 205 0 623 599 989 0 0 909 
0 187 955 531 180 167 609 0 30 627 277 785 242 0 0 0 627 659 667 507 0 196 65 468 521 587 604 362 692 256 946 63 48 309 742 752 463 884 823 646 746 395 603 0 578 722 910 0 520 382 39 602 0 0 675 563 0 846 392 139 129 778 505 0 648 473 637 0 365 204 209 82 295 599 14 0 613 0 0 0 728 467 511 0 0 102 955 0 0 241 154 115 747 692 777 76 0 32 893 859 0 336 100 686 662 216 896 920 388 634 0 0 884 0 0 384 432 346 902 285 902 826 0 0 86 132 284 554 0 493 384 675 150 0 752 486 279 103 779 933 121 0 0 331 438 617 832 135 898 924 591 87 658 523 0 509 878 176 0 418 0 0 764 132 0 794 0 84 89 479 404 0 396 0 538 628 502 0 0 0 250 837 537 583 612 755 469 658 2 0 0 835 262 643 0 598 0 971 754 786 346 823 734 392 493 332 0 453 495 350 513 504 2 0 556 648 300 908 983 982 617 327 231 383 94 0 537 147 0 178 678 276 0 0 666 0 485 989 185 0 973 646 799 129 7 
316 0 879 558 0 497 0 0 372 2 22 1 0 412 0 0 0 118 379 698 228 462 0 260 0 594 0 483 743 563 705 834 835 0 488 523 484 131 845 729 742 278 487 991 553 765 924 389 0 0 256 0 473 617 718 801 383 264 174 565 484 486 918 161 670 378 367 327 0 0 0 696 777 707 0 101 0 0 958 951 405 47 541 909 594 204 0 80 549 821 0 295 0 796 905 29 9 700 631 705 5 185 744 771 207 0 0 0 188 233 0 109 963 807 755 993 386 532 0 857 149 0 110 725 457 799 522 26 380 912 191 0 98 0 128 830 712 375 178 694 32 0 601 178 177 0 741 0 902 212 492 0 22 462 0 0 165 0 741 259 0 223 220 563 712 334 978 5 463 36 0 0 229 887 0 577 933 426 261 339 102 657 0 601 957 895 0 486 762 536 395 277 0 728 0 648 313 508 800 937 26 886 0 707 484 0 712 422 633 395 801 0 206 377 23 687 0 825 227 411 490 134 355 46 0 157 372 754 557 0 698 0 103 418 0 3 783 117 0 679 934 866 186 541 492 
32 339 901 0 56 738 0 26 0 439 0 865 0 749 627 0 0 288 650 647 906 430 0 88 172 864 886 524 0 947 0 396 441 0 0 817 757 0 0 877 875 581 493 617 0 0 770 102 494 0 491 0 0 643 196 944 0 0 0 303 504 218 590 179 101 0 888 0 131 341 694 931 408 0 741 854 388 0 252 944 495 0 0 0 957 911 296 66 0 0 0 0 863 381 440 0 854 234 0 948 0 0 0 0 454 30 547 0 0 0 0 462 308 725 0 54 333 841 389 0 9 408 821 556 737 832 444 0 0 257 650 0 295 610 864 572 0 401 0 772 996 0 220 0 307 703 528 541 628 882 0 966 276 0 50 0 0 972 0 317 852 593 756 869 0 0 0 352 588 0 124 0 248 25 641 0 572 820 571 991 551 961 783 403 496 474 376 92 339 499 142 820 429 708 196 47 384 960 0 0 531 531 0 493 535 158 368 445 464 236 109 347 0 230 782 0 0 35 246 34 0 319 723 226 778 630 378 18 0 120 0 0 210 0 962 829 0 0 337 213 233 450 736 414 282 
643 980 686 505 139 0 346 266 0 0 866 74 767 433 659 118 288 0 0 192 0 700 0 0 796 672 596 561 652 590 933 0 160 540 403 0 283 0 719 672 935 423 932 0 279 576 118 0 0 15 706 49 824 646 582 0 898 515 437 482 465 0 193 510 0 0 834 353 248 0 717 460 518 653 97 0 998 937 18 690 633 803 176 765 184 202 0 153 209 806 788 135 790 689 685 678 636 10 338 656 939 0 933 734 539 741 381 971 486 757 890 489 75 782 376 295 870 782 260 29 520 591 177 203 272 818 691 533 494 0 0 933 363 606 633 850 386 0 821 906 631 442 597 486 435 0 249 250 138 10 121 870 454 0 245 211 0 0 119 0 542 883 820 682 974 0 454 286 0 345 533 301 308 582 208 504 752 61 648 905 346 303 636 274 453 0 32 828 903 685 859 777 282 129 64 745 636 381 418 0 149 944 900 0 987 728 771 677 109 144 33 256 0 261 153 969 444 850 846 352 820 702 129 278 116 0 989 0 0 666 0 748 615 671 659 582 93 173 305 378 739 613 268 707 450 
527 33 249 209 0 234 964 441 753 971 0 364 793 986 667 379 650 0 0 233 0 731 61 697 865 69 782 426 597 849 514 176 777 607 841 456 0 377 0 798 189 564 42 427 790 0 703 486 457 0 917 400 92 0 514 199 0 160 0 0 419 0 0 0 322 949 817 351 587 805 0 528 306 695 533 0 0 637 178 0 602 878 348 433 520 457 0 593 94 504 578 606 0 423 0 554 83 817 666 508 964 418 664 0 789 0 269 481 0 26 0 950 620 927 1 822 701 499 0 33 2 277 833 289 39 188 268 714 941 73 724 0 15 429 359 426 705 0 509 432 0 27 308 960 943 185 303 393 161 722 0 790 215 0 745 349 630 545 244 588 619 380 0 0 810 0 0 0 584 861 547 552 685 653 907 579 106 35 456 826 967 626 126 989 769 538 633 922 234 595 898 0 671 0 82 881 165 166 817 152 228 521 0 0 606 725 274 268 906 237 0 110 213 73 277 0 0 37 0 908 329 889 0 834 0 532 774 723 145 80 335 970 595 0 828 163 296 399 662 188 875 108 0 967 536 
696 0 0 0 48 0 0 0 157 726 438 868 676 0 507 698 647 192 233 0 367 786 851 580 729 523 322 550 0 187 918 39 806 0 547 836 155 0 607 0 380 114 207 0 901 728 547 0 0 405 0 532 863 558 0 722 24 45 643 28 409 814 639 270 501 118 759 199 912 0 0 852 862 391 597 0 294 105 212 754 941 359 0 86 787 896 0 797 854 979 0 767 0 0 395 757 825 93 484 0 0 991 739 365 97 902 314 889 644 640 228 787 996 0 224 16 622 0 515 0 0 961 712 665 0 696 0 82 167 212 474 0 937 0 0 308 845 931 0 149 472 667 952 817 102 764 360 642 610 247 77 555 449 0 179 805 992 873 675 0 184 681 0 59 94 436 757 0 0 379 432 39 0 0 0 24 885 37 263 0 162 314 829 305 698 0 550 173 426 0 0 0 0 129 0 367 536 755 467 387 666 502 68 286 388 533 0 808 21 0 569 730 132 141 816 240 593 0 0 0 0 733 141 303 0 0 67 299 35 487 353 211 720 0 276 280 0 0 479 515 49 75 522 592 122 
0 211 698 0 221 0 278 949 383 545 259 585 752 0 0 228 906 0 0 367 0 648 474 123 892 976 540 390 482 214 971 372 0 906 280 55 592 262 817 175 879 0 0 0 238 0 865 222 121 450 0 0 0 0 112 0 158 979 176 953 526 718 459 584 865 48 0 0 0 0 852 0 343 0 0 486 0 297 149 0 0 0 955 564 164 193 288 0 0 267 677 73 827 0 181 0 0 1 923 921 288 987 211 0 349 589 63 19 807 0 966 543 571 0 24 11 966 303 598 722 840 0 149 307 0 604 573 0 280 0 846 243 0 510 400 73 896 861 362 34 285 427 501 823 0 615 603 959 92 326 79 0 474 42 0 349 508 886 0 0 0 0 299 0 734 364 0 990 626 381 0 319 523 612 0 833 225 0 0 632 54 461 959 979 204 530 0 842 380 868 57 59 663 201 227 117 0 399 586 111 172 233 791 0 796 238 801 0 851 755 325 0 0 691 31 361 496 617 989 239 679 115 378 893 102 0 674 364 889 838 738 438 382 376 0 248 439 446 704 362 974 614 264 403 265 
314 0 555 706 0 239 616 891 0 888 544 189 570 0 196 462 430 700 731 786 648 0 672 0 0 533 0 355 73 851 993 594 98 323 354 975 91 0 0 54 371 433 486 0 866 977 396 940 706 0 361 150 210 726 0 876 0 378 237 0 658 0 0 247 159 40 337 662 0 0 672 162 387 291 0 208 932 585 434 6 226 590 726 0 994 129 504 447 78 797 320 0 978 114 671 325 442 932 443 0 563 532 657 159 832 584 0 0 267 547 542 17 776 327 762 695 45 22 966 0 608 285 239 849 0 788 0 628 0 0 0 706 145 187 0 556 938 17 771 491 0 779 0 167 96 907 515 688 0 0 41 0 0 398 0 106 0 1 0 54 900 0 966 0 476 370 776 476 740 0 0 0 296 325 0 0 0 985 0 864 955 997 0 787 526 913 880 430 44 85 388 374 527 0 220 96 712 28 0 351 982 0 515 0 647 847 183 878 0 0 95 457 191 500 378 272 997 0 519 299 635 756 610 962 733 55 574 12 167 0 166 0 0 947 102 458 107 254 662 3 361 796 975 777 708 
0 126 396 773 734 0 51 898 0 469 717 693 372 950 65 0 0 0 61 851 474 672 0 591 899 754 167 864 0 164 176 913 950 312 770 151 322 738 261 812 0 884 0 25 117 130 677 129 342 629 559 931 285 386 0 573 0 939 367 531 601 357 0 0 0 169 47 124 830 772 737 0 719 391 358 682 326 0 0 0 171 0 0 791 945 533 264 0 132 470 0 598 610 735 20 0 251 0 369 140 598 0 665 0 484 276 984 750 231 786 694 994 900 386 600 394 207 826 463 355 735 902 467 135 567 722 231 0 69 658 204 651 529 610 0 0 418 264 860 137 493 0 0 172 0 0 931 301 269 0 217 950 815 309 75 42 0 171 862 951 0 103 24 566 602 0 452 592 618 171 0 775 497 158 726 0 114 0 5 62 134 417 913 805 0 999 0 6 0 984 832 653 0 636 522 219 267 408 992 178 464 150 0 705 15 796 0 0 664 0 647 630 696 348 0 874 460 968 302 395 0 0 755 367 0 101 540 263 436 821 831 735 21 0 54 64 0 777 0 615 0 509 254 761 190 
0 0 118 0 639 371 222 679 901 0 691 88 708 743 468 260 88 0 697 580 123 0 591 0 945 296 0 902 738 0 209 631 4 33 0 236 454 599 59 270 168 432 948 276 291 36 980 0 356 579 258 0 520 88 687 490 603 479 0 764 548 952 44 995 0 413 382 811 477 475 0 18 534 255 402 639 956 0 0 29 0 0 123 421 189 0 307 825 92 393 0 562 0 665 978 767 31 939 973 962 862 469 7 167 0 238 69 487 0 842 0 638 802 153 406 148 0 944 306 817 0 679 7 118 0 0 0 969 130 0 0 0 108 896 114 272 203 625 71 892 0 932 178 42 320 136 432 913 208 0 470 601 0 857 0 139 0 0 667 394 429 0 0 0 0 0 427 31 433 103 0 354 0 752 841 797 615 431 570 425 959 824 0 0 642 543 719 689 648 0 714 564 873 0 0 652 0 307 960 660 17 816 853 52 0 543 824 0 783 499 67 0 765 0 505 966 539 521 864 576 220 632 967 557 447 0 91 373 686 0 0 0 0 0 815 719 0 312 0 216 0 0 504 57 129 
0 0 0 224 128 8 0 233 0 134 760 46 559 464 521 0 172 796 865 729 892 0 899 945 0 185 871 424 50 210 0 0 0 436 0 255 909 0 461 146 547 911 716 304 859 328 671 273 659 968 173 0 0 409 0 282 429 646 715 605 826 604 564 308 458 299 902 0 393 714 568 114 246 246 931 945 589 795 891 0 338 494 214 459 531 88 0 439 737 899 707 453 929 899 144 550 401 699 602 292 0 910 0 0 388 225 81 839 409 645 834 295 380 442 606 0 3 0 0 467 745 138 0 838 0 0 0 491 69 0 395 232 324 0 0 473 0 580 106 178 461 618 785 0 10 0 386 534 29 0 537 86 0 358 0 353 270 968 692 694 0 609 602 152 0 837 830 639 83 93 192 758 393 636 0 0 106 0 946 0 0 484 981 748 391 397 18 546 0 972 585 206 0 665 739 929 0 917 199 109 493 0 104 676 0 154 8 0 775 173 78 510 904 388 940 0 0 116 891 0 227 175 928 0 944 0 0 0 0 0 0 349 999 0 483 533 615 97 0 131 114 954 0 680 101 
0 153 702 0 652 0 680 149 757 609 108 0 0 983 587 594 864 672 69 523 976 533 754 296 185 0 49 578 734 0 0 0 96 873 0 684 11 814 0 707 0 641 0 161 442 239 0 803 592 998 578 178 84 390 886 202 123 0 0 257 0 315 0 186 0 747 0 0 59 494 495 977 0 0 715 64 25 317 171 0 707 315 0 0 890 610 218 721 0 249 964 852 462 376 0 668 543 360 999 664 973 808 679 90 959 903 837 172 168 279 811 282 0 529 718 305 33 149 88 517 562 62 839 480 938 641 0 320 617 635 486 748 493 537 927 0 0 0 861 0 629 0 816 329 554 0 0 0 211 826 414 125 0 0 0 0 224 0 0 747 963 43 0 969 252 244 321 955 645 425 574 122 0 894 469 929 201 967 0 720 91 121 742 47 809 466 922 372 407 782 389 953 0 106 556 97 551 868 553 274 494 560 923 65 446 43 984 0 99 442 0 209 0 310 0 400 690 534 87 0 120 404 306 5 38 981 521 635 766 632 107 418 965 514 0 735 822 457 812 189 999 15 154 962 871 
855 0 0 905 0 744 563 807 468 785 733 0 849 212 604 0 886 596 782 322 540 0 167 0 871 49 0 292 31 0 978 0 0 626 948 261 379 0 697 456 498 238 146 471 502 941 784 911 192 0 153 263 625 789 472 337 281 208 749 988 0 689 50 608 11 680 378 879 188 12 90 0 292 0 269 769 790 175 974 115 640 708 545 0 0 0 691 0 388 574 0 17 0 558 477 481 491 784 532 826 769 0 747 384 950 0 681 136 73 810 0 68 0 777 299 414 336 0 556 0 242 284 976 129 644 0 207 0 0 695 818 0 432 409 195 0 96 961 0 379 0 120 793 305 178 821 836 0 0 235 455 936 609 0 376 0 0 240 923 104 89 396 412 0 975 764 27 647 0 710 758 300 289 875 538 839 87 83 0 857 387 379 0 364 602 0 422 412 412 130 551 772 752 0 218 0 460 889 0 387 477 384 719 842 199 752 163 339 0 262 409 790 0 355 0 489 225 197 745 467 336 954 514 204 0 0 231 155 682 0 0 532 586 803 742 144 141 174 177 0 0 978 215 291 214 
172 0 761 400 773 554 226 229 868 0 0 12 0 0 362 483 524 561 426 550 390 355 864 902 424 578 292 0 438 0 755 880 374 280 547 0 468 496 746 0 0 143 163 801 594 853 102 174 751 0 613 904 0 723 0 0 0 602 231 249 131 500 807 0 342 287 466 0 670 331 55 11 156 0 127 0 793 534 399 0 0 231 828 656 994 264 910 0 0 0 0 248 569 990 0 38 0 684 618 24 551 414 0 506 833 426 126 642 0 201 0 0 0 248 0 701 0 0 348 0 0 197 418 911 602 297 166 213 720 0 918 4 517 0 0 433 0 100 0 611 0 101 0 0 0 676 0 710 453 86 0 265 525 238 26 0 17 0 76 488 407 299 916 79 999 635 0 840 292 821 430 558 163 730 928 532 928 0 787 173 709 795 38 0 0 0 373 623 46 934 0 0 584 0 100 231 232 970 89 0 0 754 810 695 905 838 91 342 773 792 0 729 0 234 353 763 713 620 553 197 654 6 0 0 0 425 423 354 548 798 469 129 0 0 0 0 679 0 115 50 296 437 340 197 0 
325 164 950 265 372 164 981 255 925 388 0 920 920 185 692 743 0 652 597 0 482 73 0 738 50 734 31 438 0 215 997 0 0 671 263 0 0 986 282 112 414 137 183 18 331 120 0 56 937 564 0 745 14 139 733 0 0 397 951 571 0 874 339 3 787 328 245 466 49 174 505 801 740 554 448 0 0 186 0 821 588 358 0 54 933 562 886 0 98 701 0 660 158 989 490 0 564 0 167 753 729 277 0 0 621 830 686 747 379 83 625 162 375 281 699 972 871 960 985 583 220 0 0 0 229 570 560 705 458 117 86 90 0 195 831 666 104 94 505 178 905 516 43 0 685 943 129 148 638 701 558 0 875 295 0 391 593 375 655 0 500 777 0 0 856 411 193 851 938 270 0 239 260 547 471 822 67 567 749 776 413 0 0 935 259 0 0 0 0 159 0 0 919 0 274 0 808 870 502 852 0 690 453 608 0 371 559 576 333 0 894 406 0 0 33 0 607 0 0 920 99 0 0 750 579 811 0 58 0 0 0 329 0 111 296 68 35 260 191 41 54 0 0 0 656 
0 729 0 694 833 15 0 74 206 0 477 161 817 940 256 563 947 590 849 187 214 851 164 0 210 0 0 0 215 0 258 639 688 0 0 175 554 672 0 169 897 821 565 568 147 863 411 122 570 953 0 185 911 0 992 345 316 736 236 133 305 22 231 0 416 257 35 745 53 282 473 304 948 681 599 303 0 382 331 853 520 0 19 985 351 0 604 0 517 19 615 332 389 341 0 268 994 278 733 708 797 0 899 444 0 0 28 54 0 434 432 329 0 17 219 0 694 887 283 568 424 224 960 524 0 130 679 220 383 0 0 181 985 75 891 816 155 328 0 917 0 559 0 472 451 500 0 508 422 0 703 0 746 52 0 0 583 42 743 838 325 553 0 910 0 0 72 165 0 283 882 71 0 0 300 886 0 0 0 270 790 0 429 27 39 74 785 333 91 17 55 697 0 956 987 426 0 0 0 0 707 532 854 0 22 0 944 311 774 53 360 532 58 0 729 0 408 0 636 974 283 0 0 337 20 622 0 793 541 0 160 639 869 852 0 383 861 995 287 505 0 992 364 49 219 
46 604 0 0 623 35 0 0 980 430 847 703 206 608 946 705 0 933 514 918 971 993 176 209 0 0 978 755 997 258 0 833 0 529 0 471 759 834 596 201 0 835 376 125 0 0 911 0 20 487 0 524 380 193 813 0 108 0 910 868 606 311 836 0 813 339 468 0 572 402 0 484 0 767 499 0 257 120 607 757 415 0 884 958 147 108 0 431 155 440 0 0 514 274 1 179 172 556 54 0 585 793 0 384 90 942 764 868 964 558 869 561 279 28 0 997 0 804 0 0 338 27 751 163 996 918 322 0 466 94 30 105 663 0 0 692 168 996 494 690 0 116 640 0 0 569 746 0 772 0 275 425 990 618 0 0 0 0 29 384 0 659 338 895 167 0 684 515 145 378 792 930 552 0 937 0 771 511 262 303 861 55 0 969 0 535 553 698 956 98 370 447 815 233 734 105 166 447 951 556 829 944 0 445 0 245 503 403 768 808 912 0 645 405 345 140 84 471 214 49 826 555 0 972 483 0 0 0 286 609 0 298 397 0 650 0 214 365 0 791 847 444 483 812 799 
92 451 895 805 417 741 467 526 639 824 475 0 9 913 63 834 396 0 176 39 372 594 913 631 0 0 0 880 0 639 833 0 0 750 68 523 0 494 374 850 32 0 97 783 46 464 939 730 0 853 672 982 871 187 524 656 683 729 0 725 160 890 0 0 484 119 90 524 404 0 0 733 837 837 775 0 69 485 991 361 152 405 372 0 530 510 0 83 313 722 575 869 901 409 0 0 0 520 436 434 76 349 268 160 358 0 843 695 807 424 236 133 684 395 0 692 0 0 809 0 410 769 0 335 7 0 580 655 394 0 53 810 0 561 447 0 687 947 926 967 299 0 0 338 0 629 936 740 0 0 534 247 601 958 166 508 870 380 0 836 415 644 0 532 622 180 195 585 296 0 216 0 0 172 607 83 233 556 509 710 571 232 260 0 844 764 483 749 621 935 445 63 980 951 637 772 900 681 0 0 956 723 80 832 748 0 976 948 970 946 544 731 125 363 669 482 482 0 678 631 197 810 186 0 420 0 510 177 529 886 0 0 338 511 905 674 0 0 483 0 0 0 0 620 0 
478 299 352 168 664 129 125 878 0 847 0 617 651 0 48 835 441 160 777 806 0 98 950 4 0 96 0 374 0 688 0 0 0 715 748 842 0 724 832 362 497 317 186 781 677 28 678 868 721 958 643 152 0 391 308 298 914 0 36 547 215 401 263 968 249 779 37 507 0 505 0 826 550 88 324 693 170 438 676 396 851 0 726 890 558 598 0 0 0 167 726 101 155 0 868 429 190 0 275 0 86 0 0 856 414 115 0 0 86 0 457 0 0 785 917 361 0 433 904 540 0 556 971 0 849 95 263 565 0 299 633 197 0 697 669 755 438 357 973 518 189 877 0 243 891 0 449 489 0 445 211 0 511 0 638 273 818 287 126 126 284 715 250 814 994 599 785 0 532 344 90 516 0 0 0 655 686 785 937 266 412 652 213 605 572 298 422 0 0 956 0 254 379 913 0 5 430 479 868 0 0 967 370 385 0 181 240 0 837 565 3 948 409 0 0 0 0 0 53 0 493 157 51 0 0 978 339 0 714 786 0 225 0 628 937 0 420 0 994 829 683 934 263 811 141 
113 666 993 454 946 298 0 578 883 0 442 639 0 6 309 0 0 540 607 0 906 323 312 33 436 873 626 280 671 0 529 750 715 0 87 726 796 237 412 738 92 542 248 410 444 208 799 345 0 298 0 175 0 257 0 0 271 58 53 412 360 0 268 515 93 47 0 308 344 102 0 694 862 811 418 0 442 335 78 0 500 975 981 888 172 426 231 755 993 185 0 299 647 62 560 990 0 680 92 608 0 806 0 280 817 477 0 536 762 915 333 658 571 777 854 96 0 538 708 384 194 848 817 296 0 992 742 0 219 654 448 367 88 482 87 0 0 375 838 129 118 12 849 757 733 417 465 992 0 414 882 767 627 879 731 511 0 448 197 729 506 279 0 0 0 0 97 0 238 899 0 117 126 349 126 464 0 972 265 0 813 0 545 726 209 919 970 205 165 453 0 0 0 19 0 896 80 398 884 722 625 187 145 916 689 28 434 43 0 208 0 528 395 516 751 790 0 942 8 388 512 986 466 0 0 896 163 820 52 256 317 390 554 0 466 0 917 0 0 0 231 94 768 0 786 
0 296 461 88 847 203 674 330 10 176 375 200 0 997 742 488 0 403 841 547 280 354 770 0 0 0 948 547 263 0 0 68 748 87 0 638 230 0 0 934 187 540 0 0 801 759 245 360 778 640 532 943 0 0 761 780 642 313 96 110 834 844 0 0 741 423 136 0 939 213 0 375 719 145 548 119 0 547 97 0 284 778 0 0 743 0 872 0 961 918 713 0 945 140 834 999 0 634 0 619 0 0 0 318 26 980 286 70 0 151 0 0 809 881 0 258 0 531 628 251 911 393 734 422 719 0 0 0 761 270 661 551 70 884 528 612 738 62 149 852 0 0 527 536 899 462 489 0 910 170 841 350 0 90 542 0 415 509 0 496 0 938 0 729 0 322 251 554 0 0 116 0 646 0 665 208 236 678 715 57 0 20 943 675 490 139 978 453 773 0 456 970 632 980 445 465 428 0 653 460 332 279 0 869 279 697 772 533 570 630 0 862 374 0 0 505 0 203 112 689 71 55 0 0 286 0 444 0 0 0 259 30 769 0 308 486 682 145 0 0 40 535 259 579 0 
0 946 618 212 0 18 0 0 0 315 739 937 25 0 752 523 817 0 456 836 55 975 151 236 255 684 261 0 0 175 471 523 842 726 638 0 0 537 220 657 225 748 0 399 675 557 0 160 251 338 10 103 0 773 665 684 0 692 0 710 199 0 398 678 0 82 157 884 0 233 428 0 0 223 0 530 547 790 138 202 0 800 784 333 662 0 849 716 0 7 912 746 840 61 726 432 0 607 107 576 128 0 700 0 0 131 0 461 736 0 164 54 4 375 213 84 0 737 0 286 440 249 131 0 0 245 0 676 726 0 0 849 0 182 0 0 963 692 0 296 774 622 18 291 72 674 252 579 756 956 735 791 607 0 926 216 235 0 0 258 961 832 0 675 935 376 21 0 821 729 14 760 910 563 199 635 518 104 0 420 894 458 635 886 331 534 634 0 88 95 528 778 44 811 672 512 0 469 206 0 721 0 0 995 0 0 979 281 0 108 353 300 86 825 852 697 849 739 0 553 992 0 672 585 727 174 696 133 843 0 0 882 724 947 765 997 609 843 741 872 975 948 0 557 499 
0 446 654 482 778 0 383 474 842 13 0 7 362 229 463 484 757 283 0 155 592 91 322 454 909 11 379 468 0 554 759 0 0 796 230 0 0 900 0 837 880 553 0 0 865 234 148 692 0 205 643 788 64 34 0 378 873 221 308 0 0 125 457 853 491 226 0 17 586 0 773 384 0 0 698 971 480 549 0 97 803 804 296 970 0 0 0 33 175 242 924 562 453 0 0 365 889 0 887 693 0 539 95 418 351 481 370 268 680 105 0 666 0 990 537 0 905 301 620 0 523 385 0 216 0 382 937 484 0 699 917 913 910 114 633 0 368 622 503 646 982 0 0 301 171 0 48 26 873 599 172 884 0 905 0 0 817 314 542 836 403 453 972 285 589 308 885 323 321 332 0 0 0 615 0 231 857 954 307 799 830 485 366 389 450 69 0 821 139 101 246 818 0 298 541 267 519 0 914 0 179 272 4 827 53 0 340 49 957 0 0 155 884 452 0 63 381 256 854 191 463 0 379 474 0 267 21 451 376 821 319 74 0 333 173 0 356 962 0 332 0 219 670 517 262 
301 441 0 0 0 0 0 0 284 578 699 0 992 184 884 131 0 0 377 0 262 0 738 599 0 814 0 496 986 672 834 494 724 237 0 537 900 0 482 32 527 937 605 321 0 794 351 727 132 295 219 0 725 0 408 60 554 0 92 223 555 517 602 468 0 0 947 416 61 741 824 649 551 129 236 0 873 122 723 493 790 115 0 352 417 696 568 933 367 580 307 128 0 882 717 809 529 0 525 546 0 0 52 911 352 353 865 0 567 616 647 396 168 408 51 977 653 405 181 765 962 745 914 831 947 360 452 0 268 740 496 515 0 660 90 361 0 509 0 93 517 0 981 48 763 634 443 0 508 0 780 165 699 0 0 915 143 0 139 907 635 679 0 0 837 834 385 159 513 0 0 677 501 0 749 718 160 0 46 503 0 0 978 17 0 902 717 10 0 866 26 242 351 0 245 0 232 519 0 211 0 514 838 747 0 0 757 173 735 0 776 0 512 842 112 0 277 59 0 754 66 959 676 846 317 715 638 0 697 372 653 423 0 734 0 746 835 337 0 156 0 779 0 0 833 
269 976 0 434 0 813 676 0 0 319 33 941 411 53 823 845 0 719 0 607 817 0 261 59 461 0 697 746 282 0 596 374 832 412 0 220 0 482 0 560 867 885 0 0 575 554 17 749 284 802 255 49 815 0 209 150 934 184 46 409 0 0 102 312 772 0 323 20 856 348 619 175 0 0 0 309 947 511 222 466 524 232 254 629 0 656 952 436 0 16 633 0 915 884 463 0 453 614 810 463 757 0 55 0 367 159 597 0 0 206 491 0 0 527 494 0 823 499 228 580 0 0 937 0 0 565 23 903 94 919 397 0 255 0 176 1 466 233 355 669 0 111 578 984 729 272 0 344 0 414 550 168 900 728 823 582 101 837 637 234 0 6 448 99 171 0 0 510 0 609 298 0 451 0 13 642 951 692 954 191 0 0 0 53 566 648 953 411 446 0 845 802 988 946 76 98 641 59 0 314 0 0 908 405 748 925 392 219 401 68 0 180 813 906 0 933 727 0 0 0 667 771 700 65 45 531 0 548 785 905 638 0 142 985 0 201 674 57 522 696 927 0 589 0 237 
528 753 645 761 937 484 410 626 0 0 0 347 36 0 646 729 877 672 798 0 175 54 812 270 146 707 456 0 112 169 201 850 362 738 934 657 837 32 560 0 570 896 29 747 0 24 510 0 796 806 354 0 22 408 643 0 156 0 816 493 699 365 456 448 681 504 609 0 759 944 47 673 0 20 186 420 565 417 0 656 924 0 477 856 669 0 496 0 809 883 947 71 12 0 213 401 0 0 411 28 750 103 328 618 0 447 372 874 652 955 0 773 823 914 114 934 0 0 761 576 725 0 31 255 714 458 623 903 354 647 0 131 608 291 0 390 0 874 867 475 940 334 399 0 941 562 418 299 149 169 654 395 256 0 0 57 189 59 0 35 601 56 174 63 198 217 451 0 0 639 355 311 581 673 761 289 0 883 0 64 639 344 508 0 25 784 917 892 0 0 612 535 324 612 298 388 648 926 592 582 833 0 0 456 725 609 610 553 0 7 0 136 232 428 169 15 0 262 766 0 329 0 0 205 0 431 863 133 377 421 123 408 518 427 0 893 906 826 616 0 0 0 856 0 0 
493 674 811 573 640 683 733 960 832 95 147 373 444 0 746 742 875 935 189 380 879 371 0 168 547 0 498 0 414 897 0 32 497 92 187 225 880 527 867 570 0 703 0 330 630 567 840 84 318 646 0 770 446 114 181 0 0 619 608 540 521 276 609 0 0 0 460 0 0 33 74 34 429 0 0 538 993 602 0 934 785 993 801 810 786 810 743 175 401 467 532 0 878 477 671 157 355 440 0 76 0 346 10 571 962 686 356 512 470 0 104 34 638 265 875 955 656 0 0 0 236 77 971 786 485 148 428 509 30 0 221 739 681 638 779 0 0 849 578 286 0 304 377 726 102 339 532 0 0 930 0 460 565 542 460 70 840 0 142 905 396 849 357 589 255 921 384 0 0 494 107 852 0 214 0 68 754 465 135 637 963 683 753 411 377 250 590 697 537 17 0 26 0 194 454 905 57 391 141 196 604 445 416 373 100 82 876 674 875 606 65 193 325 183 0 891 805 0 0 185 363 684 579 189 473 468 409 967 795 489 929 656 292 0 160 27 312 248 233 396 971 2 0 0 573 
0 732 866 634 161 679 456 746 736 234 175 0 385 246 395 278 581 423 564 114 0 433 884 432 911 641 238 143 137 821 835 0 317 542 540 748 553 937 885 896 703 0 0 0 514 748 453 992 703 0 206 28 0 802 0 578 60 288 370 11 430 793 45 504 541 618 399 0 0 621 896 14 642 374 405 84 941 0 688 600 0 0 715 338 923 856 0 94 792 731 0 849 488 290 925 566 3 755 95 0 438 802 513 484 283 0 146 969 0 404 88 0 519 947 0 401 172 687 928 421 15 559 292 175 47 728 0 0 3 0 0 818 636 0 33 466 0 0 664 0 864 434 827 0 851 523 101 268 694 468 0 49 145 0 312 805 222 114 0 906 783 30 306 249 0 0 0 288 0 603 605 0 276 0 5 729 951 0 412 618 483 0 621 756 998 157 701 843 697 636 342 0 558 0 528 0 395 19 895 105 453 922 862 815 567 178 0 548 0 842 928 0 859 585 0 43 109 0 0 11 114 757 125 0 113 153 262 541 0 934 996 0 449 0 283 646 245 914 0 708 874 591 880 735 259 
0 220 502 161 860 406 757 0 560 126 302 0 932 525 603 487 493 932 42 207 0 486 0 948 716 0 146 163 183 565 376 97 186 248 0 0 0 605 0 29 0 0 0 399 353 119 519 141 371 982 283 749 638 248 530 513 796 657 0 225 765 100 533 672 447 622 0 0 602 198 565 0 0 919 322 131 0 0 77 0 0 654 993 776 908 136 946 302 0 0 334 205 0 493 915 740 243 988 660 0 0 347 850 0 40 0 874 176 565 57 903 344 0 979 331 493 0 174 59 0 187 0 0 0 361 358 0 708 0 97 349 144 0 589 732 0 140 180 160 0 0 72 520 0 0 213 0 592 556 0 842 673 0 683 0 253 17 941 0 899 0 0 216 44 690 15 481 789 0 0 0 0 289 0 63 547 51 0 202 266 886 537 687 103 149 491 635 97 844 0 0 750 967 26 0 0 91 835 427 720 796 0 264 451 247 0 734 159 199 0 0 377 549 553 0 975 654 61 510 0 0 545 100 562 99 330 633 0 887 0 804 0 175 898 753 0 487 108 325 0 385 822 0 614 145 
891 24 192 445 873 137 384 723 221 641 454 568 0 910 0 991 617 0 427 0 0 0 25 276 304 161 471 801 18 568 125 783 781 410 0 399 0 321 0 747 330 0 399 0 0 875 542 664 0 506 353 742 355 0 723 0 745 989 0 857 632 172 886 468 533 24 951 70 961 11 319 0 217 552 104 423 0 742 5 464 581 694 930 0 977 907 554 0 0 144 398 721 746 245 0 420 776 259 292 182 893 139 837 816 608 0 660 0 924 11 832 748 493 0 0 977 0 0 0 0 828 493 327 0 0 7 596 920 74 712 0 994 700 289 2 524 0 980 0 704 0 319 585 786 382 976 39 401 854 435 0 0 0 176 0 0 0 716 977 452 442 503 53 14 352 715 717 166 953 0 849 863 683 724 314 0 821 494 553 24 0 777 0 901 907 699 954 0 0 124 987 0 0 0 946 611 984 990 840 0 938 588 509 380 507 224 30 77 936 0 517 68 481 0 1 0 383 611 0 149 443 94 0 278 815 977 0 578 858 212 385 0 0 22 160 0 0 33 526 52 961 524 246 438 987 
0 317 610 0 422 398 0 710 960 0 0 345 381 166 578 553 0 279 790 901 238 866 117 291 859 442 502 594 331 147 0 46 677 444 801 675 865 0 575 0 630 514 353 0 0 739 860 92 0 727 199 0 379 695 231 910 604 154 908 847 926 749 898 896 340 0 0 0 169 296 373 925 959 7 700 815 695 215 787 383 740 824 98 0 404 365 664 558 146 0 228 0 379 846 960 980 477 670 0 44 210 0 110 476 391 513 345 0 342 170 317 235 133 0 0 73 824 803 945 870 0 778 430 527 0 244 321 539 580 239 230 0 317 0 39 261 466 437 970 303 517 873 257 9 961 337 792 332 0 642 632 0 109 19 550 289 61 965 672 60 0 107 205 0 973 813 562 371 178 879 468 43 487 510 344 414 745 652 0 443 0 759 192 460 101 172 398 125 52 0 812 935 245 125 707 151 198 782 646 625 285 777 0 232 754 0 0 743 0 917 419 336 268 0 589 865 0 452 219 0 985 85 55 465 924 892 704 300 860 642 145 47 329 980 702 0 0 584 0 482 0 848 0 786 983 
693 780 0 994 847 0 868 135 44 0 198 20 305 585 722 765 0 576 0 728 0 977 130 36 328 239 941 853 120 863 0 464 28 208 759 557 234 794 554 24 567 748 119 875 739 0 954 151 552 884 924 742 63 849 758 0 0 534 807 591 0 150 17 187 714 591 883 623 517 605 0 55 703 0 0 238 751 663 878 456 123 458 904 823 27 0 639 442 55 0 530 0 420 718 226 960 0 568 705 0 633 1 0 0 262 426 0 488 742 124 865 299 464 290 84 0 383 956 653 943 822 350 872 440 642 0 718 0 0 782 367 136 395 302 0 793 923 991 881 498 515 0 586 438 872 0 868 313 917 258 0 884 98 0 990 0 390 290 475 539 713 227 866 130 0 276 0 0 859 966 755 906 0 227 887 790 0 859 0 950 475 225 121 944 63 0 303 560 0 319 809 0 0 709 0 362 352 0 635 120 29 474 364 956 508 918 0 977 0 423 834 868 527 994 823 555 882 0 0 0 533 0 45 0 0 0 850 754 168 903 757 0 362 874 0 984 305 85 419 216 0 814 0 334 116 
794 636 362 971 931 268 0 165 715 124 0 0 435 298 910 924 770 118 703 547 865 396 677 980 671 0 784 102 0 411 911 939 678 799 245 0 148 351 17 510 840 453 519 542 860 954 0 615 491 0 0 0 0 0 0 0 188 0 635 222 0 0 713 66 979 658 0 807 0 0 0 0 896 390 293 670 238 468 970 225 84 261 333 99 102 555 803 158 916 0 572 0 968 964 0 0 355 85 316 209 237 30 45 807 883 611 284 569 0 101 348 99 640 0 968 0 0 550 805 551 932 23 569 362 0 796 269 289 4 776 0 0 218 167 271 0 252 69 989 470 42 0 417 497 0 987 263 330 0 0 299 561 25 199 176 0 0 660 180 396 302 125 0 162 94 45 12 987 718 0 883 0 109 639 864 327 0 0 0 297 316 760 142 0 0 406 0 342 323 71 0 995 337 391 247 332 654 0 639 571 0 0 0 164 139 842 954 595 986 467 580 682 0 509 593 0 0 674 28 785 747 544 378 740 0 314 706 495 553 445 920 0 602 0 931 883 0 961 598 0 0 0 811 585 0 
