0 422 0 366 4 242 273 629 0 111 325 0 51 189 946 904 0 894 175 655 957 0 111 620 657 488 422 576 208 381 715 801 0 52 0 0 521 92 345 508 79 737 608 833 0 0 871 0 406 543 213 516 196 892 0 704 896 0 220 0 117 0 865 475 0 202 217 946 288 853 827 650 0 671 695 722 399 303 709 0 270 190 15 15 619 479 162 82 647 709 664 70 407 189 237 613 822 0 961 0 0 236 488 674 398 0 988 722 187 63 0 825 129 664 347 575 0 358 635 432 0 0 291 675 699 568 882 0 0 237 415 0 467 148 631 0 0 0 657 106 0 0 0 892 452 893 0 323 14 995 0 196 0 933 357 543 0 0 732 131 515 594 196 508 926 794 0 0 877 688 589 778 305 57 327 0 120 845 0 575 963 936 
422 0 955 685 628 985 914 826 332 362 172 510 95 199 304 734 617 0 144 557 125 436 289 45 0 658 0 0 642 337 0 257 0 0 366 0 445 657 322 0 0 537 299 0 313 0 0 502 0 910 880 764 683 846 865 899 0 698 0 151 638 467 836 594 895 214 93 431 175 0 903 545 749 0 418 490 0 149 178 909 557 97 0 885 932 555 282 86 965 987 161 68 219 593 228 441 917 44 237 830 607 221 445 0 205 354 918 110 977 202 34 0 980 211 31 849 9 0 0 180 589 97 117 313 388 503 0 0 336 943 522 256 440 0 0 588 902 130 0 72 181 103 89 0 381 358 0 583 827 440 776 35 0 248 74 78 34 729 645 347 482 368 0 537 0 388 317 926 774 0 427 232 542 0 375 179 906 0 0 69 971 941 
0 955 0 929 100 679 124 0 925 956 983 0 598 245 18 66 876 428 744 754 320 960 928 874 0 809 135 0 490 533 723 73 0 448 0 901 0 581 0 465 682 0 160 934 937 476 540 0 443 105 413 765 0 625 266 501 126 0 707 123 0 139 798 603 42 865 216 538 0 600 946 892 468 670 0 796 0 102 0 0 775 889 0 576 0 53 907 0 631 267 68 0 442 526 14 356 69 670 318 911 465 341 253 85 431 162 0 70 22 932 764 609 0 480 0 508 0 330 0 0 0 255 527 120 0 954 520 581 582 0 149 0 287 967 963 689 544 0 945 214 0 1 321 0 533 0 0 709 999 845 252 174 20 497 678 482 426 104 366 540 244 0 583 185 942 129 0 169 869 552 492 657 946 385 427 0 687 0 0 28 773 934 
366 685 929 0 0 439 485 797 410 260 0 138 0 0 735 879 0 0 836 56 334 357 298 92 523 0 376 0 869 920 380 456 873 0 617 10 0 0 0 510 361 0 755 0 572 779 681 999 256 271 0 166 600 20 908 833 911 0 0 0 142 307 373 482 959 920 203 193 761 0 382 707 829 634 548 896 529 0 561 795 678 432 402 0 258 856 98 0 247 0 662 0 149 785 843 247 319 743 163 392 955 810 0 481 431 199 601 318 697 677 0 804 97 696 359 492 38 678 782 191 751 898 942 85 786 9 62 0 16 0 650 0 889 106 358 382 744 905 0 271 0 478 0 859 224 19 0 857 0 219 286 314 0 628 125 817 0 0 0 0 431 950 798 0 948 440 0 793 878 127 0 794 549 681 805 935 147 595 327 860 617 0 
4 628 100 0 0 0 0 767 0 0 0 859 314 4 575 296 0 747 0 258 0 133 0 0 849 0 161 472 0 0 0 817 45 486 604 0 594 519 168 961 29 614 667 420 909 390 421 0 649 0 213 750 313 742 0 961 354 46 858 274 280 776 860 0 860 955 701 252 3 0 104 337 0 99 868 562 601 862 544 0 185 571 589 342 280 137 92 86 136 641 161 490 115 893 482 964 189 894 0 784 589 470 108 0 822 378 863 0 679 0 787 0 627 295 560 0 866 0 188 81 653 0 0 196 0 0 148 857 488 878 962 0 0 230 708 87 944 0 108 0 391 35 689 326 0 950 496 219 635 735 0 587 0 268 880 842 227 0 0 0 0 0 633 0 107 38 922 0 936 0 230 145 774 812 0 0 616 0 0 469 0 0 
242 985 679 439 0 0 9 67 423 133 0 26 935 324 0 356 872 102 0 948 603 460 113 0 0 829 848 977 0 970 894 0 897 334 182 472 509 0 178 483 0 106 996 382 980 683 428 140 640 734 287 917 882 0 520 158 302 784 787 333 0 632 336 0 0 630 0 171 353 682 596 239 0 482 558 147 567 768 0 613 747 299 919 960 0 934 86 594 292 227 376 0 226 0 730 900 37 244 0 0 208 12 839 557 601 784 0 694 829 742 218 0 454 72 762 585 0 930 476 646 287 603 129 518 153 562 473 44 821 0 950 417 230 752 0 358 886 757 916 109 907 287 0 671 0 158 928 655 81 0 948 694 0 508 739 941 112 928 328 314 0 469 511 0 246 660 0 342 0 479 0 0 387 340 0 0 0 0 412 978 550 83 
273 914 124 485 0 9 0 0 669 177 264 310 615 397 87 778 475 0 684 0 929 598 390 375 553 464 271 0 679 530 26 391 641 0 849 0 150 0 0 272 0 14 777 447 280 848 927 837 0 0 0 626 0 855 809 227 470 957 0 625 181 734 931 222 897 777 0 376 464 902 0 596 386 686 317 975 286 235 474 706 696 731 416 173 783 809 0 667 141 362 57 798 7 836 613 423 47 508 0 0 0 0 724 646 0 781 0 0 961 678 628 7 653 679 355 292 940 671 0 260 394 0 405 912 0 69 0 0 0 489 0 0 598 0 373 0 774 699 257 931 298 142 898 98 965 0 59 797 809 544 42 0 510 590 0 192 62 10 148 408 0 0 0 674 254 0 632 355 272 860 588 0 718 169 311 412 798 90 652 0 840 0 
629 826 0 797 767 67 0 0 0 381 0 0 616 416 841 605 260 704 349 45 0 384 426 0 842 0 989 309 700 165 0 259 231 913 68 754 147 0 810 0 606 659 404 878 798 137 606 87 656 432 95 546 282 0 509 0 114 862 0 492 754 579 78 53 675 486 226 705 76 0 3 0 620 326 483 753 105 743 336 42 589 217 841 603 0 0 779 0 732 978 0 620 407 752 861 348 0 416 540 454 0 218 535 600 0 82 274 997 468 641 151 465 928 801 89 662 405 146 0 750 53 0 100 807 0 305 0 459 0 0 826 111 877 653 860 255 405 868 376 172 945 576 230 762 786 0 0 0 531 227 0 319 512 389 32 237 510 0 353 0 0 138 761 321 944 0 65 407 717 412 34 876 576 161 362 0 935 982 0 36 390 22 
0 332 925 410 0 423 669 0 0 160 667 593 928 811 22 457 586 386 0 0 120 275 313 556 0 868 324 744 0 590 236 431 372 0 491 353 825 973 988 972 987 0 0 0 705 168 368 328 874 734 225 712 753 993 842 997 796 326 246 290 542 0 991 530 92 410 0 187 987 763 902 920 903 0 226 0 0 0 173 212 853 373 205 232 197 850 395 696 174 59 71 758 151 229 329 0 0 160 241 527 573 23 593 358 0 992 807 363 938 432 287 0 5 86 186 547 953 514 0 169 0 665 524 657 77 0 0 628 415 341 992 461 332 591 453 599 690 476 342 0 861 286 0 877 253 700 310 659 0 64 551 223 0 90 0 493 0 572 305 493 837 161 534 997 417 0 121 164 192 0 817 0 173 628 922 0 594 592 0 420 13 481 
111 362 956 260 0 133 177 381 160 0 0 806 590 0 0 665 733 429 787 645 0 0 0 464 467 161 0 301 0 778 0 758 0 680 0 0 0 416 539 975 102 856 541 233 688 144 614 605 448 657 819 26 0 877 818 853 811 249 711 7 367 448 0 0 793 882 27 142 791 869 0 0 531 0 301 0 0 990 530 0 0 879 667 0 440 934 660 881 624 437 529 265 6 401 920 163 486 469 880 773 624 533 471 0 194 214 360 0 579 863 774 0 330 107 256 0 757 417 491 552 648 0 0 0 995 412 0 950 0 436 0 0 105 413 511 22 514 113 513 0 595 802 739 58 121 731 535 670 722 792 110 716 935 0 927 0 0 225 265 719 594 372 869 693 388 817 444 892 0 0 137 916 568 543 378 291 0 0 0 469 487 686 
325 172 983 0 0 0 264 0 667 0 0 433 557 792 810 0 616 0 392 779 0 0 38 0 0 431 929 526 544 250 375 149 200 322 0 0 32 997 906 526 599 143 0 0 436 568 606 560 805 283 774 953 286 259 639 319 515 615 0 51 0 753 223 0 860 0 816 629 0 970 145 784 0 0 0 179 715 103 875 0 306 0 0 178 58 978 515 593 225 902 0 870 150 0 308 0 343 72 0 754 0 0 821 0 83 598 447 915 131 477 60 0 481 868 0 627 0 486 451 436 0 380 644 767 10 558 0 110 642 615 63 316 59 568 263 797 487 0 215 707 691 0 0 352 0 512 117 63 207 787 0 703 694 0 623 0 0 0 0 948 983 886 0 695 31 0 64 562 0 529 384 677 844 905 0 513 0 0 0 242 0 418 
0 510 0 138 859 26 310 0 593 806 433 0 923 503 33 0 960 357 877 905 677 366 911 0 279 0 794 0 512 917 9 0 458 0 636 976 489 925 0 0 380 784 275 153 717 927 185 287 615 0 473 635 479 0 916 747 450 135 584 445 109 0 0 849 212 0 170 598 202 223 72 161 0 163 813 83 743 617 0 431 1 853 174 91 0 422 782 704 479 751 503 0 691 660 441 535 820 0 339 456 623 729 807 950 600 383 376 10 361 771 526 720 855 413 266 303 0 0 0 0 0 0 478 0 370 462 86 904 0 647 533 422 587 62 949 0 12 0 948 89 761 0 0 552 242 77 0 484 0 20 181 755 960 485 968 0 587 152 0 608 288 520 25 813 457 0 197 0 0 727 913 499 0 0 429 928 833 0 633 605 582 22 
51 95 598 0 314 935 615 616 928 590 557 923 0 0 0 643 23 907 492 993 668 398 675 747 0 721 887 109 0 959 643 749 810 343 918 0 72 759 0 0 908 696 324 801 939 492 377 450 356 0 227 0 413 404 698 242 888 16 0 991 277 0 195 463 342 0 0 360 0 937 131 40 0 238 824 0 151 0 0 64 0 391 803 235 0 405 5 0 0 835 0 565 270 286 580 201 0 324 958 857 31 765 845 911 516 427 89 0 87 893 192 21 133 59 875 58 0 0 0 373 0 411 513 681 142 386 714 494 587 164 580 473 549 389 965 482 162 441 316 733 97 0 646 778 367 113 711 577 319 817 972 943 107 0 695 103 705 0 0 375 372 133 750 248 0 467 826 320 567 936 280 956 684 0 0 795 0 605 270 792 353 841 
189 199 245 0 4 324 397 416 811 0 792 503 0 0 119 459 852 0 0 971 495 755 997 754 286 584 220 238 425 889 901 356 0 92 403 962 230 0 860 652 0 581 722 712 0 678 181 44 587 102 308 0 156 364 0 668 348 817 0 106 0 223 0 487 0 611 688 534 981 0 258 0 372 0 779 23 415 671 717 644 78 0 0 0 231 278 77 957 0 582 0 0 247 604 0 254 0 0 451 215 750 222 441 400 655 0 845 347 0 0 722 778 506 195 0 593 319 0 385 74 0 0 129 0 872 589 0 0 675 537 159 0 761 639 321 0 507 860 0 658 96 826 186 685 0 282 216 608 991 495 160 115 84 171 771 151 0 0 183 0 277 223 0 838 0 455 800 964 0 0 162 0 867 500 61 0 526 0 0 909 430 824 
946 304 18 735 575 0 87 841 22 0 810 33 0 119 0 183 251 183 702 0 358 0 724 524 840 271 642 24 0 0 315 0 163 504 274 811 291 979 851 0 770 0 0 422 202 420 530 0 961 0 443 0 991 901 0 164 0 855 632 242 645 800 855 445 0 545 210 106 632 1 719 656 0 0 0 372 0 606 0 446 0 312 0 622 277 522 439 27 545 146 0 583 16 865 595 358 280 0 807 38 275 938 689 0 943 474 738 681 43 39 162 719 490 693 26 0 403 242 637 0 296 195 70 0 507 151 893 775 818 0 739 20 0 805 0 0 0 0 0 941 354 198 84 898 93 216 509 0 393 562 86 0 704 857 730 821 469 0 240 533 398 91 160 0 499 0 0 0 161 556 69 407 401 797 135 411 0 0 0 532 707 0 
904 734 66 879 296 356 778 605 457 665 0 0 643 459 183 0 131 164 702 0 0 194 65 608 299 780 473 746 34 62 672 277 0 66 502 0 427 977 308 832 520 330 355 0 462 978 741 597 175 523 396 111 0 714 378 905 906 500 0 559 0 86 630 286 758 546 0 880 185 0 489 289 266 617 0 0 734 565 543 895 365 371 0 417 940 9 470 334 0 71 0 0 0 377 556 876 0 0 0 0 439 916 384 217 0 965 141 0 956 679 239 331 569 698 0 408 0 935 690 813 168 1 955 395 0 357 802 0 373 593 849 260 147 275 978 197 0 864 471 762 711 944 627 863 71 0 0 888 0 0 464 988 399 225 115 0 843 979 171 856 0 15 136 859 548 0 320 844 0 15 602 177 19 0 607 497 829 91 951 704 812 0 
0 617 876 0 0 872 475 260 586 733 616 960 23 852 251 131 0 68 701 0 0 548 285 271 0 213 784 896 0 0 0 0 300 0 0 0 0 503 981 321 850 729 574 386 0 0 0 411 0 782 910 719 996 622 988 748 533 760 0 338 403 437 838 84 152 81 0 590 274 295 844 519 181 286 823 287 0 345 104 385 956 75 0 0 266 498 657 680 339 0 67 927 170 690 443 198 656 507 657 206 800 0 700 647 801 166 0 812 389 689 0 906 0 200 645 801 499 60 368 560 801 0 926 389 54 0 0 769 0 0 0 306 886 438 247 2 986 413 510 0 964 395 782 321 216 258 993 758 980 357 456 470 921 844 822 952 0 372 0 0 10 0 0 603 200 633 0 0 289 48 963 0 0 0 0 290 193 941 40 440 0 460 
894 0 428 0 747 102 0 704 386 429 0 357 907 0 183 164 68 0 228 772 0 390 282 146 129 931 869 190 949 453 524 434 0 0 880 0 974 922 941 895 205 8 238 218 349 154 199 0 381 0 887 217 0 636 73 566 896 0 0 0 0 935 0 954 663 0 15 444 319 0 0 302 600 0 614 0 480 522 431 274 0 535 427 738 201 15 286 966 442 476 724 677 378 0 322 0 198 676 238 729 511 81 896 0 109 0 663 744 863 168 541 453 334 0 792 317 732 204 12 38 761 971 781 438 712 286 750 815 602 395 919 306 816 0 0 0 814 0 393 910 0 0 867 109 134 0 901 708 0 581 552 0 0 445 542 0 953 0 461 0 627 0 725 278 238 197 0 798 908 775 199 700 268 71 667 537 909 515 689 339 133 730 
175 144 744 836 0 0 684 349 0 787 392 877 492 0 702 702 701 228 0 0 540 655 544 196 761 0 955 201 191 986 0 128 0 124 859 912 445 39 79 768 707 0 0 32 0 0 0 830 198 927 537 541 759 695 213 316 401 0 545 70 129 583 0 851 250 0 656 480 941 0 105 670 341 749 0 580 840 776 696 12 247 169 670 0 462 749 846 211 0 0 994 47 102 904 920 0 0 669 0 0 802 45 0 0 32 623 154 887 736 49 224 742 96 0 684 0 0 894 561 918 0 60 875 0 0 508 578 0 0 686 0 361 890 327 0 523 0 695 714 545 854 0 0 281 0 199 0 550 544 369 992 867 47 0 712 238 0 902 0 218 207 0 316 937 617 760 186 485 185 75 947 734 452 0 0 727 625 432 0 0 422 14 
655 557 754 56 258 948 0 45 0 645 779 905 993 971 0 0 0 772 0 0 253 679 135 0 264 755 576 0 416 0 123 981 419 345 902 696 0 430 833 0 447 557 379 0 0 0 699 630 171 752 111 805 957 573 364 297 412 1 300 0 861 205 443 311 0 213 820 264 823 753 346 464 584 0 882 244 548 891 276 288 39 50 64 458 674 555 354 0 0 546 766 10 487 223 584 872 629 471 192 0 952 216 480 921 0 0 822 183 276 0 0 72 411 533 0 865 0 622 916 369 424 756 541 279 0 847 498 962 240 728 258 446 922 302 394 174 0 863 661 672 811 284 412 0 0 133 0 501 0 691 200 697 371 0 0 976 0 0 0 0 271 634 819 186 932 0 239 703 0 153 0 975 0 187 42 0 392 763 0 360 823 673 
957 125 320 334 0 603 929 0 120 0 0 677 668 495 358 0 0 0 540 253 0 327 114 0 0 288 985 334 866 154 0 760 527 946 585 754 465 447 729 600 0 495 492 865 0 769 0 175 859 282 308 0 803 777 99 745 575 736 430 634 147 0 0 214 985 0 0 0 785 420 372 0 835 259 51 0 105 115 927 307 781 257 302 393 265 0 749 654 459 75 893 0 815 748 546 630 574 787 0 96 86 663 186 674 338 946 616 509 423 519 745 0 961 725 544 34 919 248 593 775 571 595 427 443 41 34 695 14 188 0 362 415 582 499 638 716 0 45 0 0 406 637 630 40 756 0 246 448 480 193 0 170 532 883 0 0 186 816 0 243 0 126 0 155 0 0 854 523 469 758 0 457 534 235 356 101 810 555 964 687 852 0 
0 436 960 357 133 460 598 384 275 0 0 366 398 755 0 194 548 390 655 679 327 0 813 388 888 56 700 774 248 126 284 353 0 178 0 624 753 304 785 708 71 546 0 559 0 169 759 0 432 49 620 18 219 85 0 367 0 632 924 138 635 0 653 253 745 0 320 0 653 975 852 33 0 846 474 924 997 0 0 920 881 0 481 706 496 803 95 45 246 0 519 639 929 244 0 0 0 479 378 608 279 994 354 0 433 0 150 939 705 981 0 0 45 118 254 734 952 506 874 958 818 949 586 52 110 0 574 530 409 982 0 433 998 287 618 519 266 0 971 0 143 383 467 377 699 0 778 268 572 862 158 273 242 91 450 91 518 375 449 328 531 180 492 57 525 512 991 718 359 315 674 507 598 0 278 480 0 511 589 905 297 0 
111 289 928 298 0 113 390 426 313 0 38 911 675 997 724 65 285 282 544 135 114 813 0 14 276 757 197 0 0 683 126 106 850 623 960 803 733 0 0 0 911 604 137 0 0 799 60 792 0 433 0 351 505 317 141 0 157 711 903 9 0 0 608 866 914 316 859 312 639 373 0 17 334 560 908 953 737 0 768 0 31 0 311 0 186 0 0 0 17 553 954 500 0 69 277 97 0 146 624 140 637 934 120 86 583 852 955 0 22 187 419 0 632 0 645 306 756 0 387 0 735 573 815 611 0 48 401 752 806 436 710 443 425 0 855 649 179 0 0 0 0 545 540 892 548 661 823 0 0 54 791 941 872 442 573 756 0 60 158 36 0 869 506 312 944 0 625 0 427 552 0 943 460 497 68 378 254 494 659 535 795 985 
620 45 874 92 0 0 375 0 556 464 0 0 747 754 524 608 271 146 196 0 0 388 14 0 701 821 0 239 541 489 738 879 39 0 107 86 207 39 918 474 158 62 0 0 0 619 0 155 411 0 4 882 0 423 774 0 920 244 67 0 733 635 0 802 0 136 639 0 515 304 885 0 57 656 554 0 869 0 577 922 852 0 549 256 797 304 243 0 994 620 708 269 107 6 623 869 920 955 212 0 592 815 599 379 424 561 284 462 187 0 973 845 643 0 928 526 338 0 78 66 0 344 318 604 37 314 0 756 17 995 365 749 686 0 0 206 0 687 0 524 0 419 79 0 521 0 876 454 145 990 429 0 63 734 0 114 898 0 997 242 761 887 0 639 698 113 0 64 0 526 384 765 647 308 0 0 0 61 485 574 434 194 
657 0 0 523 849 0 553 842 0 467 0 279 0 286 840 299 0 129 761 264 0 888 276 701 0 128 713 0 0 866 608 786 360 744 0 0 490 449 417 0 0 607 63 519 411 0 704 515 809 796 632 677 0 121 871 445 647 482 222 382 407 863 891 196 0 0 291 461 693 70 0 854 177 0 147 675 316 838 0 392 475 13 788 0 1 869 549 0 564 799 174 260 576 0 301 92 682 0 94 0 579 199 857 347 0 710 865 909 287 0 0 32 974 852 438 38 0 868 588 901 895 0 0 554 445 750 0 580 745 294 450 30 0 883 305 965 0 0 782 0 372 0 951 601 0 289 278 374 47 406 940 0 543 638 513 0 81 0 380 537 0 487 650 691 399 139 888 0 681 505 628 714 216 0 448 972 638 0 0 472 0 877 
488 658 809 0 0 829 464 0 868 161 431 0 721 584 271 780 213 931 0 755 288 56 757 821 128 0 517 0 0 0 0 682 86 786 806 781 773 0 0 43 519 877 0 0 907 526 953 586 851 522 0 895 246 213 32 203 94 0 285 41 557 604 0 606 163 510 946 699 794 0 0 496 72 692 188 163 0 451 0 155 354 0 405 0 0 6 0 0 779 0 43 0 757 930 298 0 641 64 596 80 0 908 0 69 135 9 0 0 4 579 466 0 695 0 451 639 321 492 45 406 525 845 525 642 900 986 101 634 433 397 100 898 0 756 0 0 134 234 981 257 931 784 650 487 891 891 273 598 154 633 373 129 439 916 730 539 459 81 903 0 61 801 439 484 352 0 481 281 326 820 0 0 977 0 620 0 499 8 30 924 0 6 
422 0 135 376 161 848 271 989 324 0 929 794 887 220 642 473 784 869 955 576 985 700 197 0 713 517 0 745 143 302 0 0 779 0 83 736 632 281 737 0 393 0 887 400 0 904 883 841 519 0 793 0 619 360 240 23 160 942 197 0 0 393 0 710 692 522 747 784 589 371 0 326 626 0 881 978 342 528 373 359 571 623 0 760 168 944 0 19 222 606 0 158 317 299 551 858 97 19 314 595 595 580 0 50 678 262 137 633 0 552 124 510 791 0 541 60 0 81 161 668 52 293 0 653 978 812 167 0 782 485 602 0 24 831 791 272 543 0 0 611 0 0 0 170 0 0 60 152 262 47 0 0 105 856 0 684 49 813 316 0 936 710 492 625 362 0 0 938 967 500 0 488 883 889 562 634 424 317 435 0 763 0 
576 0 0 0 472 977 0 309 744 301 526 0 109 238 24 746 896 190 201 0 334 774 0 239 0 0 745 0 0 0 942 887 0 531 0 0 597 533 993 950 561 87 491 170 971 0 449 573 724 786 992 178 128 197 858 870 279 996 557 287 508 0 490 210 850 809 0 0 207 0 0 0 917 418 752 74 97 644 0 647 0 855 794 919 0 362 720 284 142 0 850 664 432 599 579 76 40 58 0 0 0 929 0 114 902 327 292 90 0 27 938 0 654 613 772 98 607 103 457 47 61 44 385 0 0 0 238 712 420 0 0 314 0 304 815 0 0 0 949 16 0 362 528 359 615 656 0 205 674 689 906 398 128 82 248 750 445 810 708 528 59 435 98 620 542 0 958 556 988 0 730 0 366 29 48 383 0 497 961 728 267 276 
208 642 490 869 0 0 679 700 0 0 544 512 0 425 0 34 0 949 191 416 866 248 0 541 0 0 143 0 0 509 569 915 0 110 528 185 515 999 627 0 218 99 0 304 157 690 52 462 893 500 0 482 923 164 867 137 0 37 0 851 0 514 150 520 363 807 159 329 0 531 0 89 262 132 833 107 650 752 0 400 700 769 0 337 6 0 83 457 867 580 935 650 30 29 888 496 581 556 945 998 0 0 0 0 946 676 0 974 709 959 898 803 437 82 492 0 0 252 0 0 0 614 58 819 0 487 361 753 0 642 0 288 920 384 640 741 0 618 0 479 0 480 571 760 620 0 0 747 924 819 144 862 0 829 398 61 0 0 0 0 331 275 561 793 772 232 300 621 320 790 917 564 144 855 789 0 863 501 29 0 0 952 
381 337 533 920 0 970 530 165 590 778 250 917 959 889 0 62 0 453 986 0 154 126 683 489 866 0 302 0 509 0 153 0 54 0 144 0 0 857 90 104 608 535 862 612 339 0 264 0 0 881 174 61 692 61 0 0 0 953 854 0 409 359 0 802 184 0 164 0 688 600 0 145 0 943 818 281 0 287 842 731 427 598 448 0 346 417 130 500 87 148 525 471 953 0 0 0 990 361 0 132 239 421 0 0 985 990 736 314 727 724 787 9 113 694 28 0 890 520 0 520 195 0 957 658 147 0 0 440 843 0 649 811 792 944 615 195 0 0 0 920 88 0 78 0 423 705 905 0 773 264 397 0 0 693 926 189 0 599 0 0 469 0 25 854 255 0 0 310 123 42 690 297 0 0 818 0 0 204 734 337 853 385 
715 0 723 380 0 894 26 0 236 0 375 9 643 901 315 672 0 524 0 123 0 284 126 738 608 0 0 942 569 153 0 623 0 230 895 674 637 7 909 437 0 0 229 368 0 860 127 297 431 0 387 766 457 410 830 247 254 0 383 537 978 0 0 828 983 0 658 11 152 0 936 139 0 0 842 778 391 0 978 503 235 786 558 0 968 0 0 707 0 922 198 968 0 0 193 388 7 399 363 211 0 0 613 0 113 419 914 209 0 450 203 65 145 671 54 329 0 966 927 713 0 579 299 338 581 477 0 322 401 748 717 290 976 85 803 456 232 0 0 565 869 920 687 476 0 765 0 0 586 278 483 349 384 768 851 909 964 400 0 610 142 0 0 426 435 42 780 0 0 577 637 935 428 0 0 361 443 421 605 0 0 0 
801 257 73 456 817 0 391 259 431 758 149 0 749 356 0 277 0 434 128 981 760 353 106 879 786 682 0 887 915 0 623 0 157 0 0 139 775 662 719 0 619 27 228 55 160 497 665 402 688 81 381 0 0 559 667 645 0 799 215 434 639 626 933 0 144 710 907 852 974 453 766 233 0 98 0 607 0 912 0 0 330 176 741 738 0 0 0 493 915 402 174 368 755 304 338 0 0 984 867 266 835 497 797 89 975 41 728 0 365 926 0 196 907 275 233 496 69 120 954 0 0 0 24 565 992 226 255 429 867 388 459 471 0 0 0 0 644 812 722 918 818 0 0 536 653 943 934 0 231 962 802 0 266 0 0 155 481 185 0 295 817 0 735 0 340 804 0 0 451 0 481 844 486 868 444 0 166 410 0 315 721 546 
0 0 0 873 45 897 641 231 372 0 200 458 810 0 163 0 300 0 0 419 527 0 850 39 360 86 779 0 0 54 0 157 0 469 784 968 0 222 0 571 85 723 66 694 506 413 436 526 341 0 0 217 0 61 156 0 341 506 0 710 0 494 490 442 465 931 315 0 653 697 134 510 0 179 641 267 881 304 0 0 0 241 223 248 0 370 0 557 0 662 0 282 904 0 409 593 706 993 697 157 805 937 0 248 68 979 903 334 545 0 625 556 0 270 264 223 0 767 773 436 0 0 0 188 117 444 622 297 603 918 0 958 538 635 167 0 506 0 0 0 0 788 511 354 0 0 313 905 142 0 0 586 0 416 932 899 352 0 811 0 155 627 725 899 0 923 40 0 231 392 0 631 0 193 928 188 547 838 278 0 0 147 
52 0 448 0 486 334 0 913 0 680 322 0 343 92 504 66 0 0 124 345 946 178 623 0 744 786 0 531 110 0 230 0 469 0 905 348 723 708 710 0 584 109 46 803 0 622 891 0 873 312 620 0 985 290 901 525 0 900 0 0 567 353 641 546 44 761 0 219 254 0 604 0 542 925 558 529 0 0 631 107 0 324 776 910 166 713 244 0 109 334 488 461 0 283 152 2 0 624 0 517 501 73 0 20 970 935 693 608 0 360 815 0 614 0 902 134 0 0 425 205 941 956 490 500 982 0 574 189 663 492 782 409 808 808 402 0 626 563 607 0 580 0 405 0 0 711 0 816 939 652 142 138 363 884 53 646 703 0 976 0 596 383 0 66 0 0 115 399 283 886 491 847 0 288 0 29 938 0 92 940 882 561 
0 366 0 617 604 182 849 68 491 0 0 636 918 403 274 502 0 880 859 902 585 0 960 107 0 806 83 0 528 144 895 0 784 905 0 839 733 687 374 0 886 271 176 205 282 639 0 0 0 223 131 832 519 0 956 497 394 268 733 989 764 0 0 53 0 77 0 240 710 113 248 577 855 101 0 173 722 967 172 0 0 985 774 436 524 385 535 378 0 0 962 178 794 407 0 0 0 0 476 0 582 499 122 857 763 726 277 0 0 0 0 0 65 638 361 930 782 0 721 260 117 601 157 556 875 572 857 554 138 0 0 631 85 0 0 438 558 0 0 0 155 371 0 529 166 696 978 294 311 220 0 793 804 635 50 120 0 0 0 377 124 347 383 157 470 627 334 992 0 914 178 894 0 951 726 0 775 0 0 797 914 279 
0 0 901 10 0 472 0 754 353 0 0 976 0 962 811 0 0 0 912 696 754 624 803 86 0 781 736 0 185 0 674 139 968 348 839 0 0 61 924 458 171 153 50 710 101 183 285 0 378 0 951 745 259 0 883 926 129 140 350 252 0 660 229 534 0 0 0 78 478 803 617 0 872 13 550 910 740 932 0 284 531 373 791 706 0 883 643 858 300 462 0 921 773 114 479 986 143 632 804 233 58 0 950 557 805 548 911 0 475 611 263 850 187 0 0 474 87 905 42 0 652 81 673 119 114 188 107 912 963 284 743 762 0 0 38 249 0 0 0 70 259 0 268 149 145 0 0 591 564 0 163 0 668 339 198 284 0 0 320 0 611 582 90 127 121 695 895 495 0 227 177 0 0 297 0 39 0 397 715 454 0 880 
521 445 0 0 594 509 150 147 825 0 32 489 72 230 291 427 0 974 445 0 465 753 733 207 490 773 632 597 515 0 637 775 0 723 733 0 0 931 213 0 831 0 245 397 0 509 0 879 0 716 921 362 130 345 265 0 547 0 788 617 0 0 210 266 975 495 202 998 0 0 859 17 735 274 469 157 69 0 0 914 472 288 563 156 0 0 966 987 205 0 0 0 0 653 883 320 666 226 580 0 585 131 614 974 776 224 416 959 403 944 76 733 213 918 417 144 0 82 134 95 0 441 615 660 0 926 246 10 0 366 241 935 10 0 324 0 136 504 35 609 0 849 7 52 724 0 3 863 805 797 312 699 902 101 0 0 468 0 0 0 401 0 740 999 579 532 585 893 0 347 900 0 0 228 902 130 735 240 567 572 986 955 
92 657 581 0 519 0 0 0 973 416 997 925 759 0 979 977 503 922 39 430 447 304 0 39 449 0 281 533 999 857 7 662 222 708 687 61 931 0 561 820 211 335 0 517 767 624 550 0 0 0 57 0 174 326 0 327 915 763 656 10 417 63 934 463 0 170 13 716 963 311 308 145 828 0 2 240 877 603 875 450 0 942 198 325 109 0 200 333 348 937 880 0 289 512 748 151 874 562 0 763 928 932 289 0 0 0 0 257 0 466 0 817 433 703 430 83 13 44 284 0 231 0 0 683 179 647 295 0 0 915 246 797 719 0 629 666 0 37 0 186 970 401 146 797 0 926 0 989 754 0 753 308 463 431 0 0 142 156 0 612 463 238 136 0 57 966 888 704 275 904 0 424 408 0 258 586 26 0 970 479 819 0 
345 322 0 0 168 178 0 810 988 539 906 0 0 860 851 308 981 941 79 833 729 785 0 918 417 0 737 993 627 90 909 719 0 710 374 924 213 561 0 0 0 972 988 480 486 719 0 0 596 0 0 98 43 342 320 0 341 329 885 0 705 650 613 84 508 75 790 654 572 732 0 541 0 600 545 445 0 0 729 286 841 0 0 210 507 989 707 452 0 0 541 0 968 0 889 0 763 535 0 661 467 474 573 0 778 877 0 0 436 784 918 0 359 804 614 537 681 256 0 445 0 636 0 873 0 907 4 283 749 0 0 580 591 0 0 777 998 692 0 965 19 444 0 738 936 0 458 701 566 587 0 497 0 570 587 607 926 198 403 163 514 284 87 595 0 0 0 961 253 381 352 827 927 837 445 737 237 0 259 198 374 823 
508 0 465 510 961 483 272 0 972 975 526 0 0 652 0 832 321 895 768 0 600 708 0 474 0 43 0 950 0 104 437 0 571 0 0 458 0 820 0 0 37 90 359 0 411 397 710 0 966 0 661 495 246 0 476 0 630 3 0 153 580 526 881 0 0 212 514 908 54 286 85 503 285 133 620 959 0 0 647 0 0 514 959 554 869 461 404 0 62 906 674 954 791 0 827 0 723 125 942 634 0 0 680 204 66 539 819 415 0 79 67 89 330 680 356 68 336 0 338 724 482 792 0 906 83 985 463 0 0 858 808 70 520 353 83 0 158 0 0 111 844 375 893 0 159 0 777 0 69 408 72 931 901 268 756 0 0 741 808 519 167 0 587 0 646 902 99 574 800 0 999 792 154 989 0 0 328 75 701 145 120 0 
79 0 682 361 29 0 0 606 987 102 599 380 908 0 770 520 850 205 707 447 0 71 911 158 0 519 393 561 218 608 0 619 85 584 886 171 831 211 0 37 0 812 0 0 0 881 722 0 286 0 516 383 0 301 812 762 283 700 911 266 782 848 42 542 889 17 382 486 622 504 0 362 129 390 669 917 0 0 0 0 569 861 190 0 0 984 520 363 982 0 404 0 516 199 0 329 554 0 884 0 0 305 0 565 0 255 0 284 208 526 12 55 396 173 850 643 467 776 0 959 997 849 0 254 550 31 799 0 66 0 634 0 0 0 955 891 654 800 523 248 752 530 226 576 245 182 29 0 922 0 173 0 884 181 190 355 529 0 0 956 51 202 885 6 342 683 0 0 655 855 0 571 784 262 398 447 850 525 221 0 241 252 
737 537 0 0 614 106 14 659 0 856 143 784 696 581 0 330 729 8 0 557 495 546 604 62 607 877 0 87 99 535 0 27 723 109 271 153 0 335 972 90 812 0 638 537 303 250 0 441 0 0 7 884 255 677 345 529 684 892 354 301 858 149 935 0 942 32 527 657 462 657 606 841 75 0 0 487 987 436 764 718 971 0 164 0 0 910 0 0 0 128 998 770 759 684 699 676 9 108 549 0 531 738 228 718 843 0 329 491 875 588 0 176 770 0 774 866 0 345 523 31 653 824 525 0 0 632 751 305 737 64 769 567 773 96 506 812 569 805 0 434 54 145 0 0 245 896 0 62 813 373 686 829 0 0 0 321 565 121 0 897 0 871 472 215 919 0 349 0 361 595 0 840 615 890 180 0 0 466 238 623 374 926 
608 299 160 755 667 996 777 404 0 541 0 275 324 722 0 355 574 238 0 379 492 0 137 0 63 0 887 491 0 862 229 228 66 46 176 50 245 0 988 359 0 638 0 992 688 935 0 160 0 439 0 155 92 0 0 574 0 529 567 582 0 0 455 630 704 45 0 991 672 672 0 0 936 134 387 425 0 0 937 198 491 846 485 575 0 944 698 0 0 341 44 0 0 0 703 763 861 364 539 868 840 54 273 0 181 33 679 0 246 676 206 345 428 430 0 454 0 97 0 0 235 438 242 0 802 110 150 0 463 59 747 220 972 613 0 860 884 385 0 284 0 0 891 535 775 292 470 417 0 501 210 944 714 266 610 0 301 0 210 0 0 0 0 217 598 0 397 839 738 271 0 0 920 0 0 509 846 992 165 0 619 0 
833 0 934 0 420 382 447 878 0 233 0 153 801 712 422 0 386 218 32 0 865 559 0 0 519 0 400 170 304 612 368 55 694 803 205 710 397 517 480 0 0 537 992 0 288 0 967 337 212 737 289 85 904 135 0 152 0 442 0 172 639 317 396 0 782 632 829 301 51 593 0 0 55 266 913 893 288 0 617 474 0 0 0 240 0 825 205 0 491 839 713 933 65 95 331 0 913 0 52 0 57 352 0 888 251 0 0 634 547 0 865 568 826 481 0 736 872 877 231 448 595 432 327 916 41 0 250 989 0 777 681 722 0 0 393 0 253 719 966 978 586 372 0 12 652 991 205 155 396 716 0 133 584 361 671 893 579 204 100 1 0 372 0 449 713 525 197 0 862 414 852 0 910 201 0 0 345 507 0 0 623 0 
0 313 937 572 909 980 280 798 705 688 436 717 939 0 202 462 0 349 0 0 0 0 0 0 411 907 0 971 157 339 0 160 506 0 282 101 0 767 486 411 0 303 688 288 0 343 0 644 709 153 928 645 708 684 501 0 140 883 57 571 66 589 680 134 942 121 339 0 806 846 0 0 774 887 783 0 101 666 334 500 516 0 316 306 0 470 38 415 112 151 327 0 0 830 800 559 411 97 655 3 0 362 310 320 897 464 371 770 672 0 874 349 0 777 979 0 513 102 629 763 347 442 262 600 0 238 848 0 467 0 330 210 0 430 63 300 638 184 161 608 367 378 0 0 0 776 0 0 234 149 832 0 386 0 678 754 0 682 842 484 0 0 313 656 91 478 36 0 72 0 0 196 38 0 857 561 372 307 414 325 33 840 
0 0 476 779 390 683 848 137 168 144 568 927 492 678 420 978 0 154 0 0 769 169 799 619 0 526 904 0 690 0 860 497 413 622 639 183 509 624 719 397 881 250 935 0 343 0 322 0 681 0 266 741 616 0 896 520 176 957 220 0 282 228 672 756 539 706 850 542 513 0 888 0 53 100 0 588 742 31 0 854 46 0 167 85 830 41 197 732 418 228 533 0 942 0 627 211 993 676 488 644 0 0 124 757 0 863 502 510 325 372 227 149 418 550 827 375 804 478 893 488 0 80 555 710 518 37 262 482 0 869 0 918 0 92 453 879 609 942 691 857 272 150 812 461 221 234 785 890 43 0 164 75 914 404 38 792 0 0 350 0 0 908 436 311 999 349 846 23 0 0 0 0 0 0 0 0 164 449 0 46 0 842 
871 0 540 681 421 428 927 606 368 614 606 185 377 181 530 741 0 199 0 699 0 759 60 0 704 953 883 449 52 264 127 665 436 891 0 285 0 550 0 710 722 0 0 967 0 322 0 934 60 487 314 477 242 0 170 819 494 660 25 0 326 0 0 361 971 0 93 493 519 915 460 929 138 632 287 0 337 0 287 0 0 780 10 734 790 272 952 334 0 683 338 0 0 312 0 872 0 811 0 374 970 0 161 329 961 413 0 893 0 903 572 220 925 891 161 808 710 530 701 0 972 887 111 457 298 692 597 640 0 335 0 551 41 118 681 0 359 156 494 912 658 665 0 822 380 605 0 296 953 0 278 0 668 117 584 694 553 398 0 318 477 701 0 512 50 955 0 549 884 559 825 98 0 179 493 119 830 235 0 0 144 284 
0 502 0 999 0 140 837 87 328 605 560 287 450 44 0 597 411 0 830 630 175 0 792 155 515 586 841 573 462 0 297 402 526 0 0 0 879 0 0 0 0 441 160 337 644 0 934 0 548 983 334 607 519 770 354 95 972 0 150 875 923 0 362 147 403 541 512 371 544 733 0 831 896 55 508 304 766 893 517 171 639 988 434 89 430 672 118 611 220 0 716 0 415 0 80 105 92 891 0 821 820 651 539 623 180 812 0 469 264 715 598 100 971 94 406 882 0 858 0 955 347 240 4 0 0 224 870 0 31 852 390 0 0 510 502 386 280 937 231 339 158 0 550 0 376 162 404 87 721 60 671 638 640 456 390 698 504 0 845 415 199 0 0 171 242 302 783 798 874 204 577 990 0 0 905 866 470 0 0 367 804 0 
406 0 443 256 649 640 0 656 874 448 805 615 356 587 961 175 0 381 198 171 859 432 0 411 809 851 519 724 893 0 431 688 341 873 0 378 0 0 596 966 286 0 0 212 709 681 60 548 0 818 318 258 600 826 549 0 249 895 0 407 233 271 122 49 306 874 175 308 540 335 160 0 0 517 0 280 993 540 844 946 98 225 0 820 0 774 0 845 0 186 371 855 237 797 0 8 854 282 0 173 950 445 363 531 727 764 64 54 0 330 0 0 38 0 825 170 383 427 808 103 654 848 496 421 0 292 71 711 0 55 451 263 83 309 439 0 811 628 975 19 627 210 299 0 0 476 702 0 0 587 413 317 198 41 696 365 407 6 942 103 432 890 37 792 734 0 279 635 140 949 0 663 748 520 809 253 822 511 163 0 768 0 
543 910 105 271 0 734 0 432 734 657 283 0 0 102 0 523 782 0 927 752 282 49 433 0 796 522 0 786 500 881 0 81 0 312 223 0 716 0 0 0 0 0 439 737 153 0 487 983 818 0 0 549 593 0 0 907 477 0 676 165 213 0 228 961 620 548 485 430 965 524 936 781 0 789 0 458 0 182 47 525 550 0 558 956 0 0 552 0 142 416 740 39 880 0 0 570 331 626 0 824 818 0 732 817 527 618 255 772 936 0 554 145 554 0 148 562 65 0 865 607 784 789 330 188 498 171 464 71 883 523 986 328 994 0 0 276 0 0 914 0 500 970 3 783 341 2 168 323 585 0 287 126 729 0 545 242 773 0 394 0 781 358 934 872 526 643 83 29 267 613 190 38 0 0 0 74 0 335 0 112 161 653 
213 880 413 0 213 287 0 95 225 819 774 473 227 308 443 396 910 887 537 111 308 620 0 4 632 0 793 992 0 174 387 381 0 620 131 951 921 57 0 661 516 7 0 289 928 266 314 334 318 0 0 392 952 433 910 101 0 0 19 328 516 701 369 480 832 919 207 721 0 587 492 551 364 0 71 475 965 356 157 43 184 737 551 540 811 428 824 0 965 0 465 795 394 324 0 799 143 0 0 551 228 0 10 616 226 0 683 0 0 936 496 763 188 618 0 0 72 0 626 966 553 0 183 754 0 148 0 566 796 7 347 702 48 291 284 514 434 943 0 218 879 274 381 912 907 725 294 238 902 354 681 926 229 324 725 58 0 532 0 34 0 843 0 0 266 74 450 0 334 0 584 0 611 92 366 200 58 801 799 513 262 201 
516 764 765 166 750 917 626 546 712 26 953 635 0 0 0 111 719 217 541 805 0 18 351 882 677 895 0 178 482 61 766 0 217 0 832 745 362 0 98 495 383 884 155 85 645 741 477 607 258 549 392 0 6 263 264 588 301 754 901 0 669 0 550 0 0 996 0 479 148 153 0 346 622 519 749 112 457 462 703 557 598 665 714 514 923 319 189 958 296 333 0 425 958 711 374 834 893 917 437 822 498 333 0 388 0 683 147 449 0 67 400 228 0 0 0 383 788 598 879 0 460 0 688 801 709 254 0 789 574 986 963 0 735 0 495 332 0 781 373 268 635 0 818 0 416 37 623 782 626 0 0 638 0 691 747 425 494 107 582 413 256 588 412 614 625 0 665 153 903 0 674 241 0 390 892 8 499 463 672 980 273 909 
196 683 0 600 313 882 0 282 753 0 286 479 413 156 991 0 996 0 759 957 803 219 505 0 0 246 619 128 923 692 457 0 0 985 519 259 130 174 43 246 0 255 92 904 708 616 242 519 600 593 952 6 0 705 371 733 541 538 812 498 0 697 957 0 417 155 0 711 165 0 0 556 469 0 464 922 589 654 0 142 488 98 334 85 520 0 179 524 157 334 513 0 896 545 0 418 0 0 69 349 0 307 957 793 879 627 780 41 0 858 728 0 0 123 934 0 0 827 945 821 15 850 0 199 477 924 0 0 596 330 437 668 664 591 702 371 381 905 164 598 0 140 930 0 837 577 865 883 240 504 635 973 343 521 578 497 807 36 10 0 406 212 0 0 420 729 691 744 0 0 545 304 274 0 0 0 574 590 924 617 270 0 
892 846 625 20 742 0 855 0 993 877 259 0 404 364 901 714 622 636 695 573 777 85 317 423 121 213 360 197 164 61 410 559 61 290 0 0 345 326 342 0 301 677 0 135 684 0 0 770 826 0 433 263 705 0 685 31 433 983 0 0 77 803 0 454 339 572 0 0 333 596 568 618 261 0 700 0 858 580 0 671 520 656 584 377 0 447 986 154 0 373 703 89 848 0 170 923 320 89 521 0 339 430 964 0 450 0 139 0 764 824 126 811 815 597 0 0 2 0 0 107 987 687 96 6 992 0 0 674 849 428 426 449 989 792 28 509 271 0 900 451 197 511 0 669 230 33 0 898 172 297 290 430 0 751 0 822 526 0 841 192 476 402 0 760 896 533 338 0 788 382 690 353 0 352 0 534 0 896 0 0 134 0 
0 865 266 908 0 520 809 509 842 818 639 916 698 0 0 378 988 73 213 364 99 0 141 774 871 32 240 858 867 0 830 667 156 901 956 883 265 0 320 476 812 345 0 0 501 896 170 354 549 0 910 264 371 685 0 7 957 0 465 581 0 230 900 0 671 263 0 715 788 323 309 344 609 0 0 394 534 0 331 321 460 0 716 726 541 0 337 999 116 351 408 0 319 30 919 89 263 615 0 622 853 0 0 194 572 555 0 976 985 669 994 429 594 196 517 503 665 990 815 26 487 7 518 680 2 766 237 290 0 5 699 515 297 30 391 0 579 0 245 849 546 0 836 0 858 0 103 630 459 805 725 311 185 0 0 198 119 503 103 695 676 221 910 516 62 0 799 736 108 0 0 0 0 72 313 0 0 811 93 191 0 955 
704 899 501 833 961 158 227 0 997 853 319 747 242 668 164 905 748 566 316 297 745 367 0 0 445 203 23 870 137 0 247 645 0 525 497 926 0 327 0 0 762 529 574 152 0 520 819 95 0 907 101 588 733 31 7 0 0 641 292 96 346 374 310 0 573 669 0 309 0 152 0 540 172 0 242 680 311 903 147 0 610 0 543 51 0 0 552 0 0 0 527 411 792 39 817 620 282 524 503 0 49 692 314 662 563 0 379 748 496 565 731 433 0 689 206 280 268 0 303 348 0 129 74 447 0 968 773 0 0 294 429 353 0 344 161 0 714 50 794 597 0 0 544 822 576 840 311 981 191 383 0 623 271 845 700 456 903 409 576 745 648 797 898 864 569 0 456 612 918 215 651 0 555 715 0 862 0 0 0 0 999 155 
896 0 126 911 354 302 470 114 796 811 515 450 888 348 0 906 533 896 401 412 575 0 157 920 647 94 160 279 0 0 254 0 341 0 394 129 547 915 341 630 283 684 0 0 140 176 494 972 249 477 0 301 541 433 957 0 0 0 917 929 53 756 164 977 0 233 0 860 545 85 99 845 577 605 801 0 21 671 886 431 0 882 993 393 569 280 435 689 50 249 192 0 471 0 415 460 867 450 482 410 635 27 859 0 0 372 651 994 0 998 745 101 323 920 969 494 684 212 982 540 0 113 648 757 0 304 416 885 0 826 0 945 581 364 0 574 273 0 0 699 289 850 0 446 972 123 0 0 113 275 26 892 0 395 0 0 649 124 462 264 0 0 406 851 809 534 131 653 793 0 257 893 267 501 369 773 400 519 791 438 389 147 
0 698 0 0 46 784 957 862 326 249 615 135 16 817 855 500 760 0 0 1 736 632 711 244 482 0 942 996 37 953 0 799 506 900 268 140 0 763 329 3 700 892 529 442 883 957 660 0 895 0 0 754 538 983 0 641 0 0 180 367 481 819 0 739 0 890 0 190 47 191 885 121 0 117 505 730 227 0 462 698 864 0 956 993 0 4 0 0 244 112 775 933 0 924 0 0 390 0 0 672 0 0 0 469 295 712 0 704 49 0 408 728 624 66 586 561 357 479 922 514 968 640 189 524 0 758 259 0 772 867 899 359 150 627 897 576 317 896 739 557 528 829 654 0 832 809 159 363 0 275 221 231 56 416 0 0 254 236 483 44 545 179 0 358 814 870 738 538 0 327 160 140 360 51 212 849 0 164 0 0 210 369 
220 0 707 0 858 787 0 0 246 711 0 584 0 0 632 0 0 0 545 300 430 924 903 67 222 285 197 557 0 854 383 215 0 0 733 350 788 656 885 0 911 354 567 0 57 220 25 150 0 676 19 901 812 0 465 292 917 180 0 227 704 605 334 924 611 788 816 374 0 961 884 77 257 0 352 0 236 21 848 198 758 470 0 209 34 0 0 0 750 0 172 957 517 0 451 0 626 307 0 0 12 0 57 689 916 0 0 575 0 319 574 104 291 0 0 963 415 18 992 0 140 0 919 239 624 400 0 0 0 0 959 826 798 0 250 327 0 0 0 547 0 295 23 0 672 450 336 106 671 509 825 463 0 365 54 515 854 728 798 693 920 36 953 0 215 703 840 0 309 0 12 420 0 390 520 0 237 615 0 154 141 0 
0 151 123 0 274 333 625 492 290 7 51 445 991 106 242 559 338 0 70 0 634 138 9 0 382 41 0 287 851 0 537 434 710 0 989 252 617 10 0 153 266 301 582 172 571 0 0 875 407 165 328 0 498 0 581 96 929 367 227 0 80 942 0 0 39 167 918 0 875 206 692 546 313 261 151 131 94 966 16 107 0 0 571 623 0 611 153 741 539 140 0 915 204 982 0 26 927 380 251 0 0 450 952 741 742 0 0 963 60 55 0 77 678 540 367 0 794 653 324 0 122 891 979 243 434 926 439 633 0 0 574 0 0 627 717 802 190 0 0 290 242 123 915 854 0 605 210 63 0 620 279 839 0 17 0 300 677 266 401 872 457 469 817 523 0 175 937 919 0 0 3 0 0 897 0 0 318 113 0 966 327 131 
117 638 0 142 280 0 181 754 542 367 0 109 277 0 645 0 403 0 129 861 147 635 0 733 407 557 0 508 0 409 978 639 0 567 764 0 0 417 705 580 782 858 0 639 66 282 326 923 233 213 516 669 0 77 0 346 53 481 704 80 0 868 724 886 423 317 578 446 331 370 90 509 362 152 829 319 0 0 928 851 0 417 0 920 937 708 401 0 729 988 0 0 0 876 0 0 299 0 192 33 566 62 0 590 966 266 310 440 811 314 0 0 316 0 634 200 151 54 461 0 1 616 0 0 742 640 74 849 0 973 0 119 450 135 289 458 485 494 127 377 0 509 0 65 198 197 600 746 0 276 65 0 0 843 797 930 95 814 0 996 971 606 0 324 0 900 0 871 860 176 0 999 53 0 492 0 0 0 548 173 0 238 
0 467 139 307 776 632 734 579 0 448 753 0 0 223 800 86 437 935 583 205 0 0 0 635 863 604 393 0 514 359 0 626 494 353 0 660 0 63 650 526 848 149 0 317 589 228 0 0 271 0 701 0 697 803 230 374 756 819 605 942 868 0 216 265 987 315 0 0 0 0 499 84 834 509 701 801 568 223 317 228 929 722 0 380 93 0 0 396 485 345 0 0 0 686 782 0 15 703 739 847 549 0 945 748 105 585 692 56 646 205 817 974 667 413 950 991 571 713 920 0 478 756 365 490 217 813 362 934 41 645 792 0 251 881 759 0 12 64 0 934 0 800 949 0 0 0 664 0 454 638 275 917 470 87 373 332 271 594 905 0 543 952 390 0 222 284 0 464 0 905 0 977 842 486 0 632 75 206 373 613 327 220 
865 836 798 373 860 336 931 78 991 0 223 0 195 0 855 630 838 0 0 443 0 653 608 0 891 0 0 490 150 0 0 933 490 641 0 229 210 934 613 881 42 935 455 396 680 672 0 362 122 228 369 550 957 0 900 310 164 0 334 0 724 216 0 0 0 744 787 270 872 0 355 901 47 0 387 969 0 906 0 0 0 886 933 836 0 413 0 795 164 298 269 0 442 288 0 844 794 389 816 1 0 715 634 564 0 145 0 470 997 387 479 704 0 93 357 401 0 605 0 452 630 0 881 57 768 467 0 21 211 0 333 745 0 801 24 256 827 0 0 0 962 221 282 318 0 871 538 0 629 0 44 403 842 487 0 173 866 302 667 0 778 746 0 427 636 0 983 634 20 421 944 593 564 392 0 906 851 326 760 219 42 148 
475 594 603 482 0 0 222 53 530 0 0 849 463 487 445 286 84 954 851 311 214 253 866 802 196 606 710 210 520 802 828 0 442 546 53 534 266 463 84 0 542 0 630 0 134 756 361 147 49 961 480 0 0 454 0 0 977 739 924 0 886 265 0 0 0 0 0 303 687 250 777 0 499 633 784 444 647 939 270 0 0 24 698 906 0 973 936 687 110 83 1 762 48 989 364 499 306 142 734 0 0 0 0 0 0 830 0 151 884 257 623 225 404 435 678 0 302 550 950 447 381 297 0 689 549 751 0 569 56 26 445 63 106 427 643 0 157 0 846 569 80 911 73 789 590 355 0 457 350 668 0 729 762 0 407 167 956 170 539 48 0 254 0 122 0 0 827 2 203 313 722 990 531 426 881 128 872 478 34 0 307 146 
