0 973 321 0 962 513 0 90 382 724 0 429 847 904 137 914 30 249 295 190 302 620 0 770 126 941 0 194 0 0 0 876 0 0 0 205 232 170 0 0 148 787 391 870 677 0 962 0 0 600 87 166 987 0 815 0 0 280 0 790 0 0 268 170 57 0 835 765 0 929 
973 0 0 47 0 795 761 70 0 585 320 231 338 0 101 144 379 286 411 0 619 0 0 0 86 401 191 205 919 600 427 306 0 0 62 810 519 325 413 0 125 825 961 59 49 311 97 957 389 682 143 0 843 119 659 94 0 0 505 647 0 0 91 0 80 0 726 374 602 0 
321 0 0 0 135 0 429 505 227 0 815 735 794 869 0 566 84 0 0 81 452 561 421 753 0 230 482 986 0 933 375 141 21 0 646 0 315 816 0 0 907 298 0 0 0 582 17 155 583 24 280 26 944 597 7 681 0 0 97 709 503 768 31 528 535 423 0 918 293 191 
0 47 0 0 826 733 377 678 512 739 467 328 426 0 751 406 840 455 0 548 915 570 203 598 69 0 4 232 352 726 126 745 0 677 0 577 408 676 924 0 444 238 426 959 339 0 0 0 380 0 617 137 356 352 287 485 128 879 715 442 0 0 0 611 726 366 10 620 376 0 
962 0 135 826 0 426 843 938 957 0 348 0 510 545 299 957 996 207 408 992 78 0 422 400 687 0 934 0 742 58 0 597 0 817 735 326 419 18 431 614 486 873 478 87 963 0 567 383 691 574 457 572 440 50 392 0 740 222 636 336 612 810 497 566 848 571 36 764 761 266 
513 795 0 733 426 0 0 788 158 753 494 0 114 402 0 0 216 0 435 537 818 862 403 112 854 509 54 940 822 304 0 0 396 264 0 159 353 0 0 445 778 897 629 234 0 989 951 425 0 737 985 0 239 338 95 201 925 0 601 698 0 150 0 561 938 0 161 280 0 0 
0 761 429 377 843 0 0 0 0 681 0 835 591 460 530 957 825 0 0 0 0 913 410 0 187 259 0 0 606 716 119 181 0 477 822 976 278 967 0 378 0 0 13 231 7 710 959 0 985 0 0 109 0 275 0 788 868 408 478 0 0 632 614 531 657 0 625 358 145 0 
90 70 505 678 938 788 0 0 975 163 0 824 585 821 655 169 0 119 0 978 0 655 0 489 238 0 168 147 0 750 0 381 0 800 5 613 0 624 782 813 306 746 506 532 75 730 954 511 533 624 779 0 0 781 174 974 364 860 662 671 0 243 244 0 600 18 84 174 814 59 
382 0 227 512 957 158 0 975 0 739 189 186 935 796 75 0 439 477 0 0 919 234 0 0 883 0 353 611 656 363 494 0 0 0 44 554 0 201 0 15 316 892 0 0 0 632 19 0 678 668 462 0 0 667 775 723 0 0 940 131 618 553 215 0 388 359 336 0 0 381 
724 585 0 739 0 753 681 163 739 0 477 361 261 838 353 0 0 0 616 471 701 615 831 717 0 168 0 722 0 427 455 580 578 90 302 975 363 0 0 0 0 967 544 85 606 0 0 0 485 576 815 891 824 0 458 0 515 68 166 860 0 691 598 281 86 917 738 798 639 409 
0 320 815 467 348 494 0 0 189 477 0 598 157 328 107 263 0 993 880 0 95 0 45 211 426 58 964 0 591 819 985 818 383 227 739 0 794 199 0 372 0 0 76 0 478 0 799 741 675 867 404 416 47 0 488 101 951 509 790 974 578 0 93 746 0 403 0 58 458 0 
429 231 735 328 0 0 835 824 186 361 598 0 423 211 773 0 0 731 547 0 690 855 586 808 50 0 874 750 308 327 741 0 975 452 703 703 469 345 126 586 920 157 0 643 589 99 740 234 467 0 555 0 378 122 0 421 131 195 954 80 0 416 529 846 672 0 512 0 812 139 
847 338 794 426 510 114 591 585 935 261 157 423 0 544 153 117 0 0 0 693 501 0 275 859 214 0 0 990 0 0 194 944 732 543 371 0 656 620 457 0 513 743 434 113 141 220 0 926 655 384 700 25 211 0 0 0 0 36 724 309 405 278 52 0 0 0 0 538 0 73 
904 0 869 0 545 402 460 821 796 838 328 211 544 0 456 435 223 0 844 837 891 0 951 522 93 629 122 196 0 0 746 668 424 0 0 64 916 554 519 322 358 16 411 809 0 276 689 0 835 196 131 731 540 59 934 309 755 327 0 273 0 802 0 127 119 292 253 0 81 535 
137 101 0 751 299 0 530 655 75 353 107 773 153 456 0 471 336 718 421 0 0 576 889 46 36 532 0 0 0 0 0 0 0 304 887 0 0 149 735 350 0 86 4 0 0 503 493 821 872 333 0 0 292 96 57 563 0 302 755 648 594 356 103 641 285 395 0 689 0 912 
914 144 566 406 957 0 957 169 0 0 263 0 117 435 471 0 0 0 212 677 498 0 787 0 899 386 515 716 532 65 381 287 432 861 332 0 0 956 754 413 919 703 0 0 205 855 97 0 411 0 406 405 0 150 156 22 0 0 0 922 0 627 48 751 406 859 798 0 618 404 
30 379 84 840 996 216 825 0 439 0 0 0 0 223 336 0 0 763 511 718 0 285 473 739 352 13 0 466 342 125 646 287 0 237 128 0 246 365 337 499 323 233 313 653 605 573 83 235 0 966 804 792 0 0 0 0 601 635 939 883 868 70 489 663 0 559 954 284 634 76 
249 286 0 455 207 0 0 119 477 0 993 731 0 0 718 0 763 0 612 617 937 769 62 661 229 890 0 153 0 799 341 763 345 725 726 92 0 244 994 600 0 970 4 847 259 598 121 232 938 906 664 80 671 0 0 382 190 0 714 798 167 0 751 29 286 0 939 950 322 174 
295 411 0 0 408 435 0 0 0 616 880 547 0 844 421 212 511 612 0 451 517 268 880 715 498 535 589 321 860 733 994 416 717 115 338 813 144 774 514 542 882 816 500 443 961 283 385 0 267 513 0 0 666 222 0 0 0 27 540 530 825 510 212 41 548 438 0 0 346 885 
190 0 81 548 992 537 0 978 0 471 0 0 693 837 0 677 718 617 451 0 181 923 370 0 516 799 721 962 0 0 130 18 0 855 0 742 0 0 0 381 728 129 0 366 415 0 749 996 162 92 188 0 789 747 0 275 70 362 955 83 408 0 0 561 641 70 548 232 24 0 
302 619 452 915 78 818 0 0 919 701 95 690 501 891 0 498 0 937 517 181 0 800 0 965 0 0 149 685 139 802 808 777 665 453 0 556 935 708 526 361 668 453 590 291 173 529 796 9 0 566 644 643 665 267 0 386 0 601 704 0 456 113 654 0 161 289 446 0 94 263 
620 0 561 570 0 862 913 655 234 615 0 855 0 0 576 0 285 769 268 923 800 0 342 0 0 732 0 193 49 0 41 519 476 0 0 720 0 58 173 0 53 257 0 422 0 137 0 0 605 43 560 577 947 0 340 39 0 319 515 584 316 54 0 483 0 762 365 327 439 578 
0 0 421 203 422 403 410 0 0 831 45 586 275 951 889 787 473 62 880 370 0 342 0 161 750 829 155 987 0 161 210 0 320 411 210 801 115 850 0 0 971 855 82 138 488 0 0 0 731 0 924 0 490 0 500 792 981 404 0 0 0 175 505 0 729 540 505 162 377 0 
770 0 753 598 400 112 0 489 0 717 211 808 859 522 46 0 739 661 715 0 965 0 161 0 43 0 957 292 689 723 339 0 762 919 0 0 0 0 541 293 543 600 97 724 0 616 237 802 711 53 0 0 308 248 577 974 0 115 931 0 646 0 0 570 179 790 913 0 161 426 
126 86 0 69 687 854 187 238 883 0 426 50 214 93 36 899 352 229 498 516 0 0 750 43 0 754 453 722 619 168 825 239 898 260 0 0 923 524 610 0 95 0 984 213 0 585 383 823 11 120 545 257 670 0 521 946 666 351 254 375 973 0 0 903 311 218 0 462 431 263 
941 401 230 0 0 509 259 0 0 168 58 0 0 629 532 386 13 890 535 799 0 732 829 0 754 0 418 992 186 0 728 952 620 0 0 814 224 745 0 981 163 533 989 782 479 0 636 628 0 669 0 543 112 0 519 0 463 859 389 71 652 946 0 717 782 964 204 786 280 0 
0 191 482 4 934 54 0 168 353 0 964 874 0 122 0 515 0 0 589 721 149 0 155 957 453 418 0 0 0 243 519 0 0 750 900 0 112 611 494 0 0 0 0 305 462 704 175 200 0 167 287 506 643 606 189 195 805 836 551 343 668 799 350 127 225 0 238 182 160 0 
194 205 986 232 0 940 0 147 611 722 0 750 990 196 0 716 466 153 321 962 685 193 987 292 722 992 0 0 697 0 425 948 798 482 358 595 895 0 337 679 244 0 0 318 0 1 0 0 0 976 785 313 927 608 0 689 232 807 950 624 845 715 638 352 0 375 670 860 0 23 
0 919 0 352 742 822 606 0 656 0 591 308 0 0 0 532 342 0 860 0 139 49 0 689 619 186 0 697 0 918 620 250 82 553 647 738 127 507 415 666 436 667 24 927 0 224 628 248 284 620 701 717 0 760 494 820 405 185 292 107 45 276 0 597 0 0 0 138 56 740 
0 600 933 726 58 304 716 750 363 427 819 327 0 0 0 65 125 799 733 0 802 0 161 723 168 0 243 0 918 0 0 0 496 609 18 938 0 883 0 921 768 993 573 0 215 964 822 189 190 0 142 0 718 879 753 338 52 558 145 240 123 0 0 825 33 0 0 445 521 191 
0 427 375 126 0 0 119 0 494 455 985 741 194 746 0 381 646 341 994 130 808 41 210 339 825 728 519 425 620 0 0 274 0 0 572 0 328 0 452 391 0 189 165 231 558 130 660 910 884 75 88 0 0 999 703 659 784 481 243 20 139 369 924 862 794 0 0 728 439 850 
876 306 141 745 597 0 181 381 0 580 818 0 944 668 0 287 287 763 416 18 777 519 0 0 239 952 0 948 250 0 274 0 0 377 0 0 281 9 0 96 0 308 0 368 320 0 672 0 0 276 314 0 0 686 229 347 731 325 375 534 138 225 452 624 0 919 0 590 0 196 
0 0 21 0 0 396 0 0 0 578 383 975 732 424 0 432 0 345 717 0 665 476 320 762 898 620 0 798 82 496 0 0 0 859 0 0 0 553 973 202 638 0 843 393 236 799 420 0 775 571 786 424 931 993 569 830 865 375 975 147 485 735 0 943 0 398 538 0 0 0 
0 0 0 677 817 264 477 800 0 90 227 452 543 0 304 861 237 725 115 855 453 0 411 919 260 0 750 482 553 609 0 377 859 0 276 667 806 812 674 75 30 953 288 0 117 374 968 398 243 287 0 40 917 0 220 37 36 435 468 319 373 743 569 974 979 827 796 745 494 0 
0 62 646 0 735 0 822 5 44 302 739 703 371 0 887 332 128 726 338 0 0 0 210 0 0 0 900 358 647 18 572 0 0 276 0 0 771 444 0 604 786 579 428 875 0 134 709 92 183 95 134 0 123 120 458 50 255 223 478 362 0 0 557 0 980 0 949 0 0 670 
205 810 0 577 326 159 976 613 554 975 0 703 0 64 0 0 0 92 813 742 556 720 801 0 0 814 0 595 738 938 0 0 0 667 0 0 0 0 0 0 0 654 0 0 40 593 643 414 504 233 76 219 169 643 439 740 95 112 0 389 674 824 952 0 235 757 338 598 842 58 
232 519 315 408 419 353 278 0 0 363 794 469 656 916 0 0 246 0 144 0 935 0 115 0 923 224 112 895 127 0 328 281 0 806 771 0 0 937 661 738 95 61 0 451 484 0 268 0 0 492 461 348 982 0 490 183 781 0 683 652 503 0 0 311 693 568 509 308 135 134 
170 325 816 676 18 0 967 624 201 0 199 345 620 554 149 956 365 244 774 0 708 58 850 0 524 745 611 0 507 883 0 9 553 812 444 0 937 0 199 27 975 195 548 61 119 0 600 522 887 0 891 511 485 82 438 0 636 867 0 651 983 249 494 299 0 719 371 0 763 782 
0 413 0 924 431 0 0 782 0 0 0 126 457 519 735 754 337 994 514 0 526 173 0 541 610 0 494 337 415 0 452 0 973 674 0 0 661 199 0 143 282 0 0 176 407 428 0 609 566 210 937 0 472 64 103 493 730 444 474 724 887 346 125 276 746 21 433 0 574 0 
0 0 0 0 614 445 378 813 15 0 372 586 0 322 350 413 499 600 542 381 361 0 0 293 0 981 0 679 666 921 391 96 202 75 604 0 738 27 143 0 0 0 405 864 0 320 250 578 0 263 898 529 124 0 583 38 510 45 0 0 544 583 669 407 311 0 508 822 858 620 
148 125 907 444 486 778 0 306 316 0 0 920 513 358 0 919 323 0 882 728 668 53 971 543 95 163 0 244 436 768 0 0 638 30 786 0 95 975 282 0 0 287 0 40 62 933 0 828 0 505 0 696 0 966 817 58 736 264 942 544 0 20 784 568 105 124 236 0 712 417 
787 825 298 238 873 897 0 746 892 967 0 157 743 16 86 703 233 970 816 129 453 257 855 600 0 533 0 0 667 993 189 308 0 953 579 654 61 195 0 0 287 0 502 375 529 775 0 170 68 0 354 0 465 451 148 218 648 832 0 814 866 0 0 78 690 402 875 0 0 175 
391 961 0 426 478 629 13 506 0 544 76 0 434 411 4 0 313 4 500 0 590 0 82 97 984 989 0 0 24 573 165 0 843 288 428 0 0 548 0 405 0 502 0 176 815 278 579 638 0 0 775 239 213 0 836 557 64 0 738 257 0 798 0 0 47 919 731 43 808 0 
870 59 0 959 87 234 231 532 0 85 0 643 113 809 0 0 653 847 443 366 291 422 138 724 213 782 305 318 927 0 231 368 393 0 875 0 451 61 176 864 40 375 176 0 813 883 0 636 117 895 0 0 886 36 112 856 485 0 645 0 0 0 0 0 0 540 0 769 336 427 
677 49 0 339 963 0 7 75 0 606 478 589 141 0 0 205 605 259 961 415 173 0 488 0 0 479 462 0 0 215 558 320 236 117 0 40 484 119 407 0 62 529 815 813 0 527 0 140 558 0 440 352 923 100 214 343 417 689 514 946 876 0 234 278 828 683 483 93 0 90 
0 311 582 0 0 989 710 730 632 0 0 99 220 276 503 855 573 598 283 0 529 137 0 616 585 0 704 1 224 964 130 0 799 374 134 593 0 0 428 320 933 775 278 883 527 0 0 572 766 0 900 0 0 963 479 0 0 892 222 512 0 674 0 739 204 584 976 927 9 505 
962 97 17 0 567 951 959 954 19 0 799 740 0 689 493 97 83 121 385 749 796 0 0 237 383 636 175 0 628 822 660 672 420 968 709 643 268 600 0 250 0 0 579 0 0 0 0 592 0 768 16 0 193 953 38 0 416 145 0 234 104 42 421 286 914 900 79 490 220 666 
0 957 155 0 383 425 0 511 0 0 741 234 926 0 821 0 235 232 0 996 9 0 0 802 823 628 200 0 248 189 910 0 0 398 92 414 0 522 609 578 828 170 638 636 140 572 592 0 636 847 911 214 901 0 800 236 213 211 0 324 761 281 993 719 0 239 74 22 594 0 
0 389 583 380 691 0 985 533 678 485 675 467 655 835 872 411 0 938 267 162 0 605 731 711 11 0 0 0 284 190 884 0 775 243 183 504 0 887 566 0 0 68 0 117 558 766 0 636 0 718 0 239 562 751 854 666 0 371 350 993 856 0 871 608 903 61 0 797 358 743 
600 682 24 0 574 737 0 624 668 576 867 0 384 196 333 0 966 906 513 92 566 43 0 53 120 669 167 976 620 0 75 276 571 287 95 233 492 0 210 263 505 0 0 895 0 0 768 847 718 0 284 0 65 236 0 383 639 697 0 0 693 222 139 0 994 211 750 957 951 0 
87 143 280 617 457 985 0 779 462 815 404 555 700 131 0 406 804 664 0 188 644 560 924 0 545 0 287 785 701 142 88 314 786 0 134 76 461 891 937 898 0 354 775 0 440 900 16 911 0 284 0 220 314 706 248 428 475 65 818 868 400 23 598 149 0 0 697 0 570 765 
166 0 26 137 572 0 109 0 0 891 416 0 25 731 0 405 792 80 0 0 643 577 0 0 257 543 506 313 717 0 0 0 424 40 0 219 348 511 0 529 696 0 239 0 352 0 0 214 239 0 220 0 759 959 435 240 675 522 0 111 509 483 986 842 509 0 0 0 544 38 
987 843 944 356 440 239 0 0 0 824 47 378 211 540 292 0 0 671 666 789 665 947 490 308 670 112 643 927 0 718 0 0 931 917 123 169 982 485 472 124 0 465 213 886 923 0 193 901 562 65 314 759 0 705 844 0 0 909 0 822 744 191 976 0 885 98 0 376 217 21 
0 119 597 352 50 338 275 781 667 0 0 122 0 59 96 150 0 0 222 747 267 0 0 248 0 0 606 608 760 879 999 686 993 0 120 643 0 82 64 0 966 451 0 36 100 963 953 0 751 236 706 959 705 0 371 0 642 99 0 0 0 920 976 185 923 250 361 282 638 81 
815 659 7 287 392 95 0 174 775 458 488 0 0 934 57 156 0 0 0 0 0 340 500 577 521 519 189 0 494 753 703 229 569 220 458 439 490 438 103 583 817 148 836 112 214 479 38 800 854 0 248 435 844 371 0 131 670 277 394 0 409 0 527 245 32 484 796 360 496 492 
0 94 681 485 0 201 788 974 723 0 101 421 0 309 563 22 0 382 0 275 386 39 792 974 946 0 195 689 820 338 659 347 830 37 50 740 183 0 493 38 58 218 557 856 343 0 0 236 666 383 428 240 0 0 131 0 455 497 396 128 341 706 0 450 83 742 522 0 10 0 
0 0 0 128 740 925 868 364 0 515 951 131 0 755 0 0 601 190 0 70 0 0 981 0 666 463 805 232 405 52 784 731 865 36 255 95 781 636 730 510 736 648 64 485 417 0 416 213 0 639 475 675 0 642 670 455 0 695 762 961 100 461 581 0 0 0 490 102 637 0 
280 0 0 879 222 0 408 860 0 68 509 195 36 327 302 0 635 0 27 362 601 319 404 115 351 859 836 807 185 558 481 325 375 435 223 112 0 867 444 45 264 832 0 0 689 892 145 211 371 697 65 522 909 99 277 497 695 0 504 806 0 32 644 169 0 591 0 0 45 308 
0 505 97 715 636 601 478 662 940 166 790 954 724 0 755 0 939 714 540 955 704 515 0 931 254 389 551 950 292 145 243 375 975 468 478 0 683 0 474 0 942 0 738 645 514 222 0 0 350 0 818 0 0 0 394 396 762 504 0 0 44 29 418 0 902 697 479 721 744 270 
790 647 709 442 336 698 0 671 131 860 974 80 309 273 648 922 883 798 530 83 0 584 0 0 375 71 343 624 107 240 20 534 147 319 362 389 652 651 724 0 544 814 257 0 946 512 234 324 993 0 868 111 822 0 0 128 961 806 0 0 683 754 160 444 638 0 470 456 424 494 
0 0 503 0 612 0 0 0 618 0 578 0 405 0 594 0 868 167 825 408 456 316 0 646 973 652 668 845 45 123 139 138 485 373 0 674 503 983 887 544 0 866 0 0 876 0 104 761 856 693 400 509 744 0 409 341 100 0 44 683 0 497 0 752 74 457 0 787 0 703 
0 0 768 0 810 150 632 243 553 691 0 416 278 802 356 627 70 0 510 0 113 54 175 0 0 946 799 715 276 0 369 225 735 743 0 824 0 249 346 583 20 0 798 0 0 674 42 281 0 222 23 483 191 920 0 706 461 32 29 754 497 0 0 978 244 643 153 862 217 988 
268 91 31 0 497 0 614 244 215 598 93 529 52 0 103 48 489 751 212 0 654 0 505 0 0 0 350 638 0 0 924 452 0 569 557 952 0 494 125 669 784 0 0 0 234 0 421 993 871 139 598 986 976 976 527 0 581 644 418 160 0 0 0 0 313 0 184 775 0 606 
170 0 528 611 566 561 531 0 0 281 746 846 0 127 641 751 663 29 41 561 0 483 0 570 903 717 127 352 597 825 862 624 943 974 0 0 311 299 276 407 568 78 0 0 278 739 286 719 608 0 149 842 0 185 245 450 0 169 0 444 752 978 0 0 598 965 0 0 952 142 
57 80 535 726 848 938 657 600 388 86 0 672 0 119 285 406 0 286 548 641 161 0 729 179 311 782 225 0 0 33 794 0 0 979 980 235 693 0 746 311 105 690 47 0 828 204 914 0 903 994 0 509 885 923 32 83 0 0 902 638 74 244 313 598 0 0 835 566 649 775 
0 0 423 366 571 0 0 18 359 917 403 0 0 292 395 859 559 0 438 70 289 762 540 790 218 964 0 375 0 0 0 919 398 827 0 757 568 719 21 0 124 402 919 540 683 584 900 239 61 211 0 0 98 250 484 742 0 591 697 0 457 643 0 965 0 0 786 904 834 157 
835 726 0 10 36 161 625 84 336 738 0 512 0 253 0 798 954 939 0 548 446 365 505 913 0 204 238 670 0 0 0 0 538 796 949 338 509 371 433 508 236 875 731 0 483 976 79 74 0 750 697 0 0 361 796 522 490 0 479 470 0 153 184 0 835 786 0 691 0 327 
765 374 918 620 764 280 358 174 0 798 58 0 538 0 689 0 284 950 0 232 0 327 162 0 462 786 182 860 138 445 728 590 0 745 0 598 308 0 0 822 0 0 43 769 93 927 490 22 797 957 0 0 376 282 360 0 102 0 721 456 787 862 775 0 566 904 691 0 607 47 
0 602 293 376 761 0 145 814 0 639 458 812 0 81 0 618 634 322 346 24 94 439 377 161 431 280 160 0 56 521 439 0 0 494 0 842 135 763 574 858 712 0 808 336 0 9 220 594 358 951 570 544 217 638 496 10 637 45 744 424 0 217 0 952 649 834 0 607 0 847 
929 0 191 0 266 0 0 59 381 409 0 139 73 535 912 404 76 174 885 0 263 578 0 426 263 0 0 23 740 191 850 196 0 0 670 58 134 782 0 620 417 175 0 427 90 505 666 0 743 0 765 38 21 81 492 0 0 308 270 494 703 988 606 142 775 157 327 47 847 0 
