0 0 0 200 0 597 821 0 226 0 191 0 0 694 0 0 146 972 681 735 35 428 995 140 607 258 0 0 561 767 0 991 168 72 0 161 832 265 426 798 279 661 0 280 898 734 842 739 751 607 69 0 682 0 817 137 200 851 644 172 0 987 409 980 320 0 533 115 583 648 794 451 885 208 0 574 841 543 223 0 0 138 802 0 471 876 696 639 127 985 152 737 0 670 515 2 269 26 0 77 168 0 0 835 407 281 0 905 794 93 0 113 0 643 351 356 0 809 663 0 0 456 0 974 22 482 30 765 758 285 274 11 578 0 768 847 742 921 507 934 514 0 0 243 0 117 832 145 0 888 453 0 437 209 
0 0 0 373 34 0 112 380 243 0 628 817 960 0 429 949 970 407 325 477 417 531 116 443 755 0 0 0 564 661 193 357 987 0 982 0 701 974 803 0 76 809 303 0 731 433 432 596 121 208 955 741 0 137 0 680 0 731 615 0 546 922 513 0 649 0 848 65 300 821 555 339 825 230 0 696 66 435 713 261 984 422 567 711 852 0 415 565 0 0 281 672 100 785 0 768 16 339 652 256 622 20 153 0 27 446 0 560 315 759 494 0 387 0 840 887 824 363 0 0 592 0 882 406 759 517 696 811 961 430 151 14 0 941 951 224 0 463 649 0 798 277 654 829 320 773 655 662 772 912 715 779 951 469 
0 0 0 0 166 463 6 951 740 472 891 46 767 325 629 825 0 0 282 965 296 838 0 946 692 622 386 283 652 882 212 558 592 516 0 891 65 982 0 587 0 255 199 0 496 98 0 529 0 862 407 372 403 610 980 136 833 987 895 456 0 133 202 0 526 846 47 563 8 377 806 977 842 330 0 46 137 455 830 0 792 0 883 564 718 920 233 356 500 47 937 459 967 0 114 816 417 0 0 684 896 549 380 0 0 0 0 0 370 545 569 0 268 348 887 0 0 0 0 619 678 340 784 150 239 566 804 400 0 0 0 604 780 522 635 258 803 458 787 743 166 196 19 0 985 203 0 794 273 0 0 814 618 26 
200 373 0 0 487 577 624 637 54 631 485 430 0 122 96 65 17 231 659 0 0 0 0 0 0 0 0 626 761 413 0 722 146 410 946 246 107 0 0 0 0 507 95 149 330 74 468 820 930 277 0 326 598 137 622 976 923 671 0 258 378 0 0 0 734 863 0 0 398 1 38 435 819 0 369 476 309 538 431 529 267 0 478 0 181 0 189 360 70 802 955 0 404 651 696 0 494 0 640 694 0 150 930 0 199 771 910 317 206 364 174 711 860 448 0 116 944 574 147 847 517 15 0 112 670 767 686 991 342 461 269 546 912 916 603 773 713 0 320 834 0 622 0 103 174 109 90 426 531 611 506 597 0 660 
0 34 166 487 0 532 0 0 121 606 709 0 635 507 227 899 646 788 0 369 647 278 327 0 170 0 88 0 790 301 904 513 0 799 486 424 683 601 31 946 380 179 0 34 889 0 730 734 766 684 601 855 552 619 492 792 0 908 298 0 287 995 0 10 679 326 0 0 316 0 183 839 745 0 847 535 535 0 294 977 0 402 0 0 660 255 596 143 306 62 312 0 578 527 756 201 0 380 627 0 681 727 0 310 0 686 957 460 352 215 745 0 105 0 0 517 0 505 462 84 0 452 810 639 727 792 211 888 311 402 84 21 522 32 0 51 621 294 690 0 318 268 697 114 799 95 0 173 901 0 77 654 405 933 
597 0 463 577 532 0 369 34 242 961 768 509 23 798 582 403 918 32 327 0 0 633 440 887 921 104 315 706 743 0 556 556 377 919 786 531 521 594 517 596 274 547 0 0 608 394 784 713 0 0 159 648 471 815 575 0 361 0 178 817 0 770 618 687 865 0 0 366 474 485 0 589 0 205 880 389 214 522 853 262 301 838 630 889 267 0 727 0 825 815 0 589 0 343 0 655 0 254 0 0 677 378 0 544 665 393 0 66 0 20 437 0 326 976 0 840 0 637 598 163 642 0 912 405 0 636 420 0 999 10 417 150 72 394 325 605 0 614 495 70 0 404 464 194 664 0 110 278 869 593 597 0 0 516 
821 112 6 624 0 369 0 127 0 3 268 384 776 0 240 957 148 816 29 0 920 129 0 196 0 451 643 0 0 220 523 978 0 0 257 384 927 257 111 0 313 663 818 985 0 0 359 0 210 0 856 823 262 581 88 363 928 526 0 0 130 764 172 369 473 511 708 468 288 99 0 0 0 0 481 997 258 903 667 0 0 309 138 427 173 0 317 603 0 694 735 865 683 847 501 702 682 308 360 719 903 0 0 944 282 58 316 247 787 0 398 361 0 516 35 733 195 0 308 703 84 789 621 50 724 873 0 483 0 549 308 0 838 0 333 0 0 343 346 311 0 172 682 701 91 750 0 710 329 484 29 733 828 0 
0 380 951 637 0 34 127 0 0 0 0 0 975 722 970 742 0 872 0 0 783 0 0 514 648 888 810 437 0 733 84 912 0 142 685 210 211 52 593 319 0 613 463 793 598 935 166 400 100 0 164 927 369 0 135 13 313 735 35 0 496 568 0 0 767 587 57 98 206 954 797 0 671 695 581 244 0 120 71 734 0 759 0 666 307 81 439 103 407 238 265 0 257 948 998 379 624 400 407 427 219 0 0 311 66 280 0 445 0 510 737 0 736 412 336 808 0 558 618 0 402 486 29 0 856 117 932 22 0 845 585 0 483 232 0 969 754 0 490 502 16 0 37 0 453 683 332 0 0 275 677 451 0 88 
226 243 740 54 121 242 0 0 0 361 0 178 802 516 590 354 25 298 0 0 96 794 0 233 858 155 974 355 977 775 583 93 19 135 723 507 477 0 456 0 0 651 710 628 801 704 517 0 517 0 199 410 355 0 268 27 837 0 881 552 0 953 205 189 711 300 407 0 127 372 0 231 245 463 509 85 277 431 132 772 0 360 871 0 83 151 0 953 4 247 229 0 161 248 146 476 502 222 0 0 989 983 48 115 826 0 0 446 57 109 0 695 534 449 478 255 0 703 0 418 0 228 0 267 0 0 0 566 456 350 134 180 0 840 441 0 0 0 297 210 666 89 810 0 0 783 236 308 19 697 44 381 776 0 
0 0 472 631 606 961 3 0 361 0 0 680 0 353 394 0 0 561 729 0 0 769 712 383 268 521 973 59 991 951 0 75 769 291 132 549 373 66 525 155 262 442 0 0 885 0 773 0 658 433 623 230 454 0 295 28 0 432 0 522 810 321 538 535 241 593 778 68 228 66 559 518 536 993 183 980 11 435 790 640 0 661 448 789 150 0 0 0 0 640 131 848 173 661 193 761 523 0 526 0 642 264 0 0 70 766 217 0 432 0 942 554 0 924 363 703 314 53 578 166 0 465 375 263 241 924 996 203 114 0 0 395 165 285 0 0 0 808 478 614 956 0 253 983 733 480 286 0 0 219 925 113 89 695 
191 628 891 485 709 768 268 0 0 0 0 86 262 995 0 799 374 0 0 6 268 0 0 803 194 311 672 571 0 919 384 877 0 366 698 954 914 0 469 238 464 312 987 0 387 921 805 580 782 380 0 865 706 0 0 899 940 0 696 589 0 950 248 0 378 793 0 591 358 836 0 50 560 30 0 0 0 0 0 111 851 840 232 0 115 130 361 741 271 0 117 546 718 403 0 0 960 449 0 122 775 568 136 775 920 0 0 24 369 0 619 564 172 429 395 355 920 528 815 138 766 971 343 0 264 715 648 745 385 0 595 786 0 683 624 0 0 672 270 265 559 0 305 496 243 960 876 252 509 379 343 0 925 316 
0 817 46 430 0 509 384 0 178 680 86 0 314 684 812 749 54 0 105 847 330 0 0 888 16 0 0 282 448 821 417 772 605 741 106 540 211 0 0 187 335 0 482 0 132 463 596 0 946 33 509 796 0 236 0 473 412 623 684 444 3 879 0 597 304 999 689 836 10 942 0 0 0 698 0 909 167 212 738 0 226 984 193 0 808 740 331 361 0 0 0 845 529 222 357 866 67 694 0 624 0 0 897 576 662 831 0 0 840 965 921 196 26 692 430 54 233 164 0 602 585 272 286 64 446 0 200 757 0 135 254 458 216 0 0 94 134 374 121 87 345 408 853 0 0 306 973 230 986 184 752 527 228 184 
0 960 767 0 635 23 776 975 802 0 262 314 0 393 854 918 369 738 933 969 353 494 460 979 0 0 373 0 591 865 432 0 216 639 538 677 0 91 0 96 560 475 0 0 599 928 167 443 250 60 70 506 911 0 911 295 0 927 453 365 429 0 0 0 0 259 123 750 157 814 0 44 361 961 337 0 61 785 675 325 0 78 928 379 0 87 174 960 588 0 0 866 451 0 830 859 0 402 29 0 32 809 82 887 0 3 388 0 985 924 182 336 948 294 610 960 738 947 11 0 0 884 0 192 67 554 105 0 87 186 0 0 963 159 934 832 546 607 675 773 725 16 799 632 576 654 727 0 0 386 802 618 273 747 
694 0 325 122 507 798 0 722 516 353 995 684 393 0 36 641 0 524 542 722 658 0 488 534 0 52 40 827 882 0 0 557 0 352 432 880 0 302 188 0 254 112 21 174 788 736 717 564 840 231 558 887 718 754 583 139 738 21 968 379 273 0 0 774 0 670 60 97 879 0 402 128 853 0 555 0 0 811 0 0 367 0 0 801 0 414 755 469 230 252 0 0 896 274 634 0 0 531 60 756 346 496 0 0 0 604 970 543 769 48 890 91 321 563 939 308 512 377 213 0 810 24 333 201 0 495 918 77 0 507 883 711 377 0 0 266 108 256 82 736 0 286 76 0 3 243 182 759 705 581 177 358 0 236 
0 429 629 96 227 582 240 970 590 394 0 812 854 36 0 889 274 23 885 885 378 346 473 0 0 19 245 363 234 934 118 949 988 816 217 0 114 958 875 0 0 735 177 435 514 223 279 261 212 114 543 0 414 0 763 287 0 533 490 883 0 563 254 333 985 396 602 190 0 0 429 0 656 398 520 571 567 173 156 785 367 228 7 0 207 27 4 402 0 723 546 235 0 235 338 0 473 829 479 924 136 537 533 427 282 991 2 710 796 309 866 703 0 848 0 912 0 0 651 762 748 98 0 652 753 740 0 162 357 390 667 102 799 0 52 996 0 0 773 563 0 0 433 49 0 78 346 0 0 95 359 290 208 745 
0 949 825 65 899 403 957 742 354 0 799 749 918 641 889 0 587 174 198 260 381 181 530 149 0 819 236 629 328 458 228 110 0 384 604 833 0 0 35 614 235 88 907 75 258 234 0 0 0 0 0 258 665 45 762 0 848 838 0 0 0 602 88 0 0 375 0 858 0 719 496 441 18 887 683 633 0 163 837 730 475 345 73 441 645 956 404 738 521 374 691 201 861 319 670 0 988 510 123 697 148 243 835 730 0 91 166 0 0 293 634 533 0 459 189 930 593 636 462 534 395 0 239 470 794 574 503 524 693 243 0 961 0 235 271 363 0 184 206 391 719 857 134 53 26 986 588 0 71 765 263 0 316 0 
146 970 0 17 646 918 148 0 25 0 374 54 369 0 274 587 0 0 58 218 311 901 359 0 561 0 465 856 763 855 949 909 569 590 0 684 0 0 0 412 826 220 0 554 747 855 665 437 839 0 0 253 0 0 0 736 0 508 0 0 0 238 146 257 578 89 665 857 906 513 0 731 785 804 519 0 678 0 912 0 985 836 0 253 0 386 0 0 0 278 0 202 499 675 417 992 466 522 662 661 279 184 0 511 536 982 0 955 307 0 191 184 33 412 425 742 881 494 176 758 754 288 354 0 668 465 312 640 393 0 943 0 98 810 0 320 152 839 368 118 763 0 0 375 396 0 122 138 170 0 285 625 0 517 
972 407 0 231 788 32 816 872 298 561 0 0 738 524 23 174 0 0 714 31 877 623 178 0 0 0 608 331 860 577 972 331 555 0 408 365 901 870 340 970 0 343 0 0 899 0 158 314 914 0 0 0 418 722 0 397 36 0 928 866 315 0 441 292 820 503 922 582 224 786 597 0 271 0 651 0 700 679 801 574 929 764 553 736 0 451 9 530 629 707 0 0 552 513 113 556 0 92 0 883 0 190 0 650 981 357 647 66 89 843 20 431 873 0 545 169 949 24 0 0 118 870 703 0 66 492 438 227 99 483 119 503 93 966 155 19 0 506 532 12 63 0 558 0 348 463 891 710 338 38 353 0 851 294 
681 325 282 659 0 327 29 0 0 729 0 105 933 542 885 198 58 714 0 823 583 0 384 959 899 444 816 737 0 346 411 224 753 333 0 489 163 556 231 50 531 501 842 0 238 316 199 0 541 416 0 689 357 0 232 852 478 134 0 0 82 291 882 792 0 325 865 970 110 89 0 128 0 45 766 209 491 500 759 0 701 854 0 0 818 0 246 261 793 242 101 0 0 446 0 882 808 0 246 319 180 0 292 360 423 897 307 952 0 130 945 0 181 647 344 731 0 727 103 623 482 3 666 237 223 0 229 72 0 75 0 106 0 409 835 653 585 0 108 657 145 736 840 307 313 449 495 150 0 926 993 871 0 749 
735 477 965 0 369 0 0 0 0 0 6 847 969 722 885 260 218 31 823 0 0 0 644 0 177 135 805 586 391 409 302 0 190 0 297 6 468 0 777 164 0 0 154 0 790 354 918 491 642 0 0 773 0 432 0 22 704 500 0 0 294 789 217 925 681 266 946 92 180 221 286 670 149 617 528 191 887 0 0 0 798 185 542 415 0 690 78 264 0 817 540 168 294 868 0 297 282 671 314 851 832 962 811 171 541 95 0 828 29 765 576 290 338 0 227 972 973 0 4 0 662 863 86 46 61 804 674 0 567 0 763 884 903 211 669 320 184 782 311 185 543 139 160 748 241 443 0 240 703 364 0 577 0 832 
35 417 296 0 647 0 920 783 96 0 268 330 353 658 378 381 311 877 583 0 0 737 0 121 780 389 0 431 417 937 187 47 0 0 0 244 582 647 518 0 868 225 0 518 308 559 808 238 273 425 952 95 479 60 260 614 0 430 0 620 0 810 502 901 196 249 0 993 684 67 704 336 673 390 588 14 34 339 847 130 0 446 461 469 0 905 0 284 0 647 0 0 0 633 280 0 0 431 18 0 917 91 528 354 0 76 20 734 557 0 411 273 432 172 0 461 199 877 65 774 844 552 724 448 399 5 596 699 608 916 576 90 159 0 728 766 87 258 0 480 160 0 0 0 0 0 284 0 0 261 541 690 221 450 
428 531 838 0 278 633 129 0 794 769 0 0 494 0 346 181 901 623 0 0 737 0 841 948 942 90 995 363 858 743 722 0 235 246 0 0 470 328 763 455 886 896 800 69 20 191 27 0 789 714 1 303 0 462 189 967 811 525 693 321 344 544 922 0 10 139 525 925 154 754 457 0 626 142 0 730 330 177 0 130 446 0 0 329 167 704 545 306 471 296 257 595 206 66 0 0 885 0 97 273 0 161 488 831 910 148 877 319 598 976 0 647 967 0 403 746 795 991 727 281 266 0 381 632 422 568 73 120 0 105 628 0 0 53 661 601 304 803 168 129 399 0 0 77 577 45 0 11 656 0 0 728 67 838 
995 116 0 0 327 440 0 0 0 712 0 0 460 488 473 530 359 178 384 644 0 841 0 103 0 760 650 240 854 315 77 50 858 321 692 137 111 553 0 507 286 373 195 543 361 0 0 793 434 825 481 851 951 802 292 994 0 277 155 449 876 302 363 847 746 165 467 430 527 444 590 0 797 595 90 277 81 965 0 392 0 714 109 566 849 0 625 0 552 601 389 0 0 691 636 849 599 513 0 0 435 986 440 539 342 573 95 175 659 107 0 0 0 538 762 0 804 780 285 868 0 664 248 0 599 686 173 818 990 850 292 784 932 832 0 28 670 0 743 484 287 90 518 645 101 78 546 761 0 700 267 965 385 846 
140 443 946 0 0 887 196 514 233 383 803 888 979 534 0 149 0 0 959 0 121 948 103 0 995 683 316 196 99 243 0 90 225 922 952 428 0 0 287 325 630 0 881 0 139 20 204 164 125 0 479 880 422 370 14 0 712 837 0 910 0 6 0 979 0 984 0 546 0 959 0 0 226 477 972 551 3 0 476 0 0 922 796 714 0 0 541 907 0 242 139 340 329 0 269 56 988 0 285 177 859 520 0 309 769 678 439 988 550 107 563 803 55 649 685 372 920 395 846 0 557 0 396 0 95 496 0 837 136 870 303 41 99 0 604 841 124 203 26 0 104 942 106 721 225 72 0 188 0 129 464 894 192 0 
607 755 692 0 170 921 0 648 858 268 194 16 0 0 0 0 561 0 899 177 780 942 0 995 0 606 490 29 947 742 519 0 276 5 854 0 208 270 0 0 204 729 312 340 436 905 0 903 32 0 429 897 141 0 0 586 889 769 652 723 887 339 462 930 593 952 0 64 112 0 0 0 0 0 86 886 908 45 988 785 0 392 692 0 265 799 662 887 408 643 0 479 154 0 142 366 151 610 758 288 0 138 605 716 0 0 263 0 284 921 725 827 605 981 880 755 0 294 428 0 688 959 249 96 435 558 593 76 92 936 0 654 0 0 223 168 0 585 326 950 189 485 87 0 619 185 454 699 655 905 500 674 0 564 
258 0 622 0 0 104 451 888 155 521 311 0 0 52 19 819 0 0 444 135 389 90 760 683 606 0 771 0 0 695 353 961 687 307 725 392 653 0 460 312 801 784 110 505 277 962 14 961 914 878 0 725 116 16 449 0 80 837 705 775 0 914 694 675 167 0 493 0 454 248 531 633 639 371 488 419 0 183 554 630 0 878 701 18 121 0 919 691 0 203 0 224 948 0 0 574 209 0 661 0 538 634 195 0 0 91 660 842 16 175 51 763 0 251 792 0 443 49 954 114 0 0 698 431 149 383 124 0 0 683 829 0 894 959 189 0 575 377 0 77 294 454 268 948 730 0 0 397 374 616 226 0 785 801 
0 0 386 0 88 315 643 810 974 973 672 0 373 40 245 236 465 608 816 805 0 995 650 316 490 771 0 71 0 136 0 0 176 0 137 481 436 9 0 201 191 144 924 608 0 528 196 99 0 77 523 193 956 215 615 407 0 268 673 0 13 31 678 0 752 531 0 963 0 482 900 144 384 964 210 353 45 638 774 776 718 26 541 134 34 154 0 606 0 571 19 0 220 277 962 429 0 0 865 646 885 0 308 317 345 344 927 248 611 45 0 0 625 869 713 475 675 226 762 0 0 883 952 524 0 19 0 213 956 644 545 686 260 649 0 345 773 764 648 0 132 939 565 74 32 124 611 0 12 64 79 546 136 188 
0 0 283 626 0 706 0 437 355 59 571 282 0 827 363 629 856 331 737 586 431 363 240 196 29 0 71 0 274 270 795 0 875 948 772 486 606 0 660 0 826 338 196 772 769 107 0 862 957 0 12 0 994 714 725 0 978 637 0 432 771 983 0 558 321 676 0 449 134 0 0 156 0 637 369 0 0 0 0 0 0 0 906 0 0 629 524 0 172 0 623 427 48 0 941 0 529 684 845 479 0 452 929 549 0 693 836 347 844 937 366 824 70 153 527 921 0 614 0 290 423 295 868 0 899 390 274 657 149 0 787 855 210 0 497 0 568 689 0 716 807 0 591 0 978 229 0 360 373 783 0 441 990 0 
561 564 652 761 790 743 0 0 977 991 0 448 591 882 234 328 763 860 0 391 417 858 854 99 947 0 0 274 0 588 748 0 552 700 455 51 401 894 0 57 188 184 69 99 274 578 0 0 424 0 792 544 608 612 568 693 891 448 894 29 0 0 96 0 29 476 822 993 0 0 334 732 915 859 0 0 296 874 468 513 935 136 658 698 0 610 472 41 979 186 129 0 745 0 0 0 884 437 393 398 104 905 955 181 514 578 592 149 899 138 497 133 79 705 854 637 314 0 964 585 412 0 240 41 144 491 919 851 0 324 330 82 483 14 345 865 232 928 116 435 495 231 441 902 775 944 161 745 554 718 567 905 0 476 
767 661 882 413 301 0 220 733 775 951 919 821 865 0 934 458 855 577 346 409 937 743 315 243 742 695 136 270 588 0 618 0 15 482 533 676 0 664 344 791 367 704 848 178 408 270 709 408 796 0 83 359 991 788 597 592 461 0 81 0 637 708 0 892 9 924 0 0 0 10 678 283 115 583 652 741 403 926 620 314 398 894 345 0 37 35 349 626 544 564 504 643 937 102 317 196 578 165 0 180 980 566 545 261 758 580 55 495 164 148 0 746 0 373 0 791 530 0 282 6 819 413 89 0 71 687 970 0 791 207 911 8 0 0 821 0 389 588 0 815 675 701 227 132 234 0 756 765 0 620 0 877 708 317 
0 193 212 0 904 556 523 84 583 0 384 417 432 0 118 228 949 972 411 302 187 722 77 0 519 353 0 795 748 618 0 986 0 38 536 725 479 727 272 0 608 692 435 452 334 185 238 880 769 520 0 528 353 122 590 918 0 212 880 0 262 282 520 516 766 611 468 530 248 0 0 880 581 56 509 0 520 377 607 26 0 395 0 464 153 0 209 961 146 578 582 827 0 171 562 204 255 636 228 0 0 845 0 507 844 884 0 430 45 0 276 910 130 0 615 498 0 0 0 686 928 939 0 0 154 155 386 620 524 361 863 904 852 214 0 69 0 0 576 139 0 852 121 718 712 874 894 883 429 17 494 964 0 892 
991 357 558 722 513 556 978 912 93 75 877 772 0 557 949 110 909 331 224 0 47 0 50 90 0 961 0 0 0 0 986 0 643 283 83 0 56 648 14 536 435 789 253 0 907 0 888 798 976 275 547 174 359 157 0 914 763 653 0 703 0 0 0 0 267 0 568 439 580 295 153 225 893 744 660 682 197 530 336 818 943 0 690 604 587 504 183 0 316 425 316 313 821 253 928 833 139 953 437 0 68 907 518 321 76 217 558 0 620 202 0 347 624 229 955 0 260 0 34 0 0 360 0 47 231 306 568 488 0 182 265 806 0 0 459 0 451 0 614 976 56 221 361 0 957 616 120 0 550 720 303 0 0 0 
168 987 592 146 0 377 0 0 19 769 0 605 216 0 988 0 569 555 753 190 0 235 858 225 276 687 176 875 552 15 0 643 0 518 263 450 539 97 653 394 45 45 239 822 101 973 627 249 904 458 65 918 372 429 252 376 0 896 4 424 757 753 0 41 0 0 0 833 0 406 636 445 746 946 159 541 0 712 228 0 0 398 922 353 551 0 818 539 0 969 0 700 0 0 0 859 919 422 728 356 896 867 299 220 929 172 770 964 946 852 611 160 121 0 309 350 955 0 898 86 97 264 171 782 581 744 0 784 239 0 643 83 544 322 0 739 545 163 779 863 526 261 59 763 157 230 0 473 403 39 612 346 0 0 
72 0 516 410 799 919 0 142 135 291 366 741 639 352 816 384 590 0 333 0 0 246 321 922 5 307 0 948 700 482 38 283 518 0 846 262 972 648 961 662 0 496 437 267 510 497 606 958 0 325 729 0 46 0 340 18 0 713 0 553 0 454 364 169 542 167 424 149 301 59 143 894 273 751 876 528 422 516 726 992 941 155 376 0 0 788 483 751 0 70 548 521 950 0 308 0 495 0 331 0 698 215 725 26 0 243 0 203 298 7 6 162 375 970 106 21 0 737 0 457 179 444 963 0 473 88 0 732 0 380 378 992 408 934 335 493 667 631 675 309 0 75 867 0 77 539 132 738 933 41 654 864 312 548 
0 982 0 946 486 786 257 685 723 132 698 106 538 432 217 604 0 408 0 297 0 0 692 952 854 725 137 772 455 533 536 83 263 846 0 753 810 594 0 683 0 675 100 0 925 62 998 0 646 27 987 0 457 0 0 161 921 0 570 335 0 975 456 108 189 762 890 0 537 286 11 659 0 347 0 161 0 0 979 0 134 443 22 0 0 380 717 0 433 761 570 309 385 0 487 911 0 973 570 119 860 572 529 393 48 999 102 708 0 662 312 542 259 649 0 551 0 569 134 451 0 0 12 0 81 0 0 329 713 161 0 585 662 588 0 0 958 0 909 60 0 135 0 171 949 339 522 0 770 840 381 994 34 621 
161 0 891 246 424 531 384 210 507 549 954 540 677 880 0 833 684 365 489 6 244 0 137 428 0 392 481 486 51 676 725 0 450 262 753 0 455 352 0 0 737 0 206 756 892 762 91 461 285 302 302 976 253 911 123 836 0 0 0 51 367 555 0 610 362 5 0 567 514 578 10 0 182 442 620 410 0 0 94 0 0 354 530 0 234 55 517 0 0 271 833 794 0 7 0 0 17 824 887 844 590 0 315 634 0 114 0 657 0 0 0 113 998 966 751 223 446 51 611 366 0 894 332 834 774 690 360 0 521 860 916 121 113 262 0 662 720 0 997 246 0 273 0 0 0 745 701 812 256 772 582 0 639 488 
832 701 65 107 683 521 927 211 477 373 914 211 0 0 114 0 0 901 163 468 582 470 111 0 208 653 436 606 401 0 479 56 539 972 810 455 0 665 430 736 0 344 717 777 242 853 0 751 4 970 0 4 549 986 943 0 675 0 59 376 955 658 0 289 0 506 121 356 247 860 306 819 211 548 0 796 847 495 386 185 0 0 697 273 636 0 0 0 114 465 309 583 695 994 0 658 0 157 348 0 0 0 0 357 0 257 0 617 665 119 722 0 683 417 149 820 508 908 500 887 765 0 0 648 293 286 940 429 270 802 692 810 436 633 274 0 800 0 568 457 140 584 948 360 241 379 542 82 32 87 0 361 30 0 
265 974 982 0 601 594 257 52 0 66 0 0 91 302 958 0 0 870 556 0 647 328 553 0 270 0 9 0 894 664 727 648 97 648 594 352 665 0 449 918 151 0 467 0 639 0 8 797 409 0 0 468 495 0 329 546 376 0 0 774 354 303 864 271 356 0 245 660 392 509 0 46 2 266 794 0 919 142 0 929 252 190 632 0 505 0 0 239 51 694 680 959 97 256 920 81 340 845 820 921 0 240 0 142 433 0 667 872 820 0 93 0 827 925 349 461 999 390 947 0 944 673 444 976 164 525 0 891 0 78 88 0 796 76 895 967 734 596 601 591 346 812 761 366 0 176 0 136 450 165 99 65 552 0 
426 803 0 0 31 517 111 593 456 525 469 0 0 188 875 35 0 340 231 777 518 763 0 287 0 460 0 660 0 344 272 14 653 961 0 0 430 449 0 920 339 184 267 0 96 189 648 0 338 313 602 0 309 485 0 0 894 887 873 441 0 0 707 381 159 147 461 168 0 707 999 354 295 210 457 0 919 0 602 199 0 0 0 936 833 0 0 906 153 594 738 913 875 169 569 385 313 795 631 53 835 0 924 615 947 301 684 0 0 476 317 814 570 0 579 807 71 695 107 777 959 529 153 675 727 0 216 743 433 241 881 722 994 0 857 546 885 905 796 588 226 580 517 0 714 271 859 131 903 509 0 0 76 432 
798 0 587 0 946 596 0 319 0 155 238 187 96 0 0 614 412 970 50 164 0 455 507 325 0 312 201 0 57 791 0 536 394 662 683 0 736 918 920 0 0 0 224 892 457 655 0 206 663 664 576 734 975 0 0 630 733 98 723 776 168 527 732 354 510 569 0 743 972 3 727 944 800 910 0 0 533 477 0 292 814 104 940 367 847 0 174 179 0 692 651 42 431 21 0 891 0 352 668 0 801 0 185 447 67 0 441 633 0 868 0 494 321 0 0 366 191 220 456 98 0 870 906 854 527 246 0 0 613 0 0 0 390 747 428 98 0 0 140 24 0 72 0 0 0 576 822 47 0 12 881 459 0 0 
279 76 0 0 380 274 313 0 0 262 464 335 560 254 0 235 826 0 531 0 868 886 286 630 204 801 191 826 188 367 608 435 45 0 0 737 0 151 339 0 0 0 344 665 559 342 0 988 797 2 160 164 260 488 0 549 0 538 695 964 940 855 0 0 0 608 0 0 392 228 76 489 518 701 615 593 939 0 740 379 717 360 933 69 501 557 0 951 888 907 739 0 822 771 514 450 13 279 885 535 876 243 0 0 0 292 394 845 582 686 115 960 0 873 448 0 101 901 699 125 0 384 0 817 0 0 700 281 721 950 146 605 540 150 0 184 701 846 358 0 649 502 228 664 732 335 450 925 26 883 308 0 249 776 
661 809 255 507 179 547 663 613 651 442 312 0 475 112 735 88 220 343 501 0 225 896 373 0 729 784 144 338 184 704 692 789 45 496 675 0 344 0 184 0 0 0 915 229 653 558 628 781 592 0 344 1 0 64 563 162 0 132 0 946 0 0 829 0 40 931 303 712 75 0 848 0 0 0 503 536 564 919 579 685 927 910 45 655 0 174 0 713 0 0 649 852 884 0 521 0 212 243 212 486 411 0 431 0 0 736 886 420 0 53 446 0 852 0 315 0 435 0 408 465 3 5 219 0 889 0 815 0 0 241 865 483 0 678 692 200 723 308 441 72 60 95 127 0 177 0 607 635 828 0 512 263 43 339 
0 303 199 95 0 0 818 463 710 0 987 482 0 21 177 907 0 0 842 154 0 800 195 881 312 110 924 196 69 848 435 253 239 437 100 206 717 467 267 224 344 915 0 0 523 86 257 0 880 0 603 219 513 49 88 161 708 430 0 362 0 929 871 774 0 904 939 388 0 0 620 729 639 666 181 0 346 539 826 530 324 953 914 690 378 856 461 0 366 512 293 360 979 48 621 271 780 91 660 0 0 0 901 557 287 762 505 311 767 0 937 244 638 468 135 403 0 785 879 381 0 213 0 0 637 0 757 0 366 304 196 277 108 0 937 703 0 20 808 636 0 143 368 896 617 741 0 235 706 417 744 0 0 0 
280 0 0 149 34 0 985 793 628 0 0 0 0 174 435 75 554 0 0 0 518 69 543 0 340 505 608 772 99 178 452 0 822 267 0 756 777 0 0 892 665 229 0 0 0 389 530 919 635 727 279 0 668 882 199 722 170 91 0 824 0 0 23 890 0 21 303 0 298 0 103 644 0 0 623 747 35 207 570 417 26 667 876 0 560 173 348 666 426 762 541 0 386 195 844 176 993 0 0 939 172 66 195 935 806 279 791 729 556 649 339 41 776 507 510 691 0 942 971 428 220 646 834 522 959 558 475 0 433 0 566 255 515 0 0 788 0 240 0 501 484 918 0 880 938 0 692 0 697 182 464 0 0 341 
898 731 496 330 889 608 0 598 801 885 387 132 599 788 514 258 747 899 238 790 308 20 361 139 436 277 0 769 274 408 334 907 101 510 925 892 242 639 96 457 559 653 523 0 0 13 0 559 0 10 406 0 26 787 148 430 104 0 757 693 387 150 619 717 883 145 453 169 339 167 0 235 126 992 202 612 924 568 901 586 948 914 567 0 922 677 989 885 873 145 0 0 0 224 326 102 502 827 99 664 49 787 809 0 995 189 0 91 351 445 0 724 0 650 426 955 660 27 564 0 236 875 0 335 0 0 0 686 656 479 0 879 338 30 440 928 415 0 0 837 0 0 0 868 924 0 412 939 897 381 379 920 444 923 
734 433 98 74 0 394 0 935 704 0 921 463 928 736 223 234 855 0 316 354 559 191 0 20 905 962 528 107 578 270 185 0 973 497 62 762 853 0 189 655 342 558 86 389 13 0 0 0 891 332 610 0 687 932 65 455 547 0 0 750 868 772 629 240 389 0 0 0 0 890 476 749 0 963 0 843 801 254 516 947 135 257 454 764 796 244 862 427 0 964 269 730 0 0 286 0 204 696 794 949 0 0 952 70 808 845 988 709 0 0 142 151 91 0 0 447 997 0 0 637 851 323 605 659 694 984 226 919 302 172 121 792 176 0 0 121 0 544 32 0 87 202 696 597 855 277 0 724 466 770 29 548 385 0 
842 432 0 468 730 784 359 166 517 773 805 596 167 717 279 0 665 158 199 918 808 27 0 204 0 14 196 0 0 709 238 888 627 606 998 91 0 8 648 0 0 628 257 530 0 0 0 539 17 631 937 666 220 0 999 83 0 312 498 175 0 0 972 0 752 875 624 670 685 580 635 0 0 551 649 0 849 538 615 0 0 888 0 898 618 132 270 221 0 998 0 649 508 195 579 0 316 208 492 815 885 881 0 0 412 673 273 229 361 928 0 786 0 665 139 395 516 907 115 0 56 384 106 680 0 0 388 944 0 0 0 441 998 527 0 535 330 204 0 0 0 0 576 908 541 251 860 958 654 672 248 582 0 969 
739 596 529 820 734 713 0 400 0 0 580 0 443 564 261 0 437 314 0 491 238 0 793 164 903 961 99 862 0 408 880 798 249 958 0 461 751 797 0 206 988 781 0 919 559 0 539 0 160 406 789 0 459 680 309 879 586 696 671 428 536 0 303 0 0 83 944 0 970 554 0 0 808 867 247 568 45 712 388 875 253 0 484 532 650 0 0 848 965 0 0 357 0 290 783 0 10 0 349 0 127 773 733 0 571 712 943 559 0 528 328 0 335 641 665 642 0 73 312 28 46 0 0 502 437 939 815 309 0 524 233 814 921 0 0 558 273 123 0 365 0 816 0 692 0 768 613 287 0 0 884 83 883 928 
751 121 0 930 766 0 210 100 517 658 782 946 250 840 212 0 839 914 541 642 273 789 434 125 32 914 0 957 424 796 769 976 904 0 646 285 4 409 338 663 797 592 880 635 0 891 17 160 0 970 728 658 243 0 0 711 0 541 0 707 912 710 825 101 991 667 278 555 3 0 0 0 717 987 70 342 326 344 729 761 710 0 881 0 720 23 0 0 424 0 330 145 171 785 376 941 801 0 587 7 0 936 156 0 0 666 598 898 0 839 0 0 0 384 133 134 754 50 379 0 617 0 0 850 0 208 0 87 890 147 48 927 469 313 562 237 0 507 643 782 261 0 985 133 907 0 0 567 533 229 266 275 87 0 
607 208 862 277 684 0 0 0 0 433 380 33 60 231 114 0 0 0 416 0 425 714 825 0 0 878 77 0 0 0 520 275 458 325 27 302 970 0 313 664 2 0 0 727 10 332 631 406 970 0 526 23 566 955 427 673 654 0 633 482 863 664 0 977 804 899 12 178 649 0 139 298 642 545 688 464 282 127 970 0 182 0 272 42 320 0 575 123 201 754 656 28 494 59 421 597 201 0 721 943 0 234 734 180 923 643 103 379 512 114 399 289 92 0 0 737 171 921 0 0 617 23 0 877 97 566 379 721 0 708 147 832 0 478 413 86 0 564 720 601 833 351 752 907 0 72 558 0 946 0 0 185 0 0 
69 955 407 0 601 159 856 164 199 623 0 509 70 558 543 0 0 0 0 0 952 1 481 479 429 0 523 12 792 83 0 547 65 729 987 302 0 0 602 576 160 344 603 279 406 610 937 789 728 526 0 585 582 21 318 701 752 0 364 529 564 138 805 491 0 0 719 317 466 621 783 851 106 0 0 315 156 488 233 37 168 156 583 79 742 440 644 0 0 778 168 752 684 935 0 822 0 0 9 0 0 167 43 937 0 25 936 0 588 972 701 449 718 482 0 252 260 26 659 272 304 939 652 607 178 777 114 0 999 336 866 355 260 715 0 21 790 873 423 869 109 0 0 0 709 794 0 0 423 668 510 0 814 0 
0 741 372 326 855 648 823 927 410 230 865 796 506 887 0 258 253 0 689 773 95 303 851 880 897 725 193 0 544 359 528 174 918 0 0 976 4 468 0 734 164 1 219 0 0 0 666 0 658 23 585 0 732 518 416 373 554 14 942 947 0 798 807 764 797 603 35 0 656 898 388 597 507 0 0 0 550 0 324 413 0 736 989 615 444 0 0 0 0 0 927 65 341 973 0 0 0 0 14 295 83 0 607 755 725 836 0 358 423 204 344 220 710 681 93 537 723 387 874 363 144 982 0 403 30 381 0 405 0 315 0 126 205 522 622 639 0 600 78 956 971 0 257 565 725 182 817 548 331 621 66 0 570 158 
682 0 403 598 552 471 262 369 355 454 706 0 911 718 414 665 0 418 357 0 479 0 951 422 141 116 956 994 608 991 353 359 372 46 457 253 549 495 309 975 260 0 513 668 26 687 220 459 243 566 582 732 0 109 515 64 0 395 77 850 908 943 0 232 0 0 874 225 29 217 876 0 684 0 0 333 143 803 0 0 875 537 0 160 145 992 726 0 712 314 235 843 131 1 0 721 507 216 307 209 122 619 944 918 169 0 453 0 449 0 0 0 0 659 889 776 0 0 931 502 249 356 0 0 898 0 0 325 0 425 341 718 0 16 850 764 993 570 386 663 845 507 0 0 325 0 381 802 903 9 415 532 0 0 
0 137 610 137 619 815 581 0 0 0 0 236 0 754 0 45 0 722 0 432 60 462 802 370 0 16 215 714 612 788 122 157 429 0 0 911 986 0 485 0 488 64 49 882 787 932 0 680 0 955 21 518 109 0 718 26 896 176 716 522 668 913 219 846 205 997 115 0 189 0 575 99 669 934 0 0 980 0 599 133 0 990 309 722 845 804 592 6 745 277 527 632 881 0 868 968 476 866 756 119 510 507 205 613 0 0 948 187 649 32 0 0 597 266 926 300 343 186 726 661 0 174 137 161 216 745 0 0 0 559 0 0 769 853 0 67 893 364 0 0 783 266 838 781 956 0 0 467 0 92 0 73 208 653 
817 0 980 622 492 575 88 135 268 295 0 0 911 583 763 762 0 0 232 0 260 189 292 14 0 449 615 725 568 597 590 0 252 340 0 123 943 329 0 0 0 563 88 199 148 65 999 309 0 427 318 416 515 718 0 52 0 0 348 854 531 432 143 0 391 894 348 0 865 391 348 524 16 889 545 2 976 0 0 758 197 118 885 846 0 279 420 442 228 791 0 741 899 0 267 0 143 339 581 556 806 834 228 257 940 432 212 277 0 484 552 0 697 729 881 857 616 118 503 686 0 230 0 805 464 596 829 0 37 432 69 0 603 669 127 351 461 249 160 184 888 238 679 273 0 501 64 0 0 0 831 0 629 0 
137 680 136 976 792 0 363 13 27 28 899 473 295 139 287 0 736 397 852 22 614 967 994 0 586 0 407 0 693 592 918 914 376 18 161 836 0 546 0 630 549 162 161 722 430 455 83 879 711 673 701 373 64 26 52 0 564 0 0 244 547 758 60 0 945 0 16 183 0 246 794 863 0 65 182 0 502 0 0 670 817 282 846 0 0 718 857 664 0 494 0 196 0 952 74 0 940 855 388 0 44 961 844 265 447 0 0 288 650 494 950 501 0 886 327 786 804 0 612 849 176 44 643 123 998 308 602 951 632 167 789 0 340 369 433 0 144 949 962 809 0 910 0 187 979 439 0 190 0 0 302 226 604 231 
200 0 833 923 0 361 928 313 837 0 940 412 0 738 0 848 0 36 478 704 0 811 0 712 889 80 0 978 891 461 0 763 0 0 921 0 675 376 894 733 0 0 708 170 104 547 0 586 0 654 752 554 0 896 0 564 0 0 685 21 522 990 0 591 638 664 361 370 638 0 0 309 0 937 329 286 391 805 680 995 319 0 852 176 0 991 291 680 649 505 879 362 789 0 309 154 529 0 96 191 298 321 0 748 0 511 300 87 933 176 124 595 663 693 209 286 486 74 362 599 0 826 111 846 976 0 822 0 0 0 79 553 655 0 114 703 0 0 989 28 555 648 312 287 18 106 620 0 741 276 0 446 267 409 
851 731 987 671 908 0 526 735 0 432 0 623 927 21 533 838 508 0 134 500 430 525 277 837 769 837 268 637 448 0 212 653 896 713 0 0 0 0 887 98 538 132 430 91 0 0 312 696 541 0 0 14 395 176 0 0 0 0 331 302 477 73 125 910 109 847 591 0 0 543 200 688 762 254 0 0 423 273 680 0 0 678 469 433 0 637 0 848 197 0 917 0 404 103 155 407 367 346 269 560 756 0 74 859 360 0 0 215 552 645 66 0 0 0 977 199 0 948 498 443 275 626 416 768 960 820 522 501 323 311 761 0 825 604 641 281 259 626 161 833 0 615 558 220 233 535 432 819 75 241 993 0 769 0 
644 615 895 0 298 178 0 35 881 0 696 684 453 968 490 0 0 928 0 0 0 693 155 0 652 705 673 0 894 81 880 0 4 0 570 0 59 0 873 723 695 0 0 0 757 0 498 671 0 633 364 942 77 716 348 0 685 331 0 0 232 367 496 909 681 777 0 748 780 77 345 849 0 262 0 0 276 273 0 558 141 146 523 38 681 541 602 220 622 570 256 0 0 31 279 702 171 0 151 762 0 641 413 911 506 480 742 0 323 523 108 653 0 178 511 485 962 446 788 0 67 390 277 866 337 0 0 0 0 617 16 0 0 0 0 0 0 66 442 0 443 891 134 272 214 408 75 733 727 26 529 387 260 854 
172 0 456 258 0 817 0 0 552 522 589 444 365 379 883 0 0 866 0 0 620 321 449 910 723 775 0 432 29 0 0 703 424 553 335 51 376 774 441 776 964 946 362 824 693 750 175 428 707 482 529 947 850 522 854 244 21 302 0 0 600 188 967 269 281 0 0 54 701 362 615 160 0 20 622 831 224 0 102 722 0 946 700 764 157 880 212 37 0 604 298 504 527 0 0 0 580 195 582 632 97 0 171 804 719 427 593 88 0 918 855 656 267 32 29 459 38 53 0 944 0 1 956 550 40 701 671 0 0 0 133 783 986 857 675 0 0 0 0 178 936 686 0 0 206 310 360 0 128 0 99 937 0 553 
0 546 0 378 287 0 130 496 0 810 0 3 429 273 0 0 0 315 82 294 0 344 876 0 887 0 13 771 0 637 262 0 757 0 0 367 955 354 0 168 940 0 0 0 387 868 0 536 912 863 564 0 908 668 531 547 522 477 232 600 0 865 0 463 526 522 0 18 972 659 259 120 902 998 0 582 601 745 8 906 959 0 619 293 0 391 986 511 0 622 285 666 0 179 87 951 0 316 387 648 482 72 386 0 68 467 980 504 370 923 454 782 911 0 521 919 872 667 235 0 886 150 335 112 217 0 418 0 0 0 389 247 243 0 16 872 0 127 691 876 0 350 0 998 302 289 0 226 0 944 216 386 468 336 
987 922 133 0 995 770 764 568 953 321 950 879 0 0 563 602 238 0 291 789 810 544 302 6 339 914 31 983 0 708 282 0 753 454 975 555 658 303 0 527 855 0 929 0 150 772 0 0 710 664 138 798 943 913 432 758 990 73 367 188 865 0 447 147 709 0 411 403 902 0 0 0 856 914 869 337 650 195 436 0 0 662 650 654 256 0 797 0 315 769 948 925 0 250 534 343 783 0 294 253 618 0 291 857 0 715 0 886 511 85 982 0 531 690 388 0 0 443 500 807 0 515 0 991 87 0 265 0 89 333 157 411 286 0 611 934 256 246 864 160 0 483 0 0 881 0 0 888 132 547 0 219 500 399 
409 513 202 0 0 618 172 0 205 538 248 0 0 0 254 88 146 441 882 217 502 922 363 0 462 694 678 0 96 0 520 0 0 364 456 0 0 864 707 732 0 829 871 23 619 629 972 303 825 0 805 807 0 219 143 60 0 125 496 967 0 447 0 228 0 27 0 97 866 0 161 257 0 440 0 500 0 190 398 511 542 671 0 911 493 369 690 657 329 0 0 409 378 629 746 824 339 503 662 742 866 620 964 57 519 0 0 405 0 372 0 0 451 990 436 987 117 285 39 0 257 212 0 0 908 763 0 775 690 171 304 119 675 0 109 877 949 503 877 0 0 0 152 0 915 0 749 833 740 477 452 0 523 213 
980 0 0 0 10 687 369 0 189 535 0 597 0 774 333 0 257 292 792 925 901 0 847 979 930 675 0 558 0 892 516 0 41 169 108 610 289 271 381 354 0 0 774 890 717 240 0 0 101 977 491 764 232 846 0 0 591 910 909 269 463 147 228 0 172 709 0 0 637 470 0 969 464 0 550 0 0 478 190 0 76 368 415 335 637 658 185 118 228 728 837 656 92 21 622 790 307 642 0 425 786 729 0 625 345 264 0 949 870 511 70 0 996 133 322 0 0 914 463 782 860 101 266 506 402 97 0 0 668 648 958 0 0 165 918 357 0 380 0 531 777 876 894 911 460 540 205 387 161 948 113 66 357 0 
320 649 526 734 679 865 473 767 711 241 378 304 0 0 985 0 578 820 0 681 196 10 746 0 593 167 752 321 29 9 766 267 0 542 189 362 0 356 159 510 0 40 0 0 883 389 752 0 991 804 0 797 0 205 391 945 638 109 681 281 526 709 0 172 0 782 0 390 0 357 0 989 0 0 246 846 0 0 468 220 911 260 98 679 0 793 675 0 162 345 352 41 247 18 179 311 0 895 751 633 210 0 493 0 0 55 0 419 518 314 743 849 875 517 0 0 513 225 639 731 0 997 0 878 444 250 186 0 130 736 65 0 309 253 498 435 887 69 0 160 250 218 765 904 568 958 0 245 0 728 462 382 395 452 
0 0 846 863 326 0 511 587 300 593 793 999 259 670 396 375 89 503 325 266 249 139 165 984 952 0 531 676 476 924 611 0 0 167 762 5 506 0 147 569 608 931 904 21 145 0 875 83 667 899 0 603 0 997 894 0 664 847 777 0 522 0 27 709 782 0 746 0 714 991 21 534 232 757 189 263 722 235 0 0 535 538 594 0 0 22 754 897 0 0 117 34 0 30 0 202 432 543 713 807 442 311 472 744 0 0 666 570 233 114 262 41 0 899 0 47 898 992 211 0 457 289 799 816 52 242 681 9 356 580 730 0 291 0 676 0 159 596 487 520 842 267 0 681 967 815 508 0 213 286 528 0 918 686 
533 848 47 0 0 0 708 57 407 778 0 689 123 60 602 0 665 922 865 946 0 525 467 0 0 493 0 0 822 0 468 568 0 424 890 0 121 245 461 0 0 303 939 303 453 0 624 944 278 12 719 35 874 115 348 16 361 591 0 0 0 411 0 0 0 746 0 129 414 556 283 27 743 592 0 684 0 0 346 176 245 0 561 619 733 0 178 196 0 0 573 431 0 435 557 138 0 665 0 0 266 264 0 704 950 0 148 351 589 769 0 291 529 0 236 126 839 811 533 0 524 964 371 43 476 797 267 275 780 670 0 996 94 903 0 901 33 703 0 0 758 906 0 0 0 781 557 0 529 634 115 831 579 0 
115 65 563 0 0 366 468 98 0 68 591 836 750 97 190 858 857 582 970 92 993 925 430 546 64 0 963 449 993 0 530 439 833 149 0 567 356 660 168 743 0 712 388 0 169 0 670 0 555 178 317 0 225 0 0 183 370 0 748 54 18 403 97 0 390 0 129 0 309 453 455 0 89 0 444 93 0 41 777 928 0 203 682 477 829 663 149 581 47 516 248 827 0 0 462 572 254 0 612 0 587 106 669 0 780 439 189 660 381 149 500 0 0 0 182 117 0 691 84 0 463 0 886 309 801 653 598 646 3 759 495 514 58 954 610 377 614 0 15 311 0 544 0 769 0 553 398 764 822 776 693 809 899 918 
583 300 8 398 316 474 288 206 127 228 358 10 157 879 0 0 906 224 110 180 684 154 527 0 112 454 0 134 0 0 248 580 0 301 537 514 247 392 0 972 392 75 0 298 339 0 685 970 3 649 466 656 29 189 865 0 638 0 780 701 972 902 866 637 0 714 414 309 0 281 149 0 430 796 437 339 102 985 49 616 772 0 342 0 14 164 50 0 796 892 538 650 140 667 337 576 0 457 0 350 732 37 114 974 0 0 0 0 0 525 155 140 366 614 0 73 208 718 0 0 816 964 494 234 124 364 0 19 313 162 757 278 784 426 564 87 355 758 511 575 853 204 847 805 650 571 37 365 419 729 0 5 853 0 
648 821 377 1 0 485 99 954 372 66 836 942 814 0 0 719 513 786 89 221 67 754 444 959 0 248 482 0 0 10 0 295 406 59 286 578 860 509 707 3 228 0 0 0 167 890 580 554 0 0 621 898 217 0 391 246 0 543 77 362 659 0 0 470 357 991 556 453 281 0 818 174 0 156 45 348 0 544 0 292 228 398 0 0 0 397 0 327 619 514 0 665 925 235 0 546 174 467 750 363 182 0 325 32 0 0 854 990 329 718 0 411 772 951 0 702 594 87 0 630 712 311 907 0 0 140 610 477 0 0 570 845 163 571 0 917 11 0 586 386 4 176 766 35 0 539 0 250 594 0 863 755 688 176 
794 555 806 38 183 0 0 797 0 559 0 0 0 402 429 496 0 597 0 286 704 457 590 0 0 531 900 0 334 678 0 153 636 143 11 10 306 0 999 727 76 848 620 103 0 476 635 0 0 139 783 388 876 575 348 794 0 200 345 615 259 0 161 0 0 21 283 455 149 818 0 363 459 76 0 705 184 323 402 0 133 0 765 180 71 0 0 558 754 0 141 522 150 981 0 957 73 0 393 0 0 0 0 327 203 0 39 334 0 781 0 261 818 771 937 312 0 468 745 220 203 560 572 164 659 0 429 660 757 492 741 0 0 75 0 793 218 0 291 787 468 0 0 974 611 0 12 0 126 0 64 0 198 664 
451 339 977 435 839 589 0 0 231 518 50 0 44 128 0 441 731 0 128 670 336 0 0 0 0 633 144 156 732 283 880 225 445 894 659 0 819 46 354 944 489 0 729 644 235 749 0 0 0 298 851 597 0 99 524 863 309 688 849 160 120 0 257 969 989 534 27 0 0 174 363 0 286 786 0 0 0 465 451 0 272 183 662 0 155 92 411 897 0 125 234 0 965 292 0 501 0 258 48 631 610 0 153 742 230 113 478 0 0 669 0 0 841 599 169 263 85 0 0 152 64 23 943 812 0 540 0 35 935 819 900 916 0 905 0 128 403 0 929 365 6 0 0 589 440 562 760 82 490 863 0 2 705 0 
885 825 842 819 745 0 0 671 245 536 560 0 361 853 656 18 785 271 0 149 673 626 797 226 0 639 384 0 915 115 581 893 746 273 0 182 211 2 295 800 518 0 639 0 126 0 0 808 717 642 106 507 684 669 16 0 0 762 0 0 902 856 0 464 0 232 743 89 430 0 459 286 0 359 395 0 727 740 202 145 197 452 264 335 19 990 0 28 196 0 0 156 596 425 193 808 841 309 299 0 29 345 495 940 375 280 34 633 495 231 339 359 702 35 979 78 760 831 774 50 0 0 0 7 0 0 0 0 978 480 839 885 231 860 0 461 424 735 0 288 270 347 734 945 966 0 365 511 744 815 834 798 149 512 
208 230 330 0 0 205 0 695 463 993 30 698 961 0 398 887 804 0 45 617 390 142 595 477 0 371 964 637 859 583 56 744 946 751 347 442 548 266 210 910 701 0 666 0 992 963 551 867 987 545 0 0 0 934 889 65 937 254 262 20 998 914 440 0 0 757 592 0 796 156 76 786 359 0 43 973 293 0 663 782 110 381 898 154 360 63 918 413 859 930 24 0 504 556 384 678 708 39 0 53 422 406 970 641 805 107 386 108 167 11 816 154 917 899 265 0 0 0 411 531 61 459 792 0 0 0 715 527 409 0 362 512 519 179 341 265 0 334 195 124 622 789 929 630 364 885 843 387 0 1 354 709 0 982 
0 0 0 369 847 880 481 581 509 183 0 0 337 555 520 683 519 651 766 528 588 0 90 972 86 488 210 369 0 652 509 660 159 876 0 620 0 794 457 0 615 503 181 623 202 0 649 247 70 688 0 0 0 0 545 182 329 0 0 622 0 869 0 550 246 189 0 444 437 45 0 0 395 43 0 626 0 322 257 0 765 0 0 687 0 331 926 424 312 45 973 994 0 0 189 509 13 0 0 0 360 789 0 422 835 232 982 714 0 740 0 906 0 0 292 952 0 627 85 901 380 459 579 0 195 25 894 26 943 0 943 385 150 724 697 214 555 683 0 390 621 816 15 856 528 478 466 349 106 0 0 490 656 0 
