0 122 749 877 74 14 0 0 262 514 931 0 996 940 162 192 883 0 0 735 663 939 0 0 197 544 509 65 895 635 727 915 601 262 312 45 432 462 663 0 483 948 0 0 508 904 343 0 718 889 119 719 283 35 108 771 0 727 183 351 480 960 551 806 0 0 172 48 759 998 337 694 442 100 0 531 0 5 0 984 409 290 791 325 0 160 214 877 34 0 115 476 201 0 0 279 641 914 0 182 367 549 813 831 508 626 0 427 963 0 0 719 563 366 784 295 297 0 867 488 360 179 153 0 0 132 602 779 0 0 470 204 452 791 831 993 136 0 386 339 602 284 628 687 154 0 0 765 724 190 357 532 427 384 0 374 57 286 141 511 0 102 742 982 272 433 85 752 4 660 0 0 7 542 598 281 401 564 991 923 0 735 606 774 78 923 0 0 161 931 908 617 420 326 0 0 532 18 387 661 609 229 922 127 626 36 550 0 531 918 95 940 0 38 417 43 581 509 163 0 471 892 946 0 747 0 467 0 630 322 601 580 981 0 965 727 106 75 441 713 0 793 129 0 19 423 92 643 397 459 845 692 998 0 127 904 799 584 951 0 503 825 785 453 794 0 782 237 94 0 106 723 885 232 0 796 652 877 364 0 335 0 52 527 0 0 274 271 872 45 302 637 600 142 0 303 278 425 30 175 411 0 10 855 682 705 12 389 0 906 757 604 0 300 712 445 758 553 59 92 0 0 0 698 817 634 0 0 38 900 592 830 0 0 939 306 0 0 592 675 639 361 282 
122 0 0 0 482 0 13 761 679 166 0 805 746 507 770 84 903 187 611 133 761 424 50 0 152 726 0 145 467 0 171 683 467 0 240 0 320 390 547 483 887 316 147 39 191 986 0 0 657 166 462 0 680 570 576 885 951 505 0 671 0 87 0 0 395 512 3 815 474 773 0 60 568 614 655 0 171 0 492 879 0 455 5 456 0 0 412 225 854 0 960 635 137 178 638 28 0 351 561 833 0 0 0 462 880 281 505 0 81 0 524 214 430 204 440 447 329 18 239 348 420 598 515 151 725 392 803 0 497 606 76 446 827 301 767 221 959 786 312 842 290 0 0 622 0 373 333 318 954 832 53 0 291 345 132 765 973 4 0 843 779 719 465 0 641 869 242 24 0 976 245 298 429 290 279 131 0 0 381 377 110 266 0 0 864 351 533 0 0 668 0 344 363 920 750 950 445 249 0 924 0 956 89 0 805 768 0 2 253 965 682 0 946 439 0 689 500 960 991 740 0 591 695 0 397 104 234 78 852 638 77 42 408 633 0 74 777 975 450 45 0 111 858 715 927 563 0 934 207 715 0 24 40 1 0 423 920 200 475 240 105 0 423 191 710 307 359 0 387 388 597 74 735 0 996 989 360 0 0 367 453 433 442 0 326 611 279 0 105 0 901 116 329 202 100 0 495 401 956 0 727 0 0 0 0 772 279 14 4 462 0 747 591 581 0 697 557 257 135 788 0 0 169 961 775 649 762 979 883 689 789 0 297 0 342 0 276 0 0 682 0 0 625 
749 0 0 45 52 994 995 129 74 693 457 403 0 707 968 776 0 0 847 778 248 0 0 831 104 0 672 133 0 985 438 0 126 59 448 327 845 592 21 763 517 0 139 93 63 205 940 812 630 844 518 0 0 115 231 920 219 642 0 68 858 820 388 19 222 0 86 0 557 934 602 714 199 0 56 139 466 0 585 309 0 655 0 673 580 0 171 0 0 0 0 511 208 0 952 980 909 377 344 272 449 256 819 692 219 0 434 912 905 525 213 754 467 39 495 782 0 985 769 628 121 159 0 428 0 0 804 347 0 789 507 0 70 0 29 471 234 345 499 763 538 140 239 0 973 0 732 155 593 619 605 287 884 0 689 0 973 297 0 0 0 0 0 453 506 512 0 0 0 0 0 623 181 178 0 0 475 685 283 0 184 0 311 274 0 968 638 19 176 105 512 698 811 304 562 424 378 0 321 212 278 341 749 566 770 280 764 602 956 367 377 993 80 0 203 599 880 780 768 0 838 0 168 280 727 0 265 0 830 450 714 520 540 38 628 256 0 0 250 0 462 44 497 0 0 0 889 136 644 0 826 0 40 70 630 386 166 853 162 102 0 80 47 321 682 0 0 525 932 0 0 390 885 905 357 994 172 760 0 656 300 908 135 0 96 0 0 376 733 7 0 951 637 539 711 85 482 526 348 467 0 0 175 0 467 26 805 927 132 999 0 606 451 553 728 745 0 809 549 139 826 760 887 274 0 214 0 412 588 0 80 0 54 0 916 801 657 528 741 584 665 431 465 
877 0 45 0 0 633 946 233 714 721 0 990 948 339 938 0 650 946 729 410 399 0 401 916 862 902 337 754 457 713 722 430 772 0 271 73 583 893 520 467 866 125 184 844 408 0 491 989 738 261 652 247 58 0 145 0 128 0 0 601 701 0 398 975 25 990 291 124 0 318 929 694 393 448 26 857 95 61 577 900 42 760 680 0 0 567 0 561 0 282 61 759 610 0 968 210 724 937 0 70 0 455 196 34 562 794 0 0 0 86 0 169 250 832 0 876 316 497 594 480 983 211 0 23 797 186 0 546 690 0 384 949 869 297 855 147 559 943 900 20 789 76 725 62 327 622 147 67 78 676 190 0 898 0 148 0 0 0 0 0 406 975 0 701 0 716 740 37 372 244 368 118 46 620 0 497 500 127 0 789 867 736 423 235 255 761 962 188 0 204 280 0 934 281 645 0 921 948 613 0 539 896 61 938 423 367 0 917 28 741 114 0 748 79 906 634 25 0 0 690 0 3 0 474 908 716 46 597 0 344 297 798 129 0 184 316 991 37 47 380 760 444 568 0 225 107 223 836 0 548 195 185 791 542 0 931 152 0 967 239 613 599 651 817 234 623 153 992 63 612 419 965 357 187 127 0 278 541 747 644 0 0 667 985 795 983 11 993 577 876 340 0 761 0 672 49 804 614 765 959 906 911 237 22 991 909 31 395 0 676 408 812 113 464 533 0 644 570 93 0 0 812 257 241 421 924 228 0 691 696 147 629 319 841 440 307 0 872 676 488 915 37 393 
74 482 52 0 0 165 671 152 709 948 893 576 796 736 0 102 516 0 105 0 0 0 230 602 614 54 0 809 772 319 800 566 0 0 802 0 844 0 166 0 709 805 922 140 901 0 438 482 504 973 783 762 0 887 0 689 171 100 759 972 237 0 90 295 362 0 150 311 680 191 322 0 0 550 790 921 936 0 993 0 387 0 108 424 172 601 596 0 843 185 31 82 600 644 964 0 114 0 818 707 285 0 963 0 0 884 707 0 0 0 539 0 0 728 442 0 53 484 769 955 0 974 0 395 38 226 178 297 0 0 120 0 39 757 579 901 260 34 395 165 975 0 15 458 418 0 525 519 0 0 16 180 835 635 595 0 516 489 0 715 710 832 0 430 0 18 0 581 261 864 864 266 476 893 989 345 0 187 907 691 0 779 543 0 250 0 611 292 687 937 214 824 373 462 927 341 672 0 366 280 49 353 0 902 911 794 0 0 0 0 883 98 222 365 66 0 0 743 0 507 521 79 65 469 11 910 847 638 352 110 123 527 559 953 75 612 279 444 911 407 0 450 422 496 59 238 0 0 0 472 0 564 303 975 0 651 996 0 924 529 860 0 0 775 853 0 0 0 45 76 435 605 0 303 0 612 0 449 283 0 345 706 0 0 0 933 346 175 354 592 195 417 789 430 409 0 0 623 746 530 0 0 17 814 426 967 0 0 220 0 872 439 471 662 662 837 119 749 550 141 776 0 624 727 0 0 461 109 0 252 462 590 0 0 837 282 632 0 724 838 303 44 305 
14 0 994 633 165 0 501 0 0 812 273 342 837 125 0 829 437 825 97 243 956 462 0 0 0 36 0 840 146 0 849 266 303 192 298 836 0 290 0 657 941 790 0 308 0 275 712 869 530 254 0 833 0 0 355 763 0 886 507 0 0 964 776 115 647 366 0 0 675 797 268 554 767 704 653 215 965 255 94 0 0 568 223 505 838 719 586 0 705 532 995 525 86 314 514 149 363 307 0 875 661 874 882 867 521 0 349 0 273 328 31 364 0 0 0 170 521 339 0 656 671 510 800 620 361 462 923 0 670 640 0 0 408 10 593 0 0 832 154 0 353 158 125 0 987 760 917 122 361 607 577 538 0 387 633 350 261 85 214 0 623 396 402 982 897 824 0 0 0 882 912 984 323 437 100 190 0 491 0 0 745 737 0 36 0 829 0 200 393 557 46 0 930 256 891 461 67 430 887 202 0 0 427 673 0 0 524 285 180 593 374 633 0 348 460 0 651 0 346 473 779 31 0 495 550 0 0 0 0 270 660 0 583 335 934 799 746 0 0 0 66 0 0 280 167 630 716 0 465 900 0 560 0 785 0 0 217 704 238 321 98 790 0 210 164 103 0 400 532 55 465 558 0 844 879 31 691 346 865 224 169 387 0 755 437 390 307 0 233 0 857 0 0 0 0 585 0 0 0 720 0 378 297 514 570 294 312 0 0 546 0 68 0 828 479 610 838 455 447 0 0 718 0 0 377 995 113 0 0 958 0 191 229 325 407 77 300 911 669 952 602 265 123 
0 13 995 946 671 501 0 0 716 750 979 0 0 658 0 0 564 153 528 573 273 76 833 724 662 307 431 843 0 0 862 958 844 112 245 0 237 768 0 286 723 549 346 464 160 885 176 252 303 180 0 314 0 988 913 946 432 149 0 626 721 862 331 770 111 448 97 67 198 947 897 728 875 799 229 0 897 203 286 908 0 593 190 0 498 833 218 306 581 74 238 0 735 652 428 93 0 0 0 852 431 0 57 115 569 325 293 800 0 0 0 0 539 195 0 575 0 0 549 378 571 514 273 0 162 0 894 535 864 992 285 771 297 105 0 100 0 197 0 0 178 104 627 0 674 547 130 463 0 791 0 842 300 0 588 0 156 0 0 676 0 719 523 179 595 27 444 111 0 275 0 0 613 893 329 844 0 0 538 29 176 838 492 0 233 307 329 0 564 807 597 616 0 273 390 0 430 782 198 283 183 0 0 0 951 101 144 931 578 0 348 916 0 0 192 698 347 860 63 794 500 727 146 432 845 0 355 95 301 898 280 851 798 697 0 0 962 182 0 701 140 659 0 315 584 171 153 0 311 517 673 884 0 0 175 0 704 0 722 931 583 90 340 906 234 532 0 577 696 653 0 978 123 0 230 957 796 158 0 821 0 333 505 418 524 614 485 0 872 758 354 0 0 0 0 932 0 286 0 110 978 0 267 620 486 954 28 436 93 3 967 289 421 0 543 247 290 0 157 0 371 392 670 210 0 0 287 943 931 281 138 806 0 683 0 21 467 0 106 920 781 337 748 
0 761 129 233 152 0 0 0 225 430 552 0 365 602 612 601 0 973 171 815 0 0 534 0 64 338 726 577 787 0 983 947 0 0 0 0 586 828 222 0 343 767 208 184 543 0 0 344 457 102 506 0 0 270 621 0 966 0 96 587 427 465 19 0 252 343 0 105 429 539 792 969 0 533 683 58 0 727 144 68 285 16 551 0 0 199 432 826 124 491 464 0 0 0 0 664 253 149 0 0 379 715 293 0 0 335 570 126 763 699 755 648 565 407 0 910 686 906 299 665 0 0 237 635 690 794 109 792 926 708 346 536 0 586 0 235 828 390 876 0 0 283 0 751 417 712 65 0 526 634 27 278 820 315 851 27 448 0 0 284 264 903 925 593 614 0 850 0 761 832 917 208 734 724 283 0 803 875 0 296 599 137 0 529 339 751 669 879 79 666 974 472 581 745 978 314 0 0 153 0 287 95 745 0 410 850 203 206 101 532 669 290 933 67 727 928 0 437 676 511 0 0 184 0 342 0 305 0 598 792 491 0 0 676 0 271 0 0 84 948 363 0 982 640 108 957 711 0 847 920 0 400 0 0 11 773 921 971 681 163 0 196 93 695 595 949 0 366 0 0 844 396 718 534 356 0 802 173 318 491 806 566 0 242 471 288 0 756 220 275 484 288 897 522 239 550 927 859 532 0 46 0 84 144 576 830 168 703 25 0 739 581 405 59 44 0 353 0 698 508 919 0 486 0 797 0 307 648 483 502 0 654 493 147 299 910 962 453 105 288 852 0 0 
262 679 74 714 709 0 716 225 0 984 451 340 0 351 879 696 693 597 0 0 186 528 20 297 0 0 488 66 441 654 17 566 0 61 392 0 0 463 360 425 716 0 372 978 0 662 820 439 201 0 66 296 612 0 505 238 989 710 21 853 443 56 515 66 537 327 264 100 419 933 150 117 929 496 287 798 0 162 0 29 665 112 0 0 0 563 945 388 475 108 420 0 999 0 0 837 233 626 154 315 299 827 140 388 61 31 67 0 525 0 706 615 881 300 65 134 769 818 0 90 580 159 207 559 983 147 203 0 0 894 703 0 0 828 0 0 0 162 156 2 452 373 190 810 867 0 505 409 428 335 0 984 111 149 0 54 894 636 0 0 487 697 767 0 257 763 702 0 557 0 445 0 355 606 552 0 0 941 0 0 767 260 138 498 810 754 368 563 0 0 889 600 407 512 776 822 290 110 694 100 435 804 783 898 628 277 361 0 640 0 457 0 270 13 465 57 370 767 0 647 205 149 737 7 928 402 621 215 895 974 974 0 494 0 632 523 805 0 962 595 573 690 227 762 737 0 680 121 416 0 647 583 952 0 430 895 243 0 76 246 83 449 0 0 134 861 438 11 0 0 755 347 820 0 0 335 0 259 661 0 0 516 108 148 318 676 0 0 477 0 240 542 762 0 0 804 698 372 763 136 872 0 74 0 0 25 259 338 533 18 729 559 0 644 396 0 0 0 0 537 0 815 312 948 579 434 643 0 231 144 74 678 0 0 818 893 0 933 527 398 798 99 478 
514 166 693 721 948 812 750 430 984 0 266 403 279 837 852 0 904 547 118 0 335 0 30 0 846 13 651 658 0 0 506 938 510 0 427 0 0 478 0 0 373 955 931 0 0 358 938 475 998 0 364 248 439 853 549 0 178 619 0 758 415 0 938 424 345 180 0 278 289 104 185 0 0 392 258 783 659 261 670 187 0 0 749 461 565 0 165 800 884 5 568 505 892 269 330 0 108 0 0 487 14 520 355 108 269 208 485 826 578 127 328 668 0 809 924 744 592 863 0 264 0 0 0 537 238 0 743 0 774 537 645 651 0 295 38 0 0 370 166 687 232 28 450 939 150 382 0 183 0 0 789 342 0 0 247 143 0 0 431 0 947 0 134 0 787 604 0 512 0 709 857 352 480 5 804 0 404 627 499 147 911 312 245 852 695 0 232 579 715 0 733 0 586 0 775 0 693 757 771 0 899 145 0 503 0 0 266 0 4 657 0 885 155 278 0 984 0 350 226 347 450 316 986 356 423 555 407 101 847 0 863 688 211 749 505 397 882 909 0 147 325 285 973 283 0 823 876 837 945 634 516 559 781 771 207 764 557 864 399 793 390 0 989 141 976 596 0 940 992 424 0 963 486 775 0 633 542 0 954 190 0 827 561 553 561 419 691 0 212 418 972 487 0 551 128 191 674 874 0 177 417 486 228 564 808 189 542 0 0 0 1 816 263 176 98 125 154 699 496 0 795 289 556 0 639 0 264 0 0 983 331 806 95 383 436 0 281 825 0 0 522 0 393 
931 0 457 0 893 273 979 552 451 266 0 289 0 0 959 631 192 0 705 0 172 727 783 772 112 457 793 0 782 995 447 85 258 394 181 0 386 845 899 202 530 998 0 668 301 396 217 114 99 72 730 0 349 398 744 82 622 18 71 0 0 320 179 59 0 8 148 0 979 912 16 987 818 200 358 27 0 0 431 785 102 781 434 61 630 573 86 481 117 0 662 965 859 0 383 298 465 82 0 709 292 510 857 481 606 399 0 734 202 0 471 307 613 984 767 65 542 19 788 586 837 0 605 0 0 383 0 282 560 0 0 618 285 0 203 894 133 614 6 653 96 874 196 0 328 0 0 222 142 0 404 650 286 168 827 0 369 0 0 704 248 718 0 257 836 468 211 0 31 556 172 859 776 572 852 445 356 243 507 114 0 0 320 339 0 248 200 372 537 334 8 248 59 301 154 0 0 317 554 242 781 377 657 370 470 556 938 704 981 631 874 776 31 966 150 468 142 329 0 0 0 273 40 1 275 0 495 0 112 0 0 209 727 302 0 81 911 721 0 303 518 859 530 0 173 952 0 0 645 151 0 0 318 401 871 69 355 0 0 0 0 474 0 0 0 653 899 984 464 0 0 363 565 674 546 276 358 90 496 561 80 825 783 785 246 0 123 421 294 929 932 228 216 434 665 329 565 329 966 299 0 308 975 835 267 0 970 0 0 0 628 0 390 0 254 776 453 526 806 794 470 364 0 0 234 402 702 0 526 0 0 733 0 345 9 724 0 25 158 264 148 574 0 
0 805 403 990 576 342 0 0 340 403 289 0 0 781 108 947 0 205 516 260 582 79 403 0 637 148 692 0 94 384 719 899 712 0 3 380 0 921 38 693 436 731 659 873 64 732 936 31 105 142 161 423 0 0 472 294 82 0 170 914 995 249 0 437 0 976 0 354 599 913 942 0 12 346 245 0 44 318 898 746 362 504 101 464 155 475 57 599 236 683 99 0 947 625 89 170 479 240 47 566 643 831 0 216 279 23 302 868 970 129 871 0 323 656 748 780 0 329 793 534 81 515 0 0 154 0 634 136 115 589 756 0 316 949 0 29 621 0 790 0 847 0 0 237 722 483 643 0 826 635 444 550 319 553 378 643 102 99 0 997 608 81 396 420 545 96 872 0 260 189 575 0 767 52 558 0 84 768 189 934 154 229 0 109 0 152 350 899 984 156 821 324 0 279 0 82 116 788 0 932 832 71 283 0 807 559 0 674 858 804 0 0 608 0 0 618 271 933 78 996 467 949 0 907 121 104 249 0 141 748 806 288 851 129 0 0 374 0 0 178 0 140 371 773 807 748 529 686 269 642 0 0 0 957 304 0 538 473 953 207 411 609 564 515 90 801 230 105 284 561 875 881 660 525 877 288 889 0 589 0 409 677 178 290 684 559 818 0 351 0 760 871 344 295 913 360 312 924 0 777 0 721 984 393 880 161 0 584 585 0 0 758 125 366 430 908 642 872 845 712 106 663 830 151 741 768 0 81 383 765 861 3 699 720 0 0 511 0 969 539 0 0 244 
996 746 0 948 796 837 0 365 0 279 0 0 0 333 375 872 0 0 0 0 840 334 48 188 728 745 869 979 577 0 120 40 975 613 0 901 84 205 0 0 52 144 808 370 0 0 416 168 783 0 822 0 0 74 0 0 404 956 0 35 903 664 0 848 179 906 720 0 0 816 354 891 195 289 0 904 0 982 460 436 0 387 571 0 325 755 656 372 0 723 504 0 178 891 243 350 785 484 413 854 623 649 454 66 0 676 0 667 284 0 0 0 510 0 0 19 973 118 484 864 94 899 0 0 0 999 0 899 753 986 602 0 19 476 90 0 806 96 434 369 155 147 560 305 367 169 243 472 524 172 0 0 0 317 94 751 395 0 430 499 933 924 347 317 95 206 445 135 550 462 982 728 266 776 138 235 235 0 384 810 0 766 421 756 43 0 69 674 0 593 609 751 212 0 743 114 971 230 470 925 0 444 811 305 0 834 348 0 15 87 0 115 0 599 102 559 87 921 942 870 627 123 561 986 65 756 732 0 662 335 172 979 243 441 528 737 826 727 910 0 0 835 0 923 0 230 977 758 0 616 881 360 0 262 983 769 0 249 331 445 272 756 785 0 538 694 0 183 954 0 0 0 502 849 192 912 804 0 0 652 653 0 34 195 945 469 482 620 954 705 0 556 776 117 566 805 0 32 486 0 833 329 802 970 466 478 632 885 224 647 165 43 657 239 0 586 830 348 234 372 131 291 695 0 0 235 692 817 923 396 249 108 0 0 870 327 654 769 98 983 998 660 0 
940 507 707 339 736 125 658 602 351 837 0 781 333 0 0 847 0 846 671 600 696 429 78 0 0 0 822 306 719 53 804 986 720 79 145 934 724 974 453 654 969 81 822 0 0 167 415 0 0 285 0 220 0 862 593 457 153 676 94 46 0 0 512 411 496 0 143 25 450 0 156 0 405 171 991 657 558 0 0 211 922 842 36 960 0 0 722 0 865 631 0 0 731 656 78 622 611 74 0 949 381 854 150 185 668 643 545 483 340 276 509 616 73 946 312 358 373 0 442 42 810 342 599 490 187 857 0 845 987 478 0 360 20 0 497 0 0 608 733 0 0 742 0 680 565 0 461 0 415 0 244 843 325 524 271 488 555 426 694 192 0 683 0 429 661 477 324 0 643 881 935 352 766 22 570 130 7 96 704 667 136 344 598 731 45 0 890 811 407 153 702 368 92 0 645 271 664 318 80 156 393 353 0 0 0 400 0 307 905 52 0 0 691 161 341 0 456 29 839 817 514 55 0 0 285 8 448 28 401 427 400 0 74 89 710 334 851 624 0 355 631 0 860 898 0 332 959 0 79 612 0 182 882 864 0 269 437 0 190 0 189 886 222 0 0 0 124 671 157 336 224 816 14 163 0 0 592 259 546 827 555 932 395 543 0 483 471 593 0 0 744 2 323 367 212 739 0 0 396 0 953 578 0 14 951 983 9 0 0 241 192 0 670 63 0 174 175 834 996 884 109 0 155 66 157 437 329 903 0 167 0 918 0 0 465 162 0 94 923 606 478 143 348 
162 770 968 938 0 0 0 612 879 852 959 108 375 0 0 294 381 87 231 782 116 929 740 374 168 684 0 0 107 22 191 592 163 664 0 343 663 526 0 172 455 496 0 112 969 256 240 0 627 773 265 0 910 0 0 219 0 20 18 0 976 0 159 499 893 483 889 455 73 143 0 750 117 0 567 842 317 343 715 0 334 655 0 0 601 34 0 886 157 15 0 591 534 0 286 506 613 0 247 0 0 106 211 56 473 429 880 544 0 0 582 851 243 0 417 647 153 0 135 457 0 798 696 257 981 844 0 0 555 165 807 0 879 347 309 966 0 0 165 827 66 836 404 381 272 46 630 657 750 106 743 0 0 707 0 174 0 0 567 378 551 975 0 0 0 408 0 189 243 113 829 0 637 822 14 844 0 29 74 669 166 0 499 89 0 296 0 881 275 930 124 0 95 148 0 900 799 170 675 0 309 781 473 755 0 0 430 0 119 419 0 132 0 0 365 932 801 0 671 31 355 94 943 373 933 0 308 149 0 691 922 166 0 706 483 0 0 31 8 501 827 379 365 979 0 908 221 0 604 0 970 0 572 0 0 912 0 0 0 33 891 0 804 624 0 224 943 87 0 894 497 913 489 348 238 372 61 155 0 21 218 607 203 478 0 906 301 137 292 53 349 721 53 359 589 761 566 724 587 139 888 0 969 827 413 532 0 135 524 919 20 372 0 266 221 312 432 849 0 340 833 386 112 940 0 930 376 280 810 467 900 791 0 579 382 0 597 198 849 345 0 410 0 
192 84 776 0 102 829 0 601 696 0 631 947 872 847 294 0 579 77 422 0 663 513 728 0 267 962 190 420 577 0 686 431 983 680 139 353 326 582 153 0 8 807 266 478 968 819 658 835 0 0 334 585 888 0 487 409 861 20 0 0 502 659 0 0 0 0 998 101 30 631 0 847 706 438 0 304 108 0 0 0 226 931 5 778 747 488 0 105 177 780 0 0 571 0 289 336 0 160 0 914 415 837 597 206 256 200 245 0 195 501 931 593 0 442 643 366 281 534 950 340 587 0 992 226 459 0 317 155 0 175 0 593 263 0 0 0 405 43 0 167 446 338 239 846 0 0 814 433 28 24 111 0 685 801 898 625 322 587 0 180 649 558 555 609 0 659 23 89 270 511 0 155 230 895 0 0 520 0 109 402 538 408 748 768 397 0 604 0 812 37 599 553 565 0 886 730 0 902 0 770 0 23 505 446 0 0 882 75 952 0 793 0 702 635 971 0 0 0 0 0 0 0 15 634 409 437 373 0 748 177 12 802 0 51 93 295 54 255 27 0 567 0 0 645 128 47 0 719 0 899 536 910 741 644 0 691 0 978 219 257 921 947 925 520 961 0 166 813 611 431 71 0 742 0 283 256 0 0 640 624 0 348 151 742 520 580 242 14 0 654 340 171 390 101 206 497 0 0 450 0 634 517 39 997 311 84 823 0 24 10 625 97 0 0 0 580 845 621 0 642 390 0 441 585 543 373 0 434 478 418 322 162 90 425 536 221 291 225 736 411 695 895 131 
883 903 0 650 516 437 564 0 693 904 192 0 0 0 381 579 0 938 793 895 463 541 415 0 204 657 157 328 896 638 261 961 653 678 87 844 939 913 692 424 659 236 171 0 0 157 696 971 0 0 0 122 0 19 0 203 75 0 229 663 988 0 662 137 0 0 698 0 928 403 990 621 929 0 758 581 81 104 584 581 212 306 32 0 0 520 678 0 380 75 560 407 969 650 280 218 614 0 917 155 235 152 0 0 78 837 80 806 486 0 854 993 275 0 783 615 14 408 841 143 413 0 939 996 817 66 0 311 0 587 0 437 943 403 0 0 391 169 484 868 0 775 670 117 841 635 855 976 0 0 730 952 400 67 714 457 383 371 374 0 59 442 752 836 99 7 598 149 703 0 535 655 0 651 0 29 948 957 182 0 895 591 324 540 978 464 0 212 516 17 985 79 68 573 0 538 606 914 537 991 208 407 0 859 796 837 495 720 0 588 671 130 579 0 111 686 0 416 247 403 929 0 105 0 165 548 313 0 278 367 385 0 280 781 0 579 684 146 804 0 0 0 324 0 684 103 333 0 255 0 218 651 190 603 962 0 288 746 0 0 643 142 510 0 153 269 600 609 283 176 116 859 0 0 0 812 472 184 389 0 954 176 324 864 66 0 67 171 407 0 0 297 0 956 535 0 850 130 463 0 0 0 969 834 0 320 404 160 791 417 378 586 611 224 793 890 0 841 195 59 915 779 277 555 0 0 0 345 646 291 358 0 159 188 549 0 950 499 0 0 0 916 0 
0 187 0 946 0 825 153 973 597 547 0 205 0 846 87 77 938 0 655 951 0 0 923 0 243 841 0 110 634 538 672 951 0 0 852 0 0 0 279 609 174 359 0 407 0 973 14 0 781 401 467 447 0 629 0 647 725 0 199 0 994 100 219 0 433 590 0 0 341 279 101 282 0 952 0 114 807 0 970 0 800 0 885 705 956 878 112 354 557 370 0 774 886 765 582 528 183 946 61 654 0 0 0 111 418 0 251 191 136 659 316 861 384 828 741 209 510 283 589 500 39 295 0 56 0 359 765 248 411 242 242 0 928 439 0 0 974 625 922 680 368 758 823 835 35 292 634 0 626 255 73 434 826 354 585 40 271 716 274 687 87 318 206 0 234 908 633 0 788 0 576 519 0 979 0 0 985 922 0 757 375 375 0 855 0 601 0 919 0 350 0 455 0 0 288 630 661 0 0 0 133 230 573 0 991 64 0 701 413 221 0 124 774 139 171 0 114 747 175 0 737 167 681 0 0 219 0 0 444 35 893 594 460 873 396 962 0 799 48 676 296 538 145 0 0 0 521 0 146 577 209 0 294 375 0 615 0 217 994 0 0 602 0 495 288 354 474 174 877 126 137 71 116 0 926 617 0 933 0 0 0 699 0 995 0 362 0 261 158 858 0 486 0 948 404 510 457 319 192 914 0 993 0 238 714 471 480 556 0 0 481 867 822 839 0 895 23 440 79 74 459 0 318 817 585 0 0 0 180 0 0 0 782 321 137 0 135 650 391 500 0 65 429 
0 611 847 729 105 97 528 171 0 118 705 516 0 671 231 422 793 655 0 0 572 0 442 0 0 305 253 647 0 773 0 0 0 729 382 0 0 0 12 980 170 0 0 0 588 251 181 0 369 0 0 254 986 355 0 247 841 339 451 0 739 0 935 499 105 517 457 586 47 635 827 820 566 436 42 0 795 321 236 177 953 0 553 815 286 786 859 548 0 0 854 0 0 8 207 777 868 614 786 362 969 824 652 111 492 0 444 204 496 0 85 112 733 933 0 876 569 214 701 434 761 647 0 0 42 957 160 0 821 37 0 678 907 610 542 900 501 911 352 969 0 337 212 212 361 53 675 14 564 0 134 585 200 658 27 443 158 12 932 819 0 2 821 974 154 0 0 181 320 0 292 52 778 0 584 305 830 192 922 412 0 59 0 0 770 750 687 0 7 705 280 994 0 295 920 744 185 203 150 604 727 0 781 0 733 0 865 60 329 500 859 121 0 877 515 729 109 211 12 0 0 114 0 277 0 511 597 622 369 799 46 0 188 667 335 773 370 0 997 17 570 431 913 116 0 982 0 796 202 0 89 108 156 581 547 0 540 308 579 237 530 278 150 0 814 0 138 0 0 398 509 549 765 881 165 11 9 342 0 792 0 0 732 257 0 463 0 368 0 250 406 0 0 880 659 452 1 401 689 0 0 301 437 0 0 0 666 0 0 746 517 449 555 415 813 0 390 378 0 970 658 645 83 351 606 80 0 154 808 0 262 809 740 282 0 0 0 444 214 656 291 229 255 
735 133 778 410 0 243 573 815 0 0 0 260 0 600 782 0 895 951 0 0 235 126 732 550 252 0 0 220 0 171 145 0 213 0 946 444 732 688 463 128 871 707 0 0 715 977 580 929 943 250 562 653 276 812 44 432 46 617 877 832 0 217 608 0 76 860 543 615 955 5 684 480 0 731 739 146 385 229 0 0 657 205 122 98 0 538 131 0 404 902 564 424 770 228 196 80 649 798 331 654 219 828 117 8 4 254 825 602 444 0 631 0 0 150 361 331 0 606 0 943 822 674 64 0 577 163 81 936 271 0 188 0 197 215 216 0 534 0 0 93 255 0 0 712 517 0 0 0 713 601 381 494 958 935 0 0 0 255 622 470 0 14 888 0 912 509 403 503 0 624 788 906 848 452 493 0 990 34 0 707 583 0 172 142 0 0 0 4 527 5 689 319 0 674 768 493 867 497 0 257 574 243 771 501 736 0 597 938 403 722 570 775 0 437 0 798 687 0 979 339 688 752 450 501 0 219 0 504 756 590 0 608 0 171 677 191 956 288 296 634 333 365 795 878 0 141 174 0 0 0 705 942 98 651 57 530 244 0 999 463 869 0 877 765 414 640 942 0 494 861 389 653 570 573 56 617 447 972 872 97 0 791 0 332 240 0 0 0 201 821 518 12 721 956 126 905 392 403 357 864 278 8 0 650 0 92 0 480 44 0 397 477 138 769 706 44 959 464 0 47 12 252 887 784 239 549 365 504 0 0 113 456 852 958 0 0 282 97 811 0 175 226 825 
663 761 248 399 0 956 273 0 186 335 172 582 840 696 116 663 463 0 572 235 0 0 835 748 648 515 502 936 363 719 553 406 0 0 688 0 899 236 656 385 572 485 946 384 666 18 575 836 0 0 549 0 0 888 92 879 0 394 529 265 251 0 858 346 529 0 576 0 0 0 6 763 205 986 65 147 0 448 423 0 712 0 114 278 442 681 0 785 170 16 0 812 463 0 494 461 0 911 22 266 87 52 0 0 53 551 104 500 0 494 605 353 402 359 0 0 138 804 0 993 637 540 959 723 0 206 329 0 727 667 0 153 623 468 0 0 807 128 536 409 174 182 977 908 876 287 0 0 866 0 241 171 888 427 848 350 244 796 920 0 473 571 814 550 603 184 0 330 20 662 873 550 742 0 712 0 0 967 783 761 640 188 37 671 859 60 968 0 430 954 0 761 933 0 399 531 145 225 559 0 762 362 204 996 389 2 0 655 636 572 702 0 231 165 913 978 0 171 834 0 107 301 438 118 476 418 929 656 0 0 0 0 328 0 828 476 200 0 437 388 858 0 170 0 391 543 0 393 225 0 160 0 0 384 600 910 0 421 690 44 598 0 266 684 0 680 597 211 263 245 653 0 910 347 613 0 241 534 226 170 338 0 889 0 535 642 577 548 852 731 521 296 846 988 292 0 624 955 0 840 658 0 642 437 0 815 872 0 519 432 6 334 199 639 989 0 737 559 200 145 0 391 511 606 299 102 0 0 736 129 0 0 869 308 369 633 0 350 281 0 977 682 351 
939 424 0 0 0 462 76 0 528 0 727 79 334 429 929 513 541 0 0 126 0 0 0 9 0 851 928 0 393 0 700 769 585 113 0 274 111 682 814 0 238 155 422 0 369 565 0 617 406 308 509 482 311 722 833 366 0 812 281 849 317 0 801 196 267 868 0 0 56 0 448 0 167 0 853 118 677 567 0 83 906 603 143 677 581 140 283 708 0 626 523 502 0 924 929 0 111 745 518 0 0 0 24 76 234 929 606 0 234 782 643 800 446 0 0 110 0 518 922 437 440 86 775 434 66 726 0 240 0 432 738 272 92 31 383 0 231 885 30 774 179 911 612 223 357 0 649 0 711 0 540 801 456 98 966 386 806 839 0 358 116 570 0 259 0 800 388 141 980 0 664 0 142 278 269 82 658 0 605 0 714 134 5 242 0 922 0 161 344 909 483 229 0 978 343 9 47 645 679 0 638 0 999 550 467 207 154 0 107 939 20 924 974 203 0 483 867 0 643 0 0 346 309 0 714 575 403 0 0 728 172 174 962 750 82 0 764 183 0 0 219 82 701 101 928 248 218 474 0 201 506 9 883 0 0 59 131 653 845 442 348 0 202 288 217 21 0 807 0 930 574 564 526 0 856 0 143 698 232 453 131 26 319 0 0 363 518 0 0 58 684 168 556 177 947 494 0 535 717 79 280 411 371 587 0 827 0 481 486 866 132 49 807 325 195 303 437 391 0 783 593 0 754 220 937 110 620 922 861 120 199 625 0 0 198 0 175 369 0 5 0 26 0 
0 50 0 401 230 0 833 534 20 30 783 403 48 78 740 728 415 923 442 732 835 0 0 11 0 779 0 782 0 599 0 930 0 961 0 0 31 805 0 782 0 665 536 282 774 0 118 30 581 0 983 641 535 562 0 0 496 456 401 0 689 998 0 499 303 607 115 0 0 953 0 178 678 0 733 863 680 455 939 202 0 0 0 520 0 331 436 455 944 727 724 0 0 634 643 856 320 625 214 185 940 811 103 0 449 778 644 683 753 760 209 17 106 772 23 0 599 266 771 340 18 893 908 555 847 549 0 440 903 520 669 479 185 0 592 955 139 238 551 167 675 415 0 466 866 362 593 435 578 497 0 296 377 0 596 579 0 28 657 0 490 0 0 369 405 319 0 193 676 760 857 465 0 227 0 722 0 0 122 0 828 572 129 377 347 306 0 978 519 339 0 0 56 774 0 0 0 0 871 396 0 142 0 197 249 0 82 560 257 850 871 916 127 192 952 979 926 8 715 834 0 594 288 156 0 431 362 351 0 166 241 967 0 683 0 85 342 256 0 745 531 0 788 471 420 99 428 0 477 657 622 145 0 198 275 402 0 637 0 0 311 507 0 724 689 456 348 69 597 0 794 406 0 582 0 300 609 608 732 372 0 726 259 345 141 820 568 0 136 79 0 0 569 995 0 402 382 0 733 240 0 94 0 12 131 770 819 124 943 365 404 514 584 583 0 207 654 524 0 405 799 128 452 713 872 488 945 416 702 0 623 207 413 75 432 215 277 757 722 687 0 0 0 
0 0 831 916 602 0 724 0 297 0 772 0 188 0 374 0 0 0 0 550 748 9 11 0 903 373 15 0 12 953 859 66 297 519 400 571 937 0 630 378 83 15 0 543 0 0 0 0 0 619 593 909 940 101 994 639 87 568 55 313 300 344 0 377 0 332 848 307 450 731 90 0 765 460 328 841 591 0 632 822 0 391 767 623 128 117 0 0 913 304 863 261 482 0 805 776 0 902 566 30 73 839 0 978 826 942 30 906 985 0 438 0 416 830 371 115 900 512 655 434 777 0 406 264 602 0 243 936 0 283 731 157 243 215 431 337 241 382 713 869 678 0 0 665 76 648 0 0 528 0 0 864 746 0 400 793 0 823 0 720 439 830 263 6 811 76 245 68 942 760 522 0 10 313 310 783 596 673 262 925 0 721 649 652 900 156 625 145 268 0 342 8 190 973 971 607 766 917 154 924 712 626 808 26 667 84 523 553 284 51 580 174 403 782 505 326 373 0 561 319 0 429 309 832 173 0 819 756 0 509 678 978 792 607 209 99 476 0 164 122 0 225 974 720 254 64 286 0 904 125 596 0 961 0 496 403 522 0 115 236 981 682 664 940 631 0 913 630 828 594 191 0 346 881 330 913 30 640 296 0 390 0 651 0 0 126 648 0 0 773 7 142 164 898 730 82 848 244 346 776 477 253 694 766 886 0 250 837 232 0 303 691 840 72 0 532 0 0 0 634 579 657 388 731 626 659 819 931 0 621 210 162 907 451 0 221 887 485 922 219 564 755 342 
197 152 104 862 614 0 662 64 0 846 112 637 728 0 168 267 204 243 0 252 648 0 0 903 0 101 595 0 0 831 777 35 0 228 0 523 983 933 779 353 0 125 0 0 320 222 699 93 304 0 4 0 935 0 0 0 0 0 615 747 254 187 499 0 0 213 336 901 933 357 262 0 936 766 851 0 0 331 0 349 440 0 234 0 636 807 15 0 448 936 0 188 639 0 325 0 37 491 75 0 505 945 928 992 844 0 325 66 754 660 374 0 863 916 0 404 907 896 148 43 691 883 566 543 201 84 92 0 118 299 0 31 866 82 155 132 0 406 782 709 120 666 265 301 861 471 909 410 57 0 879 84 0 0 0 772 0 820 0 132 459 905 482 345 306 523 22 773 268 357 350 0 790 106 548 544 964 959 0 0 470 313 337 615 0 621 522 249 0 189 0 918 186 48 119 934 843 0 450 0 300 560 864 171 0 725 0 229 441 233 186 487 771 481 256 694 0 240 0 911 952 302 614 261 867 982 27 431 342 824 107 0 533 436 0 781 546 673 631 161 331 0 14 868 609 784 258 929 0 635 180 0 0 382 367 459 0 707 997 451 873 241 218 8 957 18 0 876 0 716 841 629 0 41 844 670 681 0 443 986 416 0 0 181 454 93 681 433 985 319 0 0 0 84 903 488 800 211 978 164 646 326 11 122 42 0 791 332 437 933 965 898 0 0 887 397 49 783 0 574 496 869 619 762 987 412 0 714 481 256 318 979 0 716 129 788 0 0 21 624 730 773 101 
544 726 0 902 54 36 307 338 0 13 457 148 745 0 684 962 657 841 305 0 515 851 779 373 101 0 879 678 0 605 182 0 609 0 649 915 715 746 746 858 0 814 935 823 0 0 0 743 720 192 0 906 361 209 0 0 871 836 299 475 38 332 0 0 0 766 0 552 372 132 482 442 51 323 691 308 0 0 808 216 279 0 59 467 201 0 333 393 986 949 802 356 0 737 0 0 0 408 320 125 741 996 532 0 297 338 869 712 966 0 211 439 988 800 316 541 61 15 537 251 618 111 0 0 533 983 293 0 182 73 286 844 999 781 100 2 744 0 318 0 459 0 0 940 0 639 548 961 0 780 629 0 491 257 239 337 553 0 0 574 305 230 598 663 275 384 462 216 47 112 0 840 190 0 0 422 0 782 0 0 787 0 763 0 0 995 324 0 930 508 380 768 358 0 0 886 482 846 745 47 927 826 0 496 550 86 966 0 10 0 886 0 0 359 50 0 116 0 13 470 905 643 0 0 710 885 865 753 3 431 748 832 826 0 278 989 587 512 0 109 0 0 974 0 0 345 327 96 969 903 554 0 219 196 0 774 246 0 150 607 458 206 0 297 531 0 657 202 886 243 219 231 337 0 825 394 0 700 337 410 537 700 0 136 759 0 973 776 0 0 855 521 519 0 555 903 24 201 870 735 467 171 26 356 39 11 314 335 376 0 596 752 637 0 10 153 0 703 596 842 0 274 60 839 365 500 392 0 696 0 0 615 137 28 75 721 0 924 375 435 0 0 577 
509 0 672 337 0 0 431 726 488 651 793 692 869 822 0 190 157 0 253 0 502 928 0 15 595 879 0 288 954 681 825 183 263 0 200 570 363 167 415 940 249 34 0 311 0 0 0 788 0 345 223 240 224 0 0 0 0 669 765 335 195 839 0 412 95 398 218 416 360 274 676 693 518 142 494 0 34 0 383 0 831 861 211 0 699 140 434 921 180 0 0 342 0 993 960 185 313 0 0 765 549 0 251 912 71 136 0 179 805 273 0 106 30 363 0 83 0 955 0 301 102 0 0 0 0 61 418 502 993 540 839 639 559 386 0 648 797 0 380 421 25 733 780 672 28 0 362 589 0 0 444 322 27 0 0 0 0 897 0 772 718 810 436 0 548 0 900 0 607 328 0 0 0 720 0 0 559 366 633 794 612 742 691 296 442 912 501 0 563 688 131 745 0 705 393 377 0 819 539 0 0 0 743 0 437 0 369 15 0 211 0 315 514 511 932 296 817 823 506 703 712 667 463 297 969 521 256 496 289 553 857 513 87 205 988 27 964 338 0 16 786 299 610 0 355 186 35 0 218 786 0 549 541 721 854 0 137 0 605 488 570 974 0 524 261 534 43 763 0 198 0 264 676 361 213 155 493 189 121 997 158 738 616 0 0 848 827 0 225 0 132 571 0 788 402 719 447 0 0 893 451 163 0 458 973 0 493 938 561 259 973 495 0 471 283 0 230 366 170 74 102 98 430 0 496 554 422 0 52 0 993 852 958 72 0 401 0 227 0 235 575 798 947 
65 145 133 754 809 840 843 577 66 658 0 0 979 306 0 420 328 110 647 220 936 0 782 0 0 678 288 0 805 580 0 446 448 241 438 0 0 827 0 284 927 161 590 0 641 0 698 930 0 456 0 575 887 930 0 0 0 0 970 608 452 13 785 165 328 868 607 35 165 41 740 0 0 0 296 54 0 264 643 893 817 333 572 206 0 167 666 382 593 0 0 949 69 302 0 789 694 64 92 0 0 0 266 284 977 532 26 548 382 0 751 475 715 13 91 87 98 623 958 323 461 0 0 205 0 277 26 277 0 958 436 0 725 812 9 772 641 423 766 0 707 0 0 973 547 870 710 0 0 254 941 653 258 967 861 864 963 663 0 592 54 241 0 0 510 341 0 671 0 323 905 927 870 161 841 943 0 268 260 132 606 657 858 643 214 112 0 466 89 683 266 0 992 0 398 0 763 324 313 0 691 534 765 428 589 684 841 0 438 179 0 0 447 927 917 525 283 42 919 345 136 791 522 894 148 748 989 49 163 986 0 4 234 695 947 0 18 0 845 1 291 137 936 0 0 0 139 195 0 0 0 317 736 0 233 686 603 71 0 71 915 79 208 999 83 794 746 41 593 0 2 494 650 0 0 138 123 151 0 65 258 228 369 63 0 0 609 896 0 0 47 513 788 847 0 146 0 0 231 363 0 0 12 797 371 58 885 97 0 877 214 399 373 76 618 0 0 573 649 178 420 0 315 964 46 203 0 366 0 571 631 662 596 448 424 250 0 989 0 906 365 81 0 
895 467 0 457 772 146 0 787 441 0 782 94 577 719 107 577 896 634 0 0 363 393 0 12 0 0 954 805 0 686 371 0 733 878 154 0 0 362 49 737 736 344 390 0 738 808 908 40 236 61 174 666 312 0 0 0 0 339 731 0 335 100 658 24 0 869 0 944 792 728 737 575 0 0 827 83 691 742 568 35 914 751 582 81 704 328 835 443 570 74 607 764 795 156 526 212 181 191 473 113 764 604 0 0 769 703 518 0 0 658 0 449 473 0 0 0 574 50 442 0 926 479 123 79 0 9 315 222 689 0 785 0 78 856 0 470 4 0 468 0 0 506 0 810 741 0 0 0 359 184 643 0 160 353 59 0 833 107 801 850 0 7 110 389 561 0 472 733 0 432 880 881 480 0 0 36 0 377 24 832 0 0 391 0 108 774 0 697 709 321 731 0 838 435 767 864 219 110 553 476 702 112 0 0 798 673 864 272 543 999 0 45 517 722 0 797 324 567 167 589 18 896 932 881 0 46 198 35 0 690 643 733 326 775 699 79 694 0 0 809 738 744 235 937 345 194 464 785 956 975 272 741 74 661 0 0 555 806 383 368 625 24 373 184 0 311 531 212 951 906 16 847 916 731 0 401 487 316 0 460 0 0 493 245 0 75 395 386 892 31 42 77 915 324 119 0 497 373 0 0 722 245 572 795 410 0 690 612 588 817 656 0 485 923 964 490 192 406 204 0 373 69 881 272 568 737 946 311 837 0 0 0 845 689 0 0 1 948 540 630 719 423 0 
635 0 985 713 319 0 0 0 654 0 995 384 0 53 22 0 638 538 773 171 719 0 599 953 831 605 681 580 686 0 235 412 204 53 995 293 219 584 217 752 898 851 0 128 245 0 126 975 218 156 390 0 0 982 711 989 0 954 107 844 0 49 962 0 684 610 125 0 24 89 565 0 175 157 531 969 64 681 554 0 8 186 586 308 586 162 735 230 996 672 471 967 820 943 490 0 0 0 541 733 103 0 0 665 597 0 675 323 298 0 905 0 30 386 0 17 478 0 943 56 0 878 0 88 881 246 0 157 817 322 0 266 591 0 196 0 670 0 0 72 827 805 478 959 0 852 279 125 0 0 504 951 676 715 74 498 523 87 563 652 399 242 606 0 333 120 442 163 0 493 822 32 162 0 0 662 0 0 191 29 876 700 471 0 736 271 425 867 808 454 0 96 321 0 574 780 968 291 287 158 0 791 867 804 0 653 0 0 924 125 846 864 0 930 307 16 600 133 415 646 80 953 778 226 28 0 0 564 739 392 591 303 0 0 360 0 0 0 724 768 584 549 220 208 327 294 829 972 0 641 0 504 0 249 479 933 683 677 0 0 0 246 350 786 533 187 624 247 709 0 554 977 0 0 875 119 0 0 870 888 943 60 610 351 19 394 0 0 749 712 0 708 545 570 368 718 32 976 110 377 382 0 397 462 852 519 946 437 176 933 961 308 995 425 0 913 941 0 681 612 833 0 584 140 0 0 323 0 0 0 517 545 0 317 931 710 179 747 296 116 218 281 401 
727 171 438 722 800 849 862 983 17 506 447 719 120 804 191 686 261 672 0 145 553 700 0 859 777 182 825 0 371 235 0 747 964 745 570 160 552 910 624 0 523 374 0 937 306 903 273 84 953 0 739 928 703 738 64 360 612 84 823 0 255 0 989 0 368 38 166 766 0 14 46 769 859 836 439 57 243 673 303 0 540 469 455 929 112 896 347 0 542 262 653 875 573 937 0 0 664 177 0 911 145 865 938 0 281 594 918 0 529 0 432 924 242 0 657 705 0 593 207 807 964 11 615 808 346 166 705 384 0 936 0 928 955 942 0 682 335 485 330 619 376 968 764 771 34 525 334 0 0 110 565 983 0 249 0 0 685 644 650 161 849 71 710 585 784 0 374 498 470 70 0 215 913 303 757 0 740 999 849 993 0 0 436 523 0 671 360 76 55 819 0 366 191 148 0 78 815 288 20 63 378 0 580 216 163 357 756 454 644 490 0 0 389 691 0 0 0 589 910 721 515 338 29 820 674 925 475 884 680 856 23 455 880 202 127 715 644 282 571 0 133 327 0 0 702 818 0 525 0 950 971 214 455 164 977 866 0 0 0 521 0 51 0 666 0 0 692 0 137 720 516 0 615 720 523 0 116 145 960 945 129 686 0 0 98 729 0 0 691 315 0 0 229 766 56 0 145 0 585 344 936 384 412 357 587 490 0 602 435 0 754 841 414 15 307 0 837 132 944 0 340 542 302 997 951 872 898 471 0 132 327 20 1 547 857 0 924 801 969 0 0 982 19 
915 683 0 430 566 266 958 947 566 938 85 899 40 986 592 431 961 951 0 0 406 769 930 66 35 0 183 446 0 412 747 0 906 978 909 130 0 941 844 637 0 929 244 885 706 767 559 0 157 423 409 0 0 0 422 874 553 22 0 981 735 35 0 542 83 0 0 351 141 520 209 779 0 601 645 684 352 43 142 111 0 592 0 409 28 241 530 168 45 0 0 848 848 727 755 357 723 478 141 520 849 977 604 0 0 0 639 0 0 400 689 0 210 669 19 462 453 101 838 638 601 767 608 227 343 993 304 4 0 0 105 0 156 58 465 0 0 111 815 305 0 267 0 38 0 622 943 385 290 0 187 266 944 717 297 632 567 0 554 153 119 0 116 748 136 133 0 492 756 0 157 597 714 876 253 786 81 469 0 757 792 252 806 280 0 555 101 22 0 996 0 0 0 424 464 934 509 983 0 510 868 0 956 0 538 346 843 211 241 843 6 149 0 296 959 341 377 0 0 275 968 475 0 0 50 46 0 587 280 390 133 666 0 187 939 306 0 55 856 620 60 805 92 152 0 164 588 969 479 14 200 0 0 490 495 567 850 261 800 0 985 0 358 622 584 492 805 621 221 74 583 639 0 0 0 912 782 11 624 691 656 0 217 322 0 687 922 565 4 97 823 390 538 0 135 421 0 886 0 606 383 269 348 617 0 0 998 348 10 46 450 0 285 626 683 71 661 0 0 137 0 0 813 204 163 772 615 802 0 473 684 0 694 811 936 867 469 533 0 672 334 0 846 
601 467 126 772 0 303 844 0 0 510 258 712 975 720 163 983 653 0 0 213 0 585 0 297 0 609 263 448 733 204 964 906 0 585 121 206 145 0 0 0 0 0 621 470 200 989 0 233 988 348 615 401 0 67 503 210 702 0 672 682 128 910 518 534 637 582 866 728 389 360 0 716 0 0 756 345 0 381 855 0 315 302 882 764 0 0 0 0 0 295 805 971 911 0 72 0 4 502 228 564 0 0 552 24 937 316 0 0 163 469 196 99 894 0 0 291 384 283 0 805 944 244 920 943 435 849 0 518 0 335 0 523 560 578 520 334 317 309 0 0 203 353 0 0 0 671 50 64 824 0 200 965 257 0 428 745 986 0 661 890 0 58 247 400 648 528 461 416 97 995 854 808 483 594 946 144 175 298 0 330 690 0 841 55 117 0 109 0 552 0 279 458 236 543 0 0 3 390 827 0 541 710 461 114 0 181 0 786 0 836 812 0 119 197 448 0 0 710 619 606 97 130 506 891 0 0 768 916 812 66 71 942 0 811 516 0 0 815 962 0 698 823 731 339 0 618 553 771 769 378 0 677 953 0 838 745 146 143 693 0 794 481 597 0 256 0 154 500 693 528 249 765 230 189 385 988 962 281 0 754 329 258 489 629 0 625 0 988 834 0 466 0 720 725 432 828 0 804 863 0 129 425 0 13 0 180 639 0 715 958 297 328 65 534 0 857 0 291 501 551 0 720 0 677 41 747 947 981 537 0 694 278 657 752 546 598 661 579 0 0 241 750 213 
262 0 59 0 0 192 112 0 61 0 394 0 613 79 664 680 678 0 729 0 0 113 961 519 228 0 0 241 878 53 745 978 585 0 324 643 289 190 50 515 553 109 690 140 0 801 0 128 0 0 839 691 0 507 0 621 0 611 0 297 0 771 337 465 360 356 212 663 0 163 336 954 487 446 677 446 228 0 818 0 787 0 344 667 433 127 876 0 230 531 903 0 549 876 379 120 245 407 642 158 807 384 983 674 537 522 766 356 755 662 495 55 584 598 333 749 586 0 355 139 0 325 152 0 240 0 306 0 549 924 0 436 514 356 188 53 462 518 0 393 457 170 620 20 22 859 0 915 0 475 0 936 551 724 926 0 266 382 682 448 377 0 135 709 555 753 334 0 0 633 520 0 0 516 232 0 983 387 49 858 896 956 0 42 615 699 513 530 222 930 297 138 457 0 11 0 0 590 0 838 0 523 898 0 936 0 817 530 871 389 0 907 890 954 0 615 656 0 699 100 326 664 0 0 776 465 227 18 323 983 176 0 655 0 473 0 175 279 0 390 388 0 83 0 0 963 276 218 190 924 14 476 866 553 715 0 575 151 91 220 707 0 706 0 898 384 358 0 0 918 0 587 0 430 993 475 873 0 456 903 124 0 797 931 122 941 780 0 860 398 233 0 747 698 584 100 389 365 0 234 377 762 442 0 788 462 556 295 938 882 981 0 173 658 201 0 16 572 0 0 4 462 0 914 681 267 0 510 757 234 197 853 814 0 499 964 67 8 110 0 823 0 246 
