0 87 660 56 352 969 699 678 0 815 0 0 472 452 0 0 722 776 540 0 432 883 599 425 51 690 510 106 0 0 570 167 987 573 296 272 0 253 913 103 0 321 868 580 944 0 898 0 881 812 513 638 246 419 213 906 98 272 993 605 90 633 905 0 541 0 155 0 484 387 0 417 188 707 332 18 26 942 330 265 598 837 0 0 0 0 0 696 945 0 611 696 88 816 136 532 971 0 960 521 180 62 676 725 979 972 695 0 155 960 527 654 719 186 449 137 843 145 0 0 721 0 548 208 0 550 957 884 847 327 34 160 177 721 672 586 0 10 561 154 147 772 222 418 0 507 79 82 126 682 112 758 100 447 574 772 99 0 966 0 0 913 254 870 0 547 79 237 461 723 521 0 463 230 886 236 0 168 841 807 0 0 636 821 226 681 377 68 592 0 848 366 845 0 0 449 792 283 940 885 287 419 891 376 507 727 611 410 451 107 680 0 333 0 0 0 672 776 791 219 0 0 4 657 0 466 138 935 0 143 638 
87 0 31 173 313 595 0 456 981 206 471 23 225 563 0 457 726 913 0 655 206 769 178 0 113 0 619 0 631 0 29 0 989 0 0 521 661 0 147 644 0 0 0 0 86 404 0 4 837 0 411 524 293 461 195 852 0 608 897 892 209 949 0 596 366 906 642 0 568 0 535 790 750 422 0 970 492 749 567 787 443 992 622 507 48 710 824 559 124 727 253 0 0 939 642 953 19 0 423 14 0 0 14 983 201 267 392 486 0 0 0 941 0 247 667 642 723 436 133 834 72 290 0 0 826 27 304 971 0 0 523 398 432 537 327 0 472 972 500 25 535 939 666 633 802 874 602 0 880 0 0 624 634 184 657 23 590 840 0 0 88 424 341 879 55 260 0 0 834 18 796 255 358 652 430 173 0 0 59 437 188 0 353 99 635 125 229 587 0 741 100 374 697 976 242 0 354 304 586 998 150 995 543 763 0 288 73 180 960 532 72 491 764 0 594 0 706 52 0 373 0 532 792 793 841 0 325 0 542 966 503 
660 31 0 0 712 0 578 0 168 0 107 723 776 0 462 0 521 0 417 328 855 124 0 201 579 0 812 0 284 0 0 473 0 717 836 446 613 987 0 904 0 0 324 602 151 186 42 575 757 0 539 0 612 0 484 132 629 0 154 885 56 0 23 841 0 0 806 0 727 0 659 67 505 998 904 170 666 364 307 716 0 163 636 593 250 468 566 300 0 246 0 445 0 0 660 0 956 390 295 848 0 160 659 986 0 529 61 0 0 611 118 105 33 583 0 973 229 823 901 0 361 842 857 197 916 275 370 295 505 45 572 0 0 0 292 320 961 302 540 975 57 413 0 27 292 800 110 582 0 226 312 215 0 380 0 118 0 0 261 690 657 195 791 183 0 599 301 844 773 971 892 0 8 789 469 365 84 268 0 421 64 304 482 0 0 473 75 681 467 763 774 689 822 760 85 801 0 716 111 0 461 212 4 0 527 6 436 869 278 356 915 978 0 698 546 161 250 298 0 0 193 0 743 798 0 645 874 0 0 755 402 
56 173 0 0 759 910 38 0 816 978 521 99 189 72 169 79 0 156 290 374 788 0 0 715 856 344 0 649 692 304 327 578 481 269 576 240 438 288 0 62 690 538 143 0 815 0 127 564 199 0 796 0 529 0 0 0 0 282 193 348 249 122 0 0 0 159 66 648 404 0 893 0 687 363 254 609 0 646 60 421 326 519 164 804 922 827 589 476 381 854 0 0 439 498 46 0 334 330 156 0 507 588 0 0 0 927 0 0 711 928 624 717 435 157 757 333 0 954 851 18 882 0 782 798 501 827 0 0 0 207 221 856 755 351 373 737 187 543 747 256 711 854 505 0 0 155 418 816 796 428 552 359 970 997 971 0 299 173 973 0 0 232 0 301 0 291 979 17 0 0 104 277 172 0 0 0 392 0 0 89 681 356 979 94 352 854 872 897 99 353 864 276 0 131 0 0 0 323 362 0 385 328 516 0 0 0 281 952 665 927 256 0 236 914 623 858 0 559 31 706 0 926 475 26 612 666 736 0 941 438 93 
352 313 712 759 0 0 0 471 482 28 500 754 94 971 46 562 0 857 225 480 386 886 622 704 581 490 942 927 317 443 873 913 178 858 842 47 270 0 0 0 354 0 647 0 163 0 734 0 796 353 467 63 0 208 0 777 715 659 0 0 259 663 625 6 935 501 210 56 0 586 0 765 946 152 0 344 158 982 145 244 526 686 285 758 0 786 0 892 0 0 541 156 168 644 138 0 0 930 806 410 0 141 0 658 937 237 828 385 521 228 0 0 411 521 946 0 878 830 0 681 0 817 856 449 690 499 0 955 0 943 278 974 229 784 0 686 16 296 0 648 755 0 133 782 505 0 810 532 478 530 537 0 0 165 248 884 584 122 266 942 470 891 877 610 0 317 0 0 101 705 45 202 666 535 0 663 779 218 130 253 7 0 642 698 0 836 135 0 665 470 881 124 80 0 545 900 0 957 539 514 317 0 0 564 670 0 346 681 783 992 0 481 693 718 0 396 741 789 0 0 159 301 0 82 666 369 0 86 473 471 0 
969 595 0 910 0 0 613 875 0 46 0 364 361 0 91 444 869 319 601 141 107 0 597 276 34 361 196 110 971 788 0 583 21 95 769 334 429 535 866 621 737 187 860 713 362 221 0 241 0 0 898 783 0 428 590 360 505 0 0 977 0 49 319 0 767 711 895 943 831 766 89 437 912 293 0 0 502 0 546 620 512 834 832 393 721 612 0 378 522 0 66 576 0 456 301 590 809 739 0 673 142 758 0 286 342 646 591 573 476 490 0 590 0 217 94 274 262 0 266 845 808 794 668 122 0 115 311 968 722 0 0 194 944 714 82 877 862 780 0 27 778 0 176 777 122 771 0 0 37 428 780 0 413 509 728 13 909 115 930 0 724 911 160 0 0 0 0 0 0 21 30 894 589 40 105 0 0 473 899 189 863 106 566 70 0 334 6 557 0 67 191 213 554 485 0 610 366 648 414 163 561 100 0 605 0 785 282 0 797 162 142 956 109 901 157 607 249 1 519 0 0 0 0 56 159 761 547 0 794 103 575 
699 0 578 38 0 613 0 372 809 0 613 0 393 309 17 53 337 287 0 367 840 294 712 823 0 130 0 986 508 440 767 0 755 411 0 551 926 0 902 476 261 0 0 444 385 934 473 246 185 0 0 0 0 862 0 701 0 737 199 57 613 0 825 366 995 0 0 400 778 397 300 532 698 633 841 0 429 263 274 836 413 720 732 181 302 0 0 950 452 449 188 205 138 155 593 373 754 210 156 435 86 160 325 767 518 299 0 87 156 0 699 0 217 968 0 678 240 638 0 0 114 0 0 546 536 0 965 52 541 793 81 65 0 515 353 787 846 855 0 285 0 0 815 147 0 197 753 400 200 919 383 176 0 459 0 11 681 681 586 653 869 618 190 215 0 71 82 757 0 164 465 75 0 869 511 364 464 557 0 359 0 0 178 0 892 945 721 72 0 934 568 503 348 0 0 0 111 370 897 0 894 0 578 90 594 179 654 231 57 797 811 416 451 0 678 944 853 0 549 183 821 785 198 197 0 589 83 4 909 370 400 
678 456 0 0 471 875 372 0 642 813 873 779 723 270 958 738 0 604 173 820 355 499 0 0 519 948 711 0 18 702 922 82 332 623 818 0 551 796 0 970 923 506 299 871 402 143 984 0 872 416 0 826 0 317 443 372 368 0 870 0 840 952 976 102 0 0 919 438 0 970 890 455 556 472 415 0 690 0 637 975 0 0 591 310 0 102 108 727 382 0 0 807 765 796 758 0 671 589 16 776 0 574 688 320 0 940 90 0 0 309 123 87 520 157 0 286 0 168 474 423 0 281 0 0 0 881 0 184 0 469 134 0 954 241 543 563 545 0 213 20 987 628 883 220 862 9 0 0 0 136 33 371 0 749 953 454 0 0 625 8 570 257 919 0 0 433 0 0 304 160 507 785 605 346 776 832 53 887 0 209 384 453 56 301 5 499 0 899 0 385 34 144 478 739 0 144 47 0 902 859 400 380 222 668 585 324 703 0 0 483 924 0 0 80 148 0 855 788 936 710 785 498 570 0 99 810 525 799 619 159 443 
0 981 168 816 482 0 809 642 0 0 535 0 924 778 0 757 0 0 649 812 623 0 368 0 192 605 812 483 934 872 113 67 452 349 900 568 0 845 0 76 0 513 510 868 834 979 660 64 713 0 0 0 0 207 35 0 843 668 964 785 0 0 97 647 297 0 613 0 0 466 0 21 859 0 85 0 751 47 26 0 0 998 656 0 465 0 160 427 541 0 663 0 0 181 0 784 782 0 692 92 0 810 641 200 458 353 769 92 697 0 0 727 794 826 0 0 0 740 120 340 860 300 96 902 902 572 299 713 815 883 62 0 23 903 849 619 87 445 0 0 269 585 768 251 910 572 153 46 0 694 0 0 0 0 413 614 0 0 365 0 0 466 3 229 746 580 630 278 0 0 0 0 508 783 147 919 656 506 960 108 538 964 244 0 424 112 0 0 666 32 721 117 100 884 101 359 290 0 0 819 466 167 434 515 99 625 482 287 427 543 785 308 972 611 0 625 0 0 64 146 583 0 519 0 681 417 494 960 528 694 667 
815 206 0 978 28 46 0 813 0 0 871 20 222 767 168 709 971 0 242 277 874 131 0 227 372 604 353 0 728 0 0 0 0 0 465 231 790 736 376 175 321 263 549 330 559 998 668 0 969 714 701 130 0 0 646 64 373 0 0 286 0 961 302 811 237 931 185 0 0 642 677 452 0 778 279 345 253 169 0 657 662 678 0 11 628 353 900 154 383 271 363 0 543 0 521 0 889 211 652 899 270 430 907 775 640 29 45 96 942 556 93 194 899 578 189 23 232 249 669 0 0 436 243 229 125 0 36 0 277 786 461 258 0 984 0 736 0 571 0 0 830 877 0 0 69 479 506 983 0 0 859 112 220 0 154 954 659 392 207 0 121 291 0 875 0 90 959 980 0 930 334 733 940 655 315 0 359 759 344 904 787 0 0 0 0 279 0 584 455 2 51 568 11 0 147 0 611 873 0 0 120 0 21 636 0 598 881 0 0 332 0 0 843 591 261 328 82 217 0 266 969 0 78 191 762 158 0 32 633 780 531 
0 471 107 521 500 0 613 873 535 871 0 559 622 0 441 143 760 40 0 975 0 774 261 527 693 0 298 726 11 0 409 470 535 0 0 613 541 145 25 825 0 0 0 409 55 651 325 837 129 224 790 558 651 72 599 0 0 570 793 964 997 820 0 767 332 56 888 702 858 615 130 0 260 69 509 878 468 983 325 0 143 705 0 815 398 353 648 0 607 893 0 140 949 902 987 97 336 409 442 504 502 822 949 660 59 0 632 915 0 556 933 0 0 0 0 651 419 728 0 0 494 230 123 848 169 0 242 0 0 0 735 906 288 0 865 0 0 336 266 0 555 104 490 635 213 0 800 812 14 489 467 339 0 916 767 487 0 678 0 898 314 0 53 784 572 0 0 0 451 559 0 0 0 351 521 290 731 343 524 0 63 472 601 276 259 922 0 765 717 901 0 354 226 951 195 910 266 733 550 547 0 160 295 108 0 0 672 633 337 130 60 304 301 0 14 0 581 364 0 909 175 737 503 363 668 946 472 181 123 0 365 
0 23 723 99 754 364 0 779 0 20 559 0 293 306 317 0 603 289 18 0 934 791 0 0 0 559 498 493 0 658 0 81 822 224 840 471 323 831 232 608 311 0 0 559 488 943 255 520 774 23 0 600 794 453 445 0 510 667 198 0 863 98 617 293 456 208 666 140 0 316 308 333 857 142 425 107 687 348 542 171 972 501 985 571 315 0 820 19 62 560 0 180 385 744 932 0 935 27 0 0 144 782 275 48 382 0 0 51 0 357 623 0 0 0 0 76 245 536 376 9 327 759 346 0 690 940 84 0 22 82 922 124 963 0 824 0 11 620 966 0 0 764 602 294 825 262 0 0 408 0 833 109 647 128 847 613 0 731 37 29 887 587 629 0 280 494 0 628 0 635 41 731 0 0 31 359 0 456 584 350 98 957 940 192 918 577 682 0 674 162 0 275 696 964 230 135 563 182 894 0 418 0 576 556 293 305 470 795 0 0 0 613 0 265 0 65 922 0 0 0 498 868 730 0 643 0 161 0 0 0 653 
472 225 776 189 94 361 393 723 924 222 622 293 0 88 208 379 915 373 997 618 157 589 589 396 0 305 0 381 155 734 375 476 237 458 0 13 457 691 147 0 572 145 560 11 448 990 579 470 0 421 861 94 0 620 0 282 891 928 681 46 0 513 495 108 268 330 393 314 0 754 772 830 960 719 539 486 926 256 230 3 174 518 804 0 0 513 633 537 941 690 721 40 443 537 530 436 0 152 409 727 388 673 666 958 0 594 362 26 928 674 0 238 624 753 272 0 970 0 528 0 0 677 537 417 0 5 698 0 0 0 0 600 0 701 889 752 589 47 137 0 942 255 0 773 395 798 967 226 556 83 211 880 387 0 92 279 835 389 371 0 0 751 653 615 49 0 969 0 579 987 0 385 0 182 814 0 704 484 646 765 879 816 949 710 0 913 0 537 275 267 0 33 280 373 460 0 931 173 735 0 551 203 134 718 328 207 0 236 456 216 655 0 853 388 411 0 0 509 0 0 0 564 397 479 987 0 186 272 952 84 0 
452 563 0 72 971 0 309 270 778 767 0 306 88 0 875 0 768 866 736 461 992 608 0 75 0 0 233 124 0 0 760 412 562 0 951 787 997 357 0 80 0 0 565 586 0 517 0 0 924 909 0 517 505 344 844 0 0 0 0 658 403 348 690 0 669 0 0 667 783 40 310 392 0 543 886 551 542 322 821 0 0 167 926 295 150 416 311 551 897 0 595 573 0 16 548 505 996 0 0 729 594 806 51 562 712 397 755 0 975 0 0 523 0 156 144 376 0 267 567 355 0 372 820 475 602 0 472 676 994 0 263 596 348 632 638 0 955 59 183 195 0 737 0 993 0 301 0 177 502 534 938 0 191 78 344 176 320 83 253 0 0 0 965 11 879 581 750 442 882 80 0 249 0 0 413 228 403 152 477 952 939 0 675 439 0 459 0 2 922 276 388 130 641 321 194 569 809 146 900 427 0 0 100 388 0 452 68 442 0 430 925 863 312 227 923 145 422 678 669 627 665 6 0 606 57 681 307 440 950 269 0 
0 0 462 169 46 91 17 958 0 168 441 317 208 875 0 496 0 329 809 169 0 378 80 0 265 0 0 0 274 20 126 0 0 944 134 253 782 595 0 0 756 386 73 367 915 626 282 0 863 0 486 380 0 0 0 343 0 0 455 854 648 27 998 0 0 0 715 420 536 481 572 997 195 0 488 43 0 372 86 691 517 83 926 682 768 20 0 453 0 917 158 792 521 174 0 0 582 228 428 0 0 716 509 0 302 0 281 615 774 21 457 451 737 187 0 780 110 739 544 369 436 571 852 838 566 432 0 0 996 741 0 709 792 927 818 277 953 905 438 0 0 6 0 136 123 789 171 412 631 0 228 929 0 10 893 0 917 677 0 477 683 533 523 9 483 507 210 138 690 190 987 825 793 584 306 254 113 252 29 0 693 212 0 795 948 435 233 207 139 402 0 817 61 363 230 527 247 689 178 808 914 357 0 223 0 0 856 0 849 0 75 0 887 0 863 604 21 483 794 964 970 753 946 957 0 663 988 0 750 786 695 
0 457 0 79 562 444 53 738 757 709 143 0 379 0 496 0 598 202 865 119 103 558 0 0 126 553 257 567 714 0 349 379 0 11 552 790 0 983 337 495 0 699 432 890 11 19 0 791 0 117 514 0 366 816 182 471 766 985 127 131 185 655 400 0 0 124 428 243 367 42 750 363 0 895 876 0 12 114 852 577 710 0 0 112 0 497 823 136 679 198 828 543 34 397 0 662 404 670 0 358 273 0 0 515 54 0 632 6 0 39 950 772 0 0 687 0 891 0 0 800 670 0 0 0 726 564 924 618 551 264 876 0 0 160 674 438 810 858 959 433 0 0 538 992 163 773 438 608 625 453 487 0 613 0 223 114 791 0 112 240 0 0 333 800 698 494 0 630 990 310 695 754 714 835 0 0 844 0 305 546 599 0 311 0 0 574 551 827 759 0 404 226 0 844 816 0 548 0 739 301 971 836 822 623 0 8 955 197 827 248 882 604 129 192 347 14 57 718 0 0 0 0 0 0 711 339 970 688 239 0 607 
722 726 521 0 0 869 337 0 0 971 760 603 915 768 0 598 0 957 0 743 0 41 348 398 910 974 954 126 579 0 274 719 395 0 166 0 468 660 0 783 0 0 0 592 44 166 689 456 773 365 880 0 186 534 845 0 0 216 0 0 130 0 878 708 190 755 877 712 941 795 299 175 0 0 0 591 179 674 706 0 993 0 366 884 0 992 182 685 0 382 925 915 621 0 920 984 0 937 151 676 879 742 27 886 930 557 453 389 0 291 0 378 0 652 100 640 723 0 59 516 315 410 684 621 582 147 265 50 71 480 769 602 613 0 820 193 928 739 62 122 428 73 541 117 259 0 0 906 0 383 183 701 0 737 178 311 576 933 673 0 954 0 773 31 814 234 0 0 617 745 176 268 221 698 781 22 961 0 64 532 0 138 0 918 0 608 875 450 288 744 665 798 0 854 581 214 670 763 753 711 0 20 591 837 990 379 580 896 309 324 0 202 958 0 44 474 683 232 488 84 889 769 76 150 431 98 916 987 978 0 0 
776 913 0 156 857 319 287 604 0 0 40 289 373 866 329 202 957 0 753 591 626 0 0 34 0 0 378 815 363 808 934 334 208 525 0 807 265 144 808 776 196 938 0 0 58 987 135 896 427 390 884 128 0 584 679 729 112 901 75 54 968 703 11 567 949 606 0 530 153 0 106 0 934 0 981 827 74 632 536 640 237 955 605 0 644 0 259 0 0 404 715 0 261 466 373 567 534 186 0 367 775 0 225 19 959 0 744 883 157 596 256 291 0 928 485 318 0 222 444 945 0 542 778 287 0 260 0 574 279 201 964 170 0 48 15 747 573 13 0 0 0 755 0 0 946 430 0 158 597 0 273 447 424 734 0 86 985 48 97 128 755 550 712 0 377 0 897 816 413 346 187 0 786 0 409 357 108 414 581 833 0 220 0 402 456 272 41 70 0 988 94 96 130 776 329 13 791 559 0 741 83 444 650 320 844 0 0 0 462 787 251 341 661 0 883 417 0 0 0 934 129 0 758 491 0 0 140 885 901 0 669 
540 0 417 290 225 601 0 173 649 242 0 18 997 736 809 865 0 753 0 0 366 904 0 558 849 458 825 0 0 0 429 780 375 662 112 837 367 36 0 379 0 690 599 0 311 0 888 836 675 0 622 631 0 978 341 725 0 790 870 319 221 224 0 0 916 757 845 811 756 824 334 883 257 773 0 537 362 855 377 930 0 0 0 147 0 836 971 304 296 375 521 740 644 818 0 0 0 0 619 0 599 627 459 853 233 0 548 0 993 625 0 0 0 512 0 0 0 496 270 390 0 152 0 527 486 371 0 707 255 712 809 495 36 167 0 0 0 0 0 0 662 990 466 242 299 508 876 690 213 688 114 328 44 0 699 0 0 534 547 8 202 577 931 872 628 631 147 992 612 4 730 759 0 0 873 171 0 399 865 0 0 123 0 555 346 0 533 151 606 984 196 598 0 901 284 719 988 77 550 0 604 444 162 728 0 479 0 994 264 113 340 805 217 630 429 488 876 0 413 858 0 807 700 258 396 35 140 254 0 0 955 
0 655 328 374 480 141 367 820 812 277 975 0 618 461 169 119 743 591 0 0 982 0 0 259 687 259 0 572 56 174 991 815 711 0 0 0 930 484 445 25 0 488 266 116 0 361 941 0 91 733 0 394 0 0 590 129 146 0 379 793 117 42 0 441 340 0 288 658 0 35 341 850 622 782 929 414 294 925 0 0 592 0 629 64 150 311 0 0 448 993 0 107 86 343 911 0 958 587 762 733 285 0 689 720 516 307 252 261 141 771 356 462 491 739 899 558 84 148 390 243 0 402 852 0 0 62 87 3 579 0 743 893 158 0 841 262 674 0 329 392 0 722 509 470 138 99 475 406 0 994 977 127 57 952 486 71 0 336 724 607 26 819 313 0 433 0 258 347 785 54 262 975 792 27 766 0 25 832 968 0 217 626 0 39 862 295 527 0 795 556 0 0 0 513 227 0 176 0 503 469 428 0 85 0 0 744 230 962 122 829 0 823 427 658 450 570 0 848 568 589 789 0 0 824 0 0 368 541 153 637 0 
432 206 855 788 386 107 840 355 623 874 0 934 157 992 0 103 0 626 366 982 0 0 131 0 565 605 707 0 315 514 238 502 409 0 922 206 141 325 0 0 245 712 651 882 0 499 131 0 935 311 458 0 441 451 332 522 416 0 775 761 83 358 216 676 787 338 711 34 0 0 59 749 912 756 0 346 619 677 769 412 957 985 56 930 213 616 196 104 58 763 810 165 671 610 706 809 12 606 406 925 0 0 21 0 229 465 728 715 236 878 642 1 0 563 560 524 30 935 0 402 0 639 83 0 76 881 594 594 674 76 671 0 466 837 0 456 0 746 352 1 999 319 590 212 145 816 83 605 629 313 0 56 279 118 0 800 907 679 0 0 0 0 0 0 158 0 127 388 925 218 673 694 67 0 748 477 984 0 0 394 310 767 471 346 387 53 356 0 889 0 101 197 421 222 276 0 85 685 237 354 525 0 0 60 965 22 626 261 281 238 941 0 443 555 364 952 0 0 482 470 766 0 444 112 0 851 719 0 306 678 583 
883 769 124 0 886 0 294 499 0 131 774 791 589 608 378 558 41 0 904 0 0 0 647 218 939 29 612 0 581 838 690 0 544 892 640 145 372 224 534 0 861 487 38 334 0 70 0 298 149 331 371 57 0 510 478 552 0 322 0 853 9 168 171 0 751 11 510 931 727 527 255 875 0 0 0 0 925 0 37 879 892 959 531 299 0 191 729 227 236 650 462 35 166 109 291 281 0 795 579 105 514 101 0 190 676 399 648 0 989 0 373 616 937 125 914 0 402 480 0 113 451 605 297 591 883 217 193 591 0 0 395 824 921 0 787 664 863 894 991 781 948 456 102 110 793 783 311 0 383 0 511 0 396 890 755 436 941 574 95 391 245 240 911 576 149 482 713 454 46 0 138 23 360 868 936 0 500 571 26 817 872 0 834 0 241 0 175 429 0 0 663 0 369 0 93 750 668 694 0 835 788 290 0 222 548 894 0 79 0 894 928 0 0 490 851 92 787 0 626 961 715 429 838 280 549 0 914 483 522 782 932 
599 178 0 0 622 597 712 0 368 0 261 0 589 0 80 0 348 0 0 0 131 647 0 0 154 103 352 0 897 0 0 574 725 0 768 367 275 164 345 0 285 141 372 988 730 299 5 360 147 99 950 777 516 35 0 177 824 772 446 728 0 387 0 992 0 279 924 0 0 2 815 38 0 0 755 611 0 772 0 386 508 258 685 0 0 843 0 841 92 0 900 731 0 0 594 0 401 91 0 0 816 476 596 953 54 932 0 953 0 0 450 0 0 622 219 182 7 714 0 315 620 0 322 498 772 0 837 413 215 302 496 0 323 0 978 157 0 0 858 524 653 0 95 0 0 765 0 863 165 493 27 729 578 473 0 234 958 136 0 142 704 0 0 0 0 449 934 275 312 0 998 479 0 680 529 688 100 966 987 0 66 0 915 979 143 884 545 903 262 0 592 101 0 834 959 490 0 801 987 393 44 449 701 0 413 927 294 309 776 197 0 856 0 972 397 82 15 379 182 213 811 0 828 284 128 0 0 0 135 0 448 
425 0 201 715 704 276 823 0 0 227 527 0 396 75 0 0 398 34 558 259 0 218 0 0 301 0 655 0 0 724 934 0 508 0 409 62 734 380 13 754 9 587 0 282 100 462 56 305 569 730 166 900 667 0 644 0 50 331 0 0 864 578 284 197 18 0 0 629 813 14 0 848 522 536 0 0 286 0 0 648 378 674 0 297 609 525 382 211 0 193 197 522 0 338 412 517 0 0 730 0 607 283 642 66 60 0 0 0 434 965 16 0 0 851 0 466 0 275 207 843 987 0 0 706 943 895 627 0 337 298 427 0 939 180 970 895 0 115 0 311 89 205 0 0 967 930 0 495 829 590 0 0 36 77 112 738 147 299 797 759 621 612 105 650 57 646 0 709 527 190 657 612 535 0 0 975 0 0 0 810 0 291 810 956 266 0 981 182 344 767 0 0 663 589 623 262 657 901 466 0 0 309 265 871 0 736 36 635 832 862 190 770 156 0 0 838 804 590 312 363 933 289 0 232 740 838 656 356 250 363 845 
51 113 579 856 581 34 0 519 192 372 693 0 0 0 265 126 910 0 849 687 565 939 154 301 0 140 403 141 434 653 157 521 839 580 0 119 0 797 0 597 333 929 0 908 35 0 914 69 0 242 568 627 667 274 0 36 268 484 473 0 0 687 0 772 636 357 559 0 0 178 904 987 161 448 0 694 612 495 525 647 534 331 733 359 540 893 406 792 71 501 0 154 234 229 0 0 683 983 764 0 761 521 590 789 52 41 179 246 0 372 423 765 723 400 148 0 0 568 0 431 776 0 16 0 104 275 856 0 436 152 960 870 0 906 0 0 996 0 80 814 0 811 0 0 705 515 222 455 357 864 0 430 0 777 772 131 0 0 61 875 0 859 820 0 151 888 334 324 0 107 0 22 584 129 91 789 254 707 247 40 24 894 193 931 10 107 796 0 56 424 968 0 189 608 0 0 232 0 0 286 81 0 221 548 619 0 656 421 0 0 772 521 0 620 989 684 784 0 224 0 0 768 0 0 837 0 228 0 102 998 309 
690 0 0 344 490 361 130 948 605 604 0 559 305 0 0 553 974 0 458 259 605 29 103 0 140 0 386 683 977 80 823 197 716 942 677 169 877 259 0 624 948 900 300 211 144 579 404 680 0 507 0 486 0 969 381 453 620 114 0 557 878 433 0 417 706 601 270 794 0 132 0 659 428 849 0 0 691 747 0 440 0 362 471 687 816 598 8 775 0 167 0 0 87 684 597 401 196 0 796 461 347 134 0 239 396 0 184 154 42 0 179 1 0 0 345 775 240 0 0 0 463 642 856 393 487 0 308 6 990 0 303 0 646 933 0 956 50 672 664 114 687 0 403 128 598 747 606 406 0 905 426 301 0 553 169 806 0 897 102 0 855 221 915 0 0 0 767 866 384 217 980 786 234 0 0 0 170 217 145 0 431 511 456 457 277 912 365 667 687 0 302 984 633 19 493 0 0 757 666 0 811 386 288 876 302 191 301 0 459 232 617 18 0 799 199 0 664 0 239 175 875 230 640 0 224 156 0 676 336 335 0 
510 619 812 0 942 196 0 711 812 353 298 498 0 233 0 257 954 378 825 0 707 612 352 655 403 386 0 0 268 831 44 848 792 695 5 0 100 359 191 442 288 369 726 542 592 0 0 463 873 0 0 218 0 0 938 256 763 778 935 833 182 0 619 807 0 479 778 0 0 807 508 148 450 587 141 505 892 252 929 0 900 270 622 0 0 905 0 579 0 92 358 519 494 873 0 841 337 0 466 571 0 843 103 0 0 0 142 559 922 527 0 0 728 425 919 0 547 838 231 0 960 0 699 723 0 448 247 937 0 0 0 178 829 426 309 848 621 255 771 466 157 155 273 113 280 902 415 155 126 752 0 607 0 972 771 520 73 404 0 824 5 638 0 184 571 463 333 968 604 865 0 0 639 716 394 337 80 502 0 381 671 0 0 762 0 607 549 746 0 0 909 591 970 373 173 552 0 835 933 618 0 35 293 0 0 415 735 202 231 0 665 936 289 689 0 0 0 153 748 748 854 0 0 240 767 981 41 0 0 0 978 
106 0 0 649 927 110 986 0 483 0 726 493 381 124 0 567 126 815 0 572 0 0 0 0 141 683 0 0 993 452 146 0 713 0 479 902 712 907 17 391 825 0 810 902 519 0 392 0 829 546 541 0 433 0 986 775 506 510 0 184 784 888 0 247 0 0 368 0 169 0 629 615 612 302 595 912 369 294 52 0 111 833 503 499 0 480 0 0 779 0 978 675 994 787 0 361 394 759 182 235 433 0 0 0 116 0 0 417 946 0 287 279 162 777 629 908 591 281 609 424 0 0 603 957 0 641 0 684 0 778 141 157 101 137 940 176 289 519 2 0 83 314 528 710 178 460 609 895 0 539 528 505 0 572 382 571 130 121 0 84 267 196 616 0 707 598 871 781 777 198 0 832 671 710 577 242 784 704 208 540 381 563 972 0 892 0 0 818 364 699 163 551 533 587 1 973 5 461 535 661 708 238 0 956 0 723 398 0 0 498 280 293 0 441 969 0 0 923 0 747 667 537 0 0 0 413 169 559 153 777 401 
0 631 284 692 317 971 508 18 934 728 11 0 155 0 274 714 579 363 0 56 315 581 897 0 434 977 268 993 0 228 748 340 323 0 0 555 81 63 937 489 435 79 0 0 660 644 62 0 313 0 383 0 650 383 137 0 67 617 487 870 101 516 76 0 0 340 99 92 444 0 7 0 859 0 966 0 273 756 974 483 216 865 206 192 171 811 674 792 0 0 114 446 48 0 111 285 225 53 824 0 67 190 495 0 250 47 588 425 853 607 675 843 800 0 0 826 163 0 205 763 888 161 55 0 0 0 272 0 783 254 357 0 0 0 628 0 374 0 746 46 0 0 363 802 220 918 148 28 323 0 978 750 629 478 750 0 0 12 417 746 109 77 0 0 309 450 0 889 480 938 119 168 577 651 490 328 127 72 551 417 0 637 42 893 852 997 0 896 0 977 172 201 565 0 763 126 72 117 266 0 331 766 21 235 73 146 0 841 277 672 528 404 922 877 545 0 0 0 0 0 65 297 0 668 422 561 67 410 668 0 267 
0 0 0 304 443 788 440 702 872 0 0 658 734 0 20 0 0 808 0 174 514 838 0 724 653 80 831 452 228 0 69 0 0 594 0 877 854 57 464 338 794 528 694 348 980 342 988 982 258 0 933 0 250 891 977 138 833 203 0 0 908 0 198 438 391 638 921 205 334 940 0 166 0 0 465 151 918 0 433 234 435 0 0 100 201 641 448 173 632 532 0 470 0 0 6 0 626 0 0 0 928 0 0 0 162 0 397 569 670 0 0 758 331 540 128 61 753 415 152 337 0 871 0 479 784 631 587 0 69 0 218 46 736 910 556 272 476 0 933 596 0 471 0 956 500 0 534 845 798 669 15 0 987 990 38 0 988 309 712 546 123 493 0 488 46 0 474 121 315 850 700 0 391 0 55 473 79 452 0 982 281 932 0 302 52 831 445 13 0 70 894 53 322 0 704 728 0 618 171 943 0 625 336 0 0 0 120 582 0 875 574 551 829 970 0 0 0 540 0 127 927 980 0 0 170 688 0 200 862 0 614 
570 29 0 327 873 0 767 922 113 0 409 0 375 760 126 349 274 934 429 991 238 690 0 934 157 823 44 146 748 69 0 745 0 245 407 457 928 0 632 861 0 540 684 31 365 901 491 831 0 788 0 117 960 250 696 260 465 707 687 481 935 0 587 966 104 792 0 0 410 565 78 0 0 117 0 0 604 281 564 928 525 0 0 253 266 744 0 679 0 367 233 0 0 0 0 572 0 538 291 0 342 0 889 0 0 325 38 876 295 336 819 0 24 74 0 255 101 514 218 658 751 411 923 0 719 782 526 153 59 281 689 0 146 461 0 583 658 0 117 0 107 743 0 0 937 943 570 107 0 299 0 696 66 0 372 0 62 974 0 407 0 258 0 155 643 0 827 687 776 320 771 0 77 587 382 904 562 0 0 109 0 524 339 0 135 485 461 0 544 0 581 56 85 624 457 732 137 0 848 0 112 21 0 871 588 221 431 0 0 550 760 0 807 463 537 983 29 152 0 401 921 0 84 35 240 0 799 986 581 26 367 
167 0 473 578 913 583 0 82 67 0 470 81 476 412 0 379 719 334 780 815 502 0 574 0 521 197 848 0 340 0 745 0 0 0 139 513 711 915 581 778 145 279 340 869 515 0 0 718 0 969 0 0 668 0 0 605 784 380 0 457 745 429 890 605 505 0 0 702 489 0 538 692 42 0 609 224 183 133 731 417 665 219 750 106 431 327 0 0 0 298 952 742 405 949 87 544 896 827 340 571 0 842 0 686 113 542 0 294 314 662 721 669 0 0 672 0 903 381 584 148 656 736 787 846 872 635 557 0 929 0 286 0 184 473 519 457 737 780 739 189 391 109 74 565 100 333 0 0 661 626 732 649 6 264 536 0 864 699 469 0 0 0 93 740 315 951 506 300 583 886 977 589 114 326 187 107 541 370 258 60 0 614 27 4 802 412 57 682 0 687 148 0 570 777 930 537 0 81 130 0 0 949 203 0 0 0 528 0 612 0 688 428 686 896 0 847 0 836 0 0 0 682 0 267 0 76 190 0 0 822 0 
987 989 0 481 178 21 755 332 452 0 535 822 237 562 0 0 395 208 375 711 409 544 725 508 839 716 792 713 323 0 0 0 0 28 995 450 271 0 972 813 567 0 565 0 189 0 595 311 582 0 824 826 688 0 546 187 0 0 403 308 0 0 587 564 467 710 0 0 0 918 0 135 0 580 0 79 484 690 209 995 0 146 751 169 998 0 629 0 0 0 789 716 791 429 0 78 403 613 284 657 549 0 472 56 800 533 0 0 0 719 619 606 225 830 0 0 963 656 0 313 836 271 0 964 118 965 280 727 869 30 953 333 990 0 585 857 0 0 0 0 357 442 497 84 21 381 367 450 0 0 33 626 0 0 747 145 864 297 0 0 791 485 0 398 0 905 939 415 490 129 417 946 227 3 137 938 664 529 975 0 144 13 0 18 0 864 0 0 0 222 189 792 267 0 227 18 0 174 227 0 0 374 530 791 995 680 429 380 559 415 152 531 420 100 253 0 0 934 765 206 287 835 974 19 795 0 0 992 883 158 845 
573 0 717 269 858 95 411 623 349 0 0 224 458 0 944 11 0 525 662 0 0 892 0 0 580 942 695 0 0 594 245 0 28 0 383 43 0 853 917 426 582 646 934 370 0 271 758 359 313 0 827 793 0 269 542 326 118 243 0 0 0 426 494 686 0 907 934 721 127 148 0 2 753 920 34 0 84 418 0 328 375 433 599 260 0 123 876 678 675 698 188 448 195 753 66 0 874 946 0 507 943 286 539 133 0 0 0 414 738 322 130 571 429 833 0 499 0 0 0 0 0 47 709 334 0 916 0 890 998 59 315 383 0 931 74 257 66 653 710 651 0 0 0 875 143 640 972 735 78 0 167 863 0 768 7 21 698 845 79 512 297 983 0 806 962 996 849 310 0 412 382 192 147 688 516 908 953 400 399 239 0 0 229 649 621 872 0 477 840 413 95 0 239 0 135 736 899 106 0 0 517 326 516 0 0 0 842 734 388 374 275 519 675 6 820 0 219 0 0 286 508 587 0 650 584 554 987 805 866 690 573 
296 0 836 576 842 769 0 818 900 465 0 840 0 951 134 552 166 0 112 0 922 640 768 409 0 677 5 479 0 0 407 139 995 383 0 551 192 374 179 385 345 558 690 0 361 116 822 0 251 8 0 516 44 0 722 999 191 290 0 504 0 453 415 636 641 247 533 430 968 0 0 258 932 0 759 0 306 692 0 0 0 468 56 361 322 263 530 219 750 284 0 141 446 437 562 631 970 660 106 275 490 225 614 0 0 76 823 0 177 10 0 0 784 859 0 261 418 534 545 310 145 276 750 0 0 0 906 953 678 463 203 180 827 0 378 991 396 0 430 0 107 867 164 753 455 757 337 0 418 404 723 720 5 0 717 73 10 798 0 0 857 993 956 0 879 698 0 0 867 720 458 2 683 0 565 224 446 0 601 396 318 113 0 609 771 101 589 0 262 0 243 871 924 337 237 0 0 0 827 897 162 915 400 0 0 602 909 965 225 70 621 390 366 425 316 917 861 901 207 339 186 0 834 0 178 869 806 183 31 0 983 
272 521 446 240 47 334 551 0 568 231 613 471 13 787 253 790 0 807 837 0 206 145 367 62 119 169 0 902 555 877 457 513 450 43 551 0 267 469 0 90 628 346 0 326 554 982 394 211 829 296 349 873 995 157 884 0 0 6 267 0 0 0 587 299 783 347 193 0 759 190 322 0 104 331 212 0 530 64 517 0 0 859 572 215 0 585 939 733 518 417 135 0 876 0 873 439 455 802 0 849 204 884 336 452 0 523 93 251 973 896 852 717 548 840 188 920 0 111 899 881 396 38 699 0 554 179 0 1 892 632 0 761 0 282 410 748 56 147 315 969 259 100 549 491 715 0 575 773 616 888 0 966 390 246 856 0 592 0 0 0 437 413 0 347 192 0 83 0 58 492 0 562 0 471 694 0 250 760 355 517 162 0 0 738 0 497 266 735 70 113 0 266 0 488 148 514 75 17 0 0 188 0 154 276 0 711 0 548 946 751 506 171 337 430 57 899 0 944 0 0 322 580 243 683 398 673 0 244 0 397 206 
0 661 613 438 270 429 926 551 0 790 541 323 457 997 782 0 468 265 367 930 141 372 275 734 0 877 100 712 81 854 928 711 271 0 192 267 0 252 803 795 874 0 685 0 169 0 226 741 244 164 789 783 0 943 781 932 745 637 864 200 176 0 879 626 632 626 942 0 275 165 0 868 57 0 0 703 0 32 0 0 748 0 185 0 428 631 513 502 17 587 620 0 492 994 369 995 663 87 819 0 611 803 0 586 150 7 590 0 0 0 0 140 871 378 521 0 603 426 0 360 207 196 288 974 492 400 410 0 0 472 822 672 700 432 647 119 748 879 748 618 590 981 9 925 109 166 926 481 623 511 44 771 952 339 0 7 380 533 792 462 64 827 0 775 0 0 441 611 280 567 0 783 731 0 754 199 687 0 0 148 663 881 677 667 0 239 389 0 917 261 969 0 789 532 0 0 668 630 929 0 1 938 542 565 716 549 90 0 353 995 214 947 889 809 78 753 964 716 51 483 251 431 0 0 10 904 0 568 722 159 878 
253 0 987 288 0 535 0 796 845 736 145 831 691 357 595 983 660 144 36 484 325 224 164 380 797 259 359 907 63 57 0 915 0 853 374 469 252 0 0 0 655 0 0 0 5 0 0 790 513 793 0 0 110 181 984 602 738 0 507 0 545 667 400 0 409 0 185 983 418 405 418 361 813 716 91 404 0 581 0 987 847 0 0 33 131 470 732 314 361 936 788 425 328 12 678 0 180 481 0 957 326 525 0 549 373 201 4 0 0 0 903 124 818 306 581 121 888 822 0 569 715 962 221 227 0 0 166 83 455 0 0 424 495 0 597 782 377 37 957 0 119 612 415 971 0 166 0 706 0 981 652 217 688 344 597 251 760 0 0 219 604 626 0 12 738 0 0 233 0 920 264 485 397 715 314 0 513 594 556 310 0 799 464 0 421 30 871 605 159 0 22 48 843 754 289 346 438 320 974 880 823 647 869 644 684 735 700 0 853 0 930 445 871 253 875 644 683 0 78 918 0 801 173 0 247 0 169 0 147 906 199 
913 147 0 0 0 866 902 0 0 376 25 232 147 0 0 337 0 808 0 445 0 534 345 13 0 0 191 17 937 464 632 581 972 917 179 0 803 0 0 782 556 494 353 0 763 788 646 0 244 671 885 672 79 728 633 0 737 0 944 448 325 226 0 0 920 298 408 0 0 640 922 149 844 0 104 0 34 680 503 653 0 230 285 762 785 807 654 0 253 283 421 801 627 435 249 427 0 423 482 834 375 550 833 853 152 0 0 766 660 695 0 849 0 0 0 0 0 883 760 0 792 718 411 706 364 585 447 325 0 262 825 686 758 650 0 860 425 858 729 0 269 207 0 656 0 464 20 200 0 171 0 0 805 0 527 885 418 153 0 336 204 545 40 0 557 443 390 930 899 87 236 0 796 244 516 66 451 790 0 208 648 372 629 930 630 949 650 15 769 572 0 230 394 872 32 637 0 0 0 935 0 539 538 257 137 201 0 880 75 851 0 565 291 273 0 720 0 721 103 203 467 732 769 946 945 773 278 0 651 0 35 
103 644 904 62 0 621 476 970 76 175 825 608 0 80 0 495 783 776 379 25 0 0 0 754 597 624 442 391 489 338 861 778 813 426 385 90 795 0 782 0 889 501 0 863 195 0 0 0 177 0 996 281 980 0 351 0 982 0 799 988 490 220 670 923 57 970 86 0 850 772 915 151 597 124 178 0 791 649 0 0 671 317 0 371 802 658 4 361 222 372 849 38 970 582 478 353 875 437 0 478 176 991 0 825 521 770 29 764 617 451 649 942 0 303 546 0 3 245 0 614 623 93 935 764 828 0 0 675 438 698 770 0 80 824 0 69 846 0 698 927 0 0 493 614 254 908 312 0 481 634 505 0 26 707 187 0 142 0 700 0 664 0 30 943 707 716 176 272 799 571 0 651 954 0 986 627 504 902 568 272 0 559 195 232 211 599 807 377 0 682 551 39 884 383 0 8 53 319 71 602 941 349 0 230 96 979 250 0 337 587 79 310 521 0 21 0 910 658 100 609 0 378 584 0 5 0 415 78 678 509 382 
0 0 0 690 354 737 261 923 0 321 0 311 572 0 756 0 0 196 0 0 245 861 285 9 333 948 288 825 435 794 0 145 567 582 345 628 874 655 556 889 0 873 942 0 548 976 0 617 139 526 761 0 65 353 897 341 606 384 583 0 243 199 174 929 609 999 738 0 636 16 134 224 950 843 248 0 431 53 729 0 669 818 107 961 312 0 120 629 0 0 779 216 840 0 757 0 0 794 696 908 0 613 140 978 0 0 323 426 219 0 920 112 616 822 366 0 538 314 0 0 0 764 0 257 0 525 0 801 797 123 191 222 0 0 831 728 0 157 0 296 465 139 703 0 743 335 608 775 66 536 841 0 17 234 621 785 572 0 557 511 33 399 514 589 167 84 739 0 0 220 280 372 22 633 754 0 792 606 466 0 316 0 213 702 0 843 420 893 284 820 0 0 985 524 547 157 757 500 0 45 657 829 378 0 901 0 584 0 0 865 679 0 732 748 18 306 751 286 17 726 608 127 742 925 0 0 261 0 0 431 507 
321 0 0 538 0 187 0 506 513 263 0 0 145 0 386 699 0 938 690 488 712 487 141 587 929 900 369 0 79 528 540 279 0 646 558 346 0 0 494 501 873 0 950 0 937 0 0 671 918 0 179 749 0 0 408 988 842 0 800 707 0 285 832 466 757 0 105 527 759 85 655 547 890 478 389 751 299 585 76 304 0 0 0 696 0 892 898 996 814 446 0 116 9 0 0 483 718 659 0 37 463 0 0 0 0 986 224 780 384 42 192 601 407 62 44 170 660 841 298 527 0 482 179 344 0 419 775 99 755 244 929 371 984 48 611 649 363 599 417 142 858 16 745 309 0 258 11 56 936 425 487 456 0 260 472 262 84 736 809 793 996 408 515 0 209 223 0 88 743 578 910 647 0 459 671 776 623 512 564 799 0 583 990 0 395 333 957 194 83 363 719 0 141 947 905 699 773 0 40 864 939 0 0 253 0 961 97 146 445 164 202 5 736 136 721 326 0 915 0 0 614 0 0 948 728 0 0 16 0 468 0 
868 0 324 143 647 860 0 299 510 549 0 0 560 565 73 432 0 0 599 266 651 38 372 0 0 300 726 810 0 694 684 340 565 934 690 0 685 0 353 0 942 950 0 543 129 527 287 968 950 36 36 182 0 0 144 127 523 919 0 415 904 0 0 385 656 810 0 0 427 0 0 6 474 189 886 447 368 432 525 0 685 755 989 601 459 406 303 914 287 440 620 0 976 511 725 795 656 655 992 228 722 0 370 0 0 849 163 12 0 0 0 787 57 960 552 0 0 671 874 637 823 0 862 774 0 392 731 0 945 0 812 263 0 0 287 0 0 995 45 657 182 391 871 481 0 145 136 858 311 221 782 906 0 0 426 8 0 0 193 349 369 0 827 0 686 611 400 585 0 214 0 0 21 392 633 17 441 0 101 857 270 332 859 577 553 831 835 848 278 816 726 642 374 853 46 167 0 205 517 790 211 990 994 79 0 0 884 131 0 486 523 562 0 195 983 0 890 652 0 0 877 0 381 263 0 542 334 0 0 971 21 
580 0 602 0 0 713 444 871 868 330 409 559 11 586 367 890 592 0 0 116 882 334 988 282 908 211 542 902 0 348 31 869 0 370 0 326 0 0 0 863 0 0 543 0 539 404 0 0 871 386 0 907 0 798 0 284 946 163 0 170 0 26 202 695 994 710 724 720 989 160 194 250 695 570 112 176 142 313 203 777 256 857 117 0 871 964 470 0 849 632 774 78 0 962 216 524 568 511 89 73 87 704 599 336 0 0 0 211 640 596 10 730 883 261 988 287 26 420 149 0 316 88 271 762 951 584 204 714 866 0 449 434 33 0 0 974 663 0 248 180 0 368 775 0 754 194 872 835 0 0 872 857 0 126 0 254 0 505 572 738 0 542 893 608 900 360 0 0 496 382 97 798 142 644 0 47 0 523 45 0 876 53 570 868 0 35 607 0 0 203 0 337 986 245 653 147 267 503 470 0 0 724 665 0 0 822 42 909 419 875 798 0 271 536 503 410 0 0 735 678 261 123 0 23 840 284 282 948 0 0 638 
944 86 151 815 163 362 385 402 834 559 55 488 448 0 915 11 44 58 311 0 0 0 730 100 35 144 592 519 660 980 365 515 189 0 361 554 169 5 763 195 548 937 129 539 0 404 462 522 371 356 629 557 408 0 644 117 590 214 957 0 864 0 0 408 589 0 648 0 852 610 873 702 469 529 0 265 553 0 588 497 301 406 52 259 267 0 580 73 460 145 0 0 0 242 630 489 446 0 0 0 765 209 533 238 0 803 0 0 642 244 0 0 0 699 188 269 328 31 31 0 0 947 242 0 975 948 879 189 334 0 730 909 753 727 209 803 126 0 5 366 0 469 569 980 880 485 842 949 794 859 0 482 763 0 0 738 878 651 829 725 64 0 874 532 232 356 0 0 0 757 806 944 525 313 0 833 0 0 710 670 416 0 0 843 193 227 625 775 359 0 665 682 64 601 0 715 333 476 440 666 0 0 273 333 246 320 223 0 0 58 0 0 645 370 184 978 0 0 279 0 0 809 868 0 0 0 282 0 736 757 598 
0 404 186 0 0 221 934 143 979 998 651 943 990 517 626 19 166 987 0 361 499 70 299 462 0 579 0 0 644 342 901 0 0 271 116 982 0 0 788 0 976 0 527 404 404 0 585 788 0 904 29 0 420 0 0 0 881 0 946 582 354 472 533 572 651 76 251 355 905 406 568 404 945 466 520 691 380 818 0 0 0 786 121 582 918 0 47 59 252 800 85 32 916 20 712 348 531 0 394 106 338 627 222 376 573 898 793 381 973 0 827 974 149 0 406 687 474 343 0 0 3 0 0 537 247 260 6 389 538 323 0 391 473 933 77 0 516 0 67 465 0 751 266 565 0 743 567 0 576 663 0 437 0 759 0 0 66 68 96 811 524 0 77 188 0 0 333 910 159 0 0 0 0 824 913 274 893 0 635 0 849 763 379 682 493 0 0 532 955 143 312 0 429 269 84 260 952 574 697 812 459 210 90 0 760 0 0 0 582 0 95 0 966 0 0 0 0 317 272 0 688 0 550 594 0 847 40 647 44 508 890 
898 0 42 127 734 0 473 984 660 668 325 255 579 0 282 0 689 135 888 941 131 0 5 56 914 404 0 392 62 988 491 0 595 758 822 394 226 0 646 0 0 0 287 0 462 585 0 963 797 674 740 0 123 0 942 848 0 0 625 106 0 452 145 0 0 304 506 0 787 509 132 562 583 943 21 0 0 272 0 652 688 488 412 779 214 0 495 928 734 938 806 995 767 25 0 860 565 360 0 0 162 679 713 0 74 0 0 329 933 0 988 634 942 372 427 85 43 365 545 199 0 35 17 360 398 490 725 471 0 169 583 680 820 0 714 0 639 0 139 517 0 443 0 960 366 807 452 685 0 0 378 0 702 646 0 0 290 0 36 373 460 131 393 65 776 606 829 942 328 934 0 262 5 577 674 0 979 0 755 443 0 165 243 629 540 847 188 0 525 217 146 0 19 127 155 65 824 359 944 645 0 0 0 0 832 0 0 971 412 705 209 8 52 0 46 103 330 206 27 856 72 525 566 605 377 326 462 383 969 0 0 
0 4 575 564 0 241 246 0 64 0 837 520 470 0 0 791 456 896 836 0 0 298 360 305 69 680 463 0 0 982 831 718 311 359 0 211 741 790 0 0 617 671 968 0 522 788 963 0 654 0 267 516 0 0 236 275 789 0 623 478 574 475 564 897 191 262 801 340 53 152 587 891 264 0 99 128 745 506 739 0 0 0 557 232 910 767 240 0 179 0 0 0 0 289 451 514 168 0 0 188 755 0 268 0 159 917 636 0 0 225 0 209 397 427 333 0 577 227 5 353 544 87 865 0 586 465 0 626 0 370 0 876 0 932 777 462 896 277 0 196 0 0 0 375 137 300 340 772 256 0 0 0 612 855 26 0 0 968 382 0 44 131 32 965 0 940 522 920 106 0 0 457 0 0 430 747 121 539 884 345 945 0 177 722 501 998 0 719 521 297 804 849 176 0 0 319 248 977 0 0 812 682 851 106 342 27 931 0 321 240 902 227 493 0 913 0 759 0 605 202 439 472 0 478 380 232 0 847 20 0 340 
881 837 757 199 796 0 185 872 713 969 129 774 0 924 863 0 773 427 675 91 935 149 147 569 0 0 873 829 313 258 0 0 582 313 251 829 244 513 244 177 139 918 950 871 371 0 797 654 0 0 252 0 602 994 0 868 624 102 241 0 0 165 0 849 0 466 700 105 827 266 0 0 523 564 167 984 459 357 841 0 49 481 630 250 848 444 10 0 564 0 0 522 558 533 342 293 504 995 48 0 0 584 550 740 203 506 0 172 496 4 99 0 0 0 464 598 0 611 18 61 642 731 976 358 0 743 851 168 0 339 950 282 0 103 0 763 439 932 752 521 400 974 634 0 866 0 805 0 113 111 338 139 80 25 147 249 164 272 329 278 962 346 298 455 560 0 449 521 469 682 799 806 530 342 283 552 0 0 479 117 346 613 842 0 184 482 431 378 615 558 332 3 0 0 0 516 0 0 410 478 45 186 232 207 828 520 644 100 6 83 426 363 322 408 0 72 434 356 303 355 890 828 0 0 110 15 875 48 0 720 79 
812 0 0 0 353 0 0 416 0 714 224 23 421 909 0 117 365 390 0 733 311 331 99 730 242 507 0 546 0 0 788 969 0 0 8 296 164 793 671 0 526 0 36 386 356 904 674 0 0 0 604 0 0 43 0 0 0 0 0 133 0 717 135 321 936 485 523 92 108 701 794 137 0 280 53 0 95 0 988 693 661 855 480 996 0 736 907 144 199 0 899 486 818 892 126 358 385 887 714 828 69 0 314 0 0 0 0 942 0 0 898 296 419 469 675 785 560 282 74 821 500 33 0 0 961 0 960 658 598 0 0 0 0 741 0 23 249 693 948 0 0 0 717 416 796 647 678 850 642 0 54 927 376 360 0 0 986 0 0 94 74 229 303 987 47 208 0 0 0 0 0 0 260 898 452 0 938 859 820 863 909 859 241 863 911 90 0 0 0 329 457 194 712 450 324 0 590 594 840 57 157 737 203 0 870 243 0 627 381 0 416 713 508 209 47 826 578 664 0 790 319 858 512 346 962 0 0 261 463 847 797 
