0 235 27 91 611 0 914 517 608 819 733 785 0 0 721 878 0 284 983 612 0 155 753 0 524 354 0 699 526 301 486 0 0 71 344 300 720 639 406 590 469 145 302 0 741 954 680 4 669 0 0 576 648 76 815 987 514 120 480 820 762 349 379 495 595 137 452 337 547 411 377 832 401 0 50 307 627 
235 0 19 0 0 0 896 444 643 0 0 163 672 928 822 8 994 895 189 505 146 0 0 794 0 972 0 0 0 0 271 434 561 0 371 0 174 109 685 49 0 155 771 122 508 217 661 259 270 624 0 88 85 0 120 68 387 0 39 0 0 230 255 133 514 65 129 513 508 0 0 0 573 606 409 217 854 
27 19 0 73 0 108 0 0 430 0 0 515 135 678 706 248 608 0 702 0 0 65 846 988 290 731 0 0 266 687 0 0 292 716 0 276 0 496 124 541 301 68 983 581 0 0 887 652 127 939 220 0 537 10 0 0 253 360 118 522 13 39 270 451 0 779 836 22 637 618 44 56 0 0 480 0 634 
91 0 73 0 192 695 71 594 89 0 205 564 965 439 645 0 0 530 748 196 827 787 980 548 0 0 0 724 0 815 410 580 22 722 0 58 0 630 327 0 950 78 183 329 786 146 0 170 0 921 157 760 0 571 861 663 996 317 976 819 148 0 158 0 702 316 449 940 852 878 839 215 0 317 915 398 0 
611 0 0 192 0 706 401 792 721 0 437 0 0 0 680 422 0 181 323 274 461 0 160 582 0 125 490 895 964 0 0 0 681 0 366 559 367 893 0 589 181 638 159 234 0 403 834 535 719 573 628 477 0 706 782 792 0 688 589 175 374 869 123 61 852 370 588 360 562 857 990 497 798 418 0 0 275 
0 0 108 695 706 0 195 357 267 24 311 681 0 480 628 0 843 207 488 867 155 136 0 903 189 723 0 576 531 276 573 980 645 217 819 661 491 226 387 155 0 771 0 0 199 953 888 599 711 860 0 807 622 442 0 0 593 0 0 789 758 0 888 561 627 646 39 90 960 630 77 146 331 342 0 241 577 
914 896 0 71 401 195 0 398 0 285 575 253 0 546 536 478 710 0 658 565 414 692 945 556 527 786 622 0 471 140 76 234 0 123 320 473 244 0 0 956 872 52 860 319 55 666 34 874 847 666 757 253 812 709 750 695 345 0 0 0 840 580 865 535 0 0 688 530 160 0 22 705 333 0 56 580 349 
517 444 0 594 792 357 398 0 684 531 254 0 841 806 596 486 115 845 553 657 978 533 698 0 906 974 62 172 346 675 999 0 0 701 34 812 819 727 0 408 0 0 232 987 340 559 617 498 603 928 261 512 113 492 323 471 0 0 96 604 531 647 419 465 512 571 830 407 0 533 827 199 239 700 200 646 0 
608 643 430 89 721 267 0 684 0 271 95 0 719 0 507 295 65 0 999 3 383 871 467 0 55 227 893 659 748 91 933 0 637 0 382 0 0 0 976 824 293 203 0 248 858 757 904 39 685 808 248 0 398 0 78 851 681 0 876 422 394 578 409 160 371 109 989 470 822 501 729 593 705 317 464 863 881 
819 0 0 0 0 24 285 531 271 0 128 782 14 0 874 564 0 53 706 203 839 519 601 813 0 0 247 175 0 786 779 843 856 896 0 0 337 677 308 545 554 611 61 634 0 231 533 452 664 377 171 0 877 539 459 0 0 946 0 237 0 990 820 645 0 0 185 0 688 701 621 348 984 533 582 70 0 
733 0 0 205 437 311 575 254 95 128 0 451 484 0 392 886 934 307 0 780 399 0 0 57 87 0 71 344 0 0 0 0 420 0 0 633 912 165 326 956 708 918 0 0 0 44 663 767 0 0 541 872 896 120 56 93 566 508 991 0 658 335 512 516 796 0 852 493 872 987 0 138 0 715 0 829 504 
785 163 515 564 0 681 253 0 0 782 451 0 24 695 419 0 17 541 928 775 97 0 757 107 643 924 270 159 98 507 389 0 345 0 531 122 949 0 688 0 337 609 95 639 394 674 102 742 800 237 647 732 730 9 148 0 0 0 81 638 568 0 246 0 665 986 702 250 0 301 246 617 963 617 755 782 0 
0 672 135 965 0 0 0 841 719 14 484 24 0 29 267 617 280 31 388 0 524 222 315 0 0 217 0 948 515 792 829 0 491 732 939 0 0 104 736 826 354 0 532 0 217 206 537 444 0 329 0 668 0 591 0 643 0 50 983 185 0 834 49 91 766 322 291 32 798 0 27 0 428 424 0 430 821 
0 928 678 439 0 480 546 806 0 0 0 695 29 0 862 696 303 206 748 24 0 662 0 4 707 868 244 107 0 294 625 420 201 157 808 0 0 848 115 930 803 47 788 0 820 35 19 0 185 610 0 0 562 627 333 106 80 0 809 0 691 779 988 0 835 425 630 0 318 0 0 733 918 901 652 0 0 
721 822 706 645 680 628 536 596 507 874 392 419 267 862 0 417 516 811 0 458 0 144 18 645 186 219 383 656 537 278 389 0 701 880 390 829 889 0 74 826 738 0 0 0 614 0 803 570 0 386 999 0 698 0 336 0 337 0 137 591 840 379 0 959 382 526 473 621 713 890 913 470 146 24 286 490 425 
878 8 248 0 422 0 478 486 295 564 886 0 617 696 417 0 755 924 325 307 451 932 973 834 837 799 0 862 927 706 833 0 834 0 543 708 953 671 831 0 677 806 837 46 549 262 366 79 0 394 109 944 0 364 0 455 395 0 657 478 986 411 754 0 0 608 741 843 778 557 0 21 0 220 360 0 0 
0 994 608 0 0 843 710 115 65 0 934 17 280 303 516 755 0 131 369 647 0 964 0 232 454 0 0 314 400 858 363 398 150 605 0 675 784 65 165 862 581 452 189 313 571 270 360 802 969 293 42 35 895 0 290 162 486 763 0 311 250 883 539 0 47 686 988 0 0 67 270 908 797 0 987 844 806 
284 895 0 530 181 207 0 845 0 53 307 541 31 206 811 924 131 0 908 264 813 152 464 0 414 94 0 455 554 563 13 0 164 379 378 745 98 0 454 727 591 0 793 897 0 646 195 826 465 0 0 0 855 896 466 793 0 397 132 235 892 0 312 228 632 262 0 6 596 0 74 968 0 0 259 206 610 
983 189 702 748 323 488 658 553 999 706 0 928 388 748 0 325 369 908 0 894 0 862 0 2 434 454 851 233 0 109 0 502 527 5 680 280 776 457 534 380 940 465 788 298 317 964 223 988 673 27 275 470 54 867 0 96 482 760 757 213 149 82 281 218 0 0 0 0 796 624 969 177 433 0 971 714 655 
612 505 0 196 274 867 565 657 3 203 780 775 0 24 458 307 647 264 894 0 952 0 0 935 671 647 0 574 0 667 202 690 941 0 530 805 653 251 808 0 85 417 349 682 0 0 89 463 220 173 285 0 468 0 974 996 454 0 31 958 199 156 395 994 0 164 0 491 538 755 993 662 599 0 209 56 272 
0 146 0 827 461 155 414 978 383 839 399 97 524 0 0 451 0 813 0 952 0 39 860 273 0 42 193 89 807 7 230 855 347 843 0 0 199 575 29 128 0 0 151 355 607 204 788 767 0 860 995 835 335 290 0 263 0 471 399 767 0 182 0 40 0 215 632 353 497 893 0 304 90 319 889 266 430 
155 0 65 787 0 136 692 533 871 519 0 0 222 662 144 932 964 152 862 0 39 0 501 0 168 749 98 0 0 230 396 677 0 99 109 80 349 506 69 487 0 364 90 162 843 481 0 0 0 945 0 226 114 808 671 771 225 623 920 0 885 703 45 0 0 0 0 275 92 123 631 166 45 282 999 708 110 
753 0 846 980 160 0 945 698 467 601 0 757 315 0 18 973 0 464 0 0 860 501 0 0 454 825 0 641 0 0 896 170 791 0 941 520 684 385 0 0 0 976 31 534 203 851 367 222 614 0 0 823 0 828 0 643 138 987 838 808 124 474 189 0 820 0 351 41 425 0 587 0 865 905 439 0 687 
0 794 988 548 582 903 556 0 0 813 57 107 0 4 645 834 232 0 2 935 273 0 0 0 688 667 371 241 301 634 139 140 0 670 21 928 0 0 447 648 299 487 603 0 463 660 307 472 587 350 777 0 917 0 589 359 860 430 119 402 0 695 0 0 402 2 28 18 371 550 0 814 621 0 870 709 408 
524 0 290 0 0 189 527 906 55 0 87 643 0 707 186 837 454 414 434 671 0 168 454 688 0 851 0 606 215 170 840 410 304 321 369 585 870 964 0 24 750 777 930 0 633 83 730 0 863 810 29 0 927 442 217 301 0 952 457 321 0 195 706 431 57 0 573 312 385 0 267 50 76 723 904 111 758 
354 972 731 0 125 723 786 974 227 0 0 924 217 868 219 799 0 94 454 647 42 749 825 667 851 0 185 315 135 424 89 174 882 402 264 0 675 538 196 634 0 177 0 874 268 495 74 230 195 164 46 0 538 116 101 969 649 575 0 888 0 0 341 0 152 422 0 0 584 90 219 360 45 394 891 0 303 
0 0 0 0 490 0 622 62 893 247 71 270 0 244 383 0 0 0 851 0 193 98 0 371 0 185 0 384 0 0 564 780 0 688 584 789 45 872 2 0 638 0 545 122 857 870 639 0 118 0 0 0 441 0 682 265 536 0 306 0 471 0 572 0 538 830 575 348 415 605 333 711 0 835 833 660 99 
699 0 0 724 895 576 0 172 659 175 344 159 948 107 656 862 314 455 233 574 89 0 641 241 606 315 384 0 589 5 830 756 0 0 0 258 330 953 0 94 592 696 745 497 0 496 876 78 84 401 543 335 0 177 0 933 788 489 923 90 140 78 593 528 547 734 151 115 929 643 541 206 731 98 105 514 565 
526 0 266 0 964 531 471 346 748 0 0 98 515 0 537 927 400 554 0 0 807 0 0 301 215 135 0 589 0 740 580 139 429 0 464 376 763 105 902 767 423 746 0 0 535 0 432 38 604 251 914 223 143 659 936 244 508 784 0 0 988 912 90 223 701 950 0 898 253 261 0 391 0 0 813 0 63 
301 0 687 815 0 276 140 675 91 786 0 507 792 294 278 706 858 563 109 667 7 230 0 634 170 424 0 5 740 0 0 0 326 189 0 0 943 303 623 117 558 576 269 874 0 339 793 135 537 740 882 596 937 666 440 0 0 0 308 5 105 557 463 992 65 0 111 366 419 0 742 460 723 0 0 695 656 
486 271 0 410 0 573 76 999 933 779 0 389 829 625 389 833 363 13 0 202 230 396 896 139 840 89 564 830 580 0 0 0 444 989 264 0 536 48 984 0 0 660 752 848 417 85 909 0 0 367 77 439 816 890 513 422 344 646 196 439 539 0 157 834 0 484 702 0 314 0 531 400 906 0 291 72 91 
0 434 0 580 0 980 234 0 0 843 0 0 0 420 0 0 398 0 502 690 855 677 170 140 410 174 780 756 139 0 0 0 201 461 117 0 273 525 546 0 145 137 651 838 520 0 933 980 0 0 0 0 542 49 643 835 0 776 490 18 586 0 62 517 835 139 0 0 605 872 531 961 829 0 525 0 558 
0 561 292 22 681 645 0 0 637 856 420 345 491 201 701 834 150 164 527 941 347 0 791 0 304 882 0 0 429 326 444 201 0 785 0 0 320 0 909 194 88 400 577 561 428 0 502 997 398 746 940 350 411 0 0 193 177 266 0 0 519 0 0 0 821 739 969 928 300 0 247 0 0 292 70 672 854 
71 0 716 722 0 217 123 701 0 896 0 0 732 157 880 0 605 379 5 0 843 99 0 670 321 402 688 0 0 189 989 461 785 0 367 702 278 0 660 800 912 953 476 190 330 0 810 0 794 845 628 127 276 774 0 639 0 0 193 991 659 883 817 566 48 612 457 681 691 485 731 736 0 681 446 0 579 
344 371 0 0 366 819 320 34 382 0 0 531 939 808 390 543 0 378 680 530 0 109 941 21 369 264 584 0 464 0 264 117 0 367 0 471 480 123 793 0 388 170 525 816 211 781 183 0 871 311 0 477 0 14 696 412 0 0 974 838 0 228 0 694 84 0 0 989 729 170 897 0 571 224 930 508 854 
300 0 276 58 559 661 473 812 0 0 633 122 0 0 829 708 675 745 280 805 0 80 520 928 585 0 789 258 376 0 0 0 0 702 471 0 588 30 971 0 462 0 0 0 250 474 0 321 641 0 853 962 659 766 791 495 635 360 987 651 0 333 383 0 892 0 560 685 967 611 460 252 988 461 979 0 427 
720 174 0 0 367 491 244 819 0 337 912 949 0 0 889 953 784 98 776 653 199 349 684 0 870 675 45 330 763 943 536 273 320 278 480 588 0 870 384 135 0 124 936 288 123 199 906 0 0 659 212 243 465 127 490 751 568 0 62 829 962 448 292 875 21 555 0 369 331 606 698 569 531 216 0 0 977 
639 109 496 630 893 226 0 727 0 677 165 0 104 848 0 671 65 0 457 251 575 506 385 0 964 538 872 953 105 303 48 525 0 0 123 30 870 0 650 769 854 915 110 717 291 0 164 327 548 336 0 918 0 0 0 774 808 198 967 298 161 414 934 0 304 65 763 930 607 574 0 0 483 0 962 959 329 
406 685 124 327 0 387 0 0 976 308 326 688 736 115 74 831 165 454 534 808 29 69 0 447 0 196 2 0 902 623 984 546 909 660 793 971 384 650 0 45 70 57 374 0 935 412 570 318 0 974 573 256 124 755 690 102 0 324 0 542 328 0 912 193 0 0 0 457 699 0 0 692 443 704 790 205 160 
590 49 541 0 589 155 956 408 824 545 956 0 826 930 826 0 862 727 380 0 128 487 0 648 24 634 0 94 767 117 0 0 194 800 0 0 135 769 45 0 118 736 602 0 653 31 0 292 408 0 0 822 893 150 0 903 942 0 136 316 784 220 735 0 669 0 967 717 0 248 556 212 542 196 0 164 214 
469 0 301 950 181 0 872 0 293 554 708 337 354 803 738 677 581 591 940 85 0 0 0 299 750 0 638 592 423 558 0 145 88 912 388 462 0 854 70 118 0 729 19 0 294 725 300 0 760 477 871 123 289 763 640 389 0 0 602 478 680 0 706 0 0 869 340 0 0 717 0 861 702 656 0 306 994 
145 155 68 78 638 771 52 0 203 611 918 609 0 47 0 806 452 0 465 417 0 364 976 487 777 177 0 696 746 576 660 137 400 953 170 0 124 915 57 736 729 0 419 845 248 0 17 0 122 856 181 795 733 0 0 623 110 0 163 321 0 416 409 179 414 768 449 403 0 0 417 605 995 350 442 0 797 
302 771 983 183 159 0 860 232 0 61 0 95 532 788 0 837 189 793 788 349 151 90 31 603 930 0 545 745 0 269 752 651 577 476 525 0 936 110 374 602 19 419 0 653 0 0 0 794 131 863 47 418 166 80 47 605 36 369 0 236 980 89 911 743 76 258 902 580 0 0 62 200 910 634 753 0 481 
0 122 581 329 234 0 319 987 248 634 0 639 0 0 0 46 313 897 298 682 355 162 534 0 0 874 122 497 0 874 848 838 561 190 816 0 288 717 0 0 0 845 653 0 666 257 229 559 0 0 201 706 0 876 0 0 546 131 536 250 385 0 0 759 940 694 135 409 426 892 527 324 0 0 0 727 0 
741 508 0 786 0 199 55 340 858 0 0 394 217 820 614 549 571 0 317 0 607 843 203 463 633 268 857 0 535 0 417 520 428 330 211 250 123 291 935 653 294 248 0 666 0 309 0 858 358 625 574 0 588 0 867 788 429 651 0 0 194 132 26 139 951 853 109 270 322 418 419 0 587 695 173 394 819 
954 217 0 146 403 953 666 559 757 231 44 674 206 35 0 262 270 646 964 0 204 481 851 660 83 495 870 496 0 339 85 0 0 0 781 474 199 0 412 31 725 0 0 257 309 0 0 739 360 471 929 0 0 0 0 0 0 625 0 0 484 114 887 180 561 0 0 162 0 397 511 557 623 389 95 721 879 
680 661 887 0 834 888 34 617 904 533 663 102 537 19 803 366 360 195 223 89 788 0 367 307 730 74 639 876 432 793 909 933 502 810 183 0 906 164 570 0 300 17 0 229 0 0 0 0 70 925 0 392 0 60 0 0 0 827 561 775 0 234 357 812 469 968 778 17 566 767 615 0 0 311 890 468 560 
4 259 652 170 535 599 874 498 39 452 767 742 444 0 570 79 802 826 988 463 767 0 222 472 0 230 0 78 38 135 0 980 997 0 0 321 0 327 318 292 0 0 794 559 858 739 0 0 80 365 816 958 781 986 0 0 684 0 901 336 0 0 856 791 910 948 64 229 165 508 795 0 919 830 536 837 508 
669 270 127 0 719 711 847 603 685 664 0 800 0 185 0 0 969 465 673 220 0 0 614 587 863 195 118 84 604 537 0 0 398 794 871 641 0 548 0 408 760 122 131 0 358 360 70 80 0 287 450 0 918 787 147 0 860 0 60 477 908 795 640 163 139 616 495 895 752 852 209 271 0 0 733 850 748 
0 624 939 921 573 860 666 928 808 377 0 237 329 610 386 394 293 0 27 173 860 945 0 350 810 164 0 401 251 740 367 0 746 845 311 0 659 336 974 0 477 856 863 0 625 471 925 365 287 0 77 308 463 0 445 641 341 938 448 48 575 423 372 626 503 0 19 0 191 0 407 0 887 486 387 139 546 
0 0 220 157 628 0 757 261 248 171 541 647 0 0 999 109 42 0 275 285 995 0 0 777 29 46 0 543 914 882 77 0 940 628 0 853 212 0 573 0 871 181 47 201 574 929 0 816 450 77 0 749 899 851 888 718 98 0 903 0 0 0 647 0 923 419 284 757 7 0 22 780 425 80 0 938 653 
576 88 0 760 477 807 253 512 0 0 872 732 668 0 0 944 35 0 470 0 835 226 823 0 0 0 0 335 223 596 439 0 350 127 477 962 243 918 256 822 123 795 418 706 0 0 392 958 0 308 749 0 454 738 577 316 889 0 312 330 901 332 478 14 150 220 0 0 853 0 0 202 846 0 0 465 0 
648 85 537 0 0 622 812 113 398 877 896 730 0 562 698 0 895 855 54 468 335 114 0 917 927 538 441 0 143 937 816 542 411 276 0 659 465 0 124 893 289 733 166 0 588 0 0 781 918 463 899 454 0 343 0 827 95 349 71 787 0 723 0 594 701 531 65 683 423 990 212 168 943 743 122 0 596 
76 0 10 571 706 442 709 492 0 539 120 9 591 627 0 364 0 896 867 0 290 808 828 0 442 116 0 177 659 666 890 49 0 774 14 766 127 0 755 150 763 0 80 876 0 0 60 986 787 0 851 738 343 0 279 380 407 739 0 0 0 0 71 93 0 407 648 110 153 846 450 204 685 162 0 0 911 
815 120 0 861 782 0 750 323 78 459 56 148 0 333 336 0 290 466 0 974 0 671 0 589 217 101 682 0 936 440 513 643 0 0 696 791 490 0 690 0 640 0 47 0 867 0 0 0 147 445 888 577 0 279 0 408 0 737 91 167 0 592 73 144 741 319 837 866 0 0 140 0 241 431 0 0 738 
987 68 0 663 792 0 695 471 851 0 93 0 643 106 0 455 162 793 96 996 263 771 643 359 301 969 265 933 244 0 422 835 193 639 412 495 751 774 102 903 389 623 605 0 788 0 0 0 0 641 718 316 827 380 408 0 500 0 715 0 734 791 397 0 568 572 410 89 0 207 0 77 0 170 319 0 116 
514 387 253 996 0 593 345 0 681 0 566 0 0 80 337 395 486 0 482 454 0 225 138 860 0 649 536 788 508 0 344 0 177 0 0 635 568 808 0 942 0 110 36 546 429 0 0 684 860 341 98 889 95 407 0 500 0 6 0 247 698 225 119 894 0 634 0 0 846 656 609 592 417 650 168 452 879 
120 0 360 317 688 0 0 0 0 946 508 0 50 0 0 0 763 397 760 0 471 623 987 430 952 575 0 489 784 0 646 776 266 0 0 360 0 198 324 0 0 0 369 131 651 625 827 0 0 938 0 0 349 739 737 0 6 0 0 0 0 136 0 193 208 505 773 28 802 0 761 62 0 0 0 425 923 
480 39 118 976 589 0 0 96 876 0 991 81 983 809 137 657 0 132 757 31 399 920 838 119 457 0 306 923 0 308 196 490 0 193 974 987 62 967 0 136 602 163 0 536 0 0 561 901 60 448 903 312 71 0 91 715 0 0 0 0 186 627 121 756 206 937 0 8 909 252 0 625 461 844 233 0 111 
820 0 522 819 175 789 0 604 422 237 0 638 185 0 591 478 311 235 213 958 767 0 808 402 321 888 0 90 0 5 439 18 0 991 838 651 829 298 542 316 478 321 236 250 0 0 775 336 477 48 0 330 787 0 167 0 247 0 0 0 358 427 0 765 110 709 199 546 472 406 0 0 15 0 62 310 423 
762 0 13 148 374 758 840 531 394 0 658 568 0 691 840 986 250 892 149 199 0 885 124 0 0 0 471 140 988 105 539 586 519 659 0 0 962 161 328 784 680 0 980 385 194 484 0 0 908 575 0 901 0 0 0 734 698 0 186 358 0 228 513 751 0 122 995 172 584 526 93 0 818 417 8 0 728 
349 230 39 0 869 0 580 647 578 990 335 0 834 779 379 411 883 0 82 156 182 703 474 695 195 0 0 78 912 557 0 0 0 883 228 333 448 414 0 220 0 416 89 0 132 114 234 0 795 423 0 332 723 0 592 791 225 136 627 427 228 0 0 497 582 413 92 46 970 158 877 409 933 996 0 96 0 
379 255 270 158 123 888 865 419 409 820 512 246 49 988 0 754 539 312 281 395 0 45 189 0 706 341 572 593 90 463 157 62 0 817 0 383 292 934 912 735 706 409 911 0 26 887 357 856 640 372 647 478 0 71 73 397 119 0 121 0 513 0 0 625 197 642 778 791 863 675 0 646 0 995 718 0 329 
495 133 451 0 61 561 535 465 160 645 516 0 91 0 959 0 0 228 218 994 40 0 0 0 431 0 0 528 223 992 834 517 0 566 694 0 875 0 193 0 0 179 743 759 139 180 812 791 163 626 0 14 594 93 144 0 894 193 756 765 751 497 625 0 0 126 141 824 0 0 219 189 628 0 600 0 321 
595 514 0 702 852 627 0 512 371 0 796 665 766 835 382 0 47 632 0 0 0 0 820 402 57 152 538 547 701 65 0 835 821 48 84 892 21 304 0 669 0 414 76 940 951 561 469 910 139 503 923 150 701 0 741 568 0 208 206 110 0 582 197 0 0 465 947 684 0 876 865 47 114 0 250 158 0 
137 65 779 316 370 646 0 571 109 0 0 986 322 425 526 608 686 262 0 164 215 0 0 2 0 422 830 734 950 0 484 139 739 612 0 0 555 65 0 0 869 768 258 694 853 0 968 948 616 0 419 220 531 407 319 572 634 505 937 709 122 413 642 126 465 0 0 578 0 0 582 251 106 989 0 391 28 
452 129 836 449 588 39 688 830 989 185 852 702 291 630 473 741 988 0 0 0 632 0 351 28 573 0 575 151 0 111 702 0 969 457 0 560 0 763 0 967 340 449 902 135 109 0 778 64 495 19 284 0 65 648 837 410 0 773 0 199 995 92 778 141 947 0 0 577 717 165 0 989 424 130 0 973 0 
337 513 22 940 360 90 530 407 470 0 493 250 32 0 621 843 0 6 0 491 353 275 41 18 312 0 348 115 898 366 0 0 928 681 989 685 369 930 457 717 0 403 580 409 270 162 17 229 895 0 757 0 683 110 866 89 0 28 8 546 172 46 791 824 684 578 577 0 94 651 999 429 694 686 0 84 729 
547 508 637 852 562 960 160 0 822 688 872 0 798 318 713 778 0 596 796 538 497 92 425 371 385 584 415 929 253 419 314 605 300 691 729 967 331 607 699 0 0 0 0 426 322 0 566 165 752 191 7 853 423 153 0 0 846 802 909 472 584 970 863 0 0 0 717 94 0 0 496 0 285 574 1 789 423 
411 0 618 878 857 630 0 533 501 701 987 301 0 0 890 557 67 0 624 755 893 123 0 550 0 90 605 643 261 0 0 872 0 485 170 611 606 574 0 248 717 0 0 892 418 397 767 508 852 0 0 0 990 846 0 207 656 0 252 406 526 158 675 0 876 0 165 651 0 0 146 11 0 354 0 48 599 
377 0 44 839 990 77 22 827 729 621 0 246 27 0 913 0 270 74 969 993 0 631 587 0 267 219 333 541 0 742 531 531 247 731 897 460 698 0 0 556 0 417 62 527 419 511 615 795 209 407 22 0 212 450 140 0 609 761 0 0 93 877 0 219 865 582 0 999 496 146 0 436 0 104 372 744 0 
832 0 56 215 497 146 705 199 593 348 138 617 0 733 470 21 908 968 177 662 304 166 0 814 50 360 711 206 391 460 400 961 0 736 0 252 569 0 692 212 861 605 200 324 0 557 0 0 271 0 780 202 168 204 0 77 592 62 625 0 0 409 646 189 47 251 989 429 0 11 436 0 374 119 71 916 0 
401 573 0 0 798 331 333 239 705 984 0 963 428 918 146 0 797 0 433 599 90 45 865 621 76 45 0 731 0 723 906 829 0 0 571 988 531 483 443 542 702 995 910 0 587 623 0 919 0 887 425 846 943 685 241 0 417 0 461 15 818 933 0 628 114 106 424 694 285 0 0 374 0 0 494 894 38 
0 606 0 317 418 342 0 700 317 533 715 617 424 901 24 220 0 0 0 0 319 282 905 0 723 394 835 98 0 0 0 0 292 681 224 461 216 0 704 196 656 350 634 0 695 389 311 830 0 486 80 0 743 162 431 170 650 0 844 0 417 996 995 0 0 989 130 686 574 354 104 119 0 0 713 674 0 
50 409 480 915 0 0 56 200 464 582 0 755 0 652 286 360 987 259 971 209 889 999 439 870 904 891 833 105 813 0 291 525 70 446 930 979 0 962 790 0 0 442 753 0 173 95 890 536 733 387 0 0 122 0 0 319 168 0 233 62 8 0 718 600 250 0 0 0 1 0 372 71 494 713 0 350 0 
307 217 0 398 0 241 580 646 863 70 829 782 430 0 490 0 844 206 714 56 266 708 0 709 111 0 660 514 0 695 72 0 672 0 508 0 0 959 205 164 306 0 0 727 394 721 468 837 850 139 938 465 0 0 0 0 452 425 0 310 0 96 0 0 158 391 973 84 789 48 744 916 894 674 350 0 319 
627 854 634 0 275 577 349 0 881 0 504 0 821 0 425 0 806 610 655 272 430 110 687 408 758 303 99 565 63 656 91 558 854 579 854 427 977 329 160 214 994 797 481 0 819 879 560 508 748 546 653 0 596 911 738 116 879 923 111 423 728 0 329 321 0 28 0 729 423 599 0 0 38 0 0 319 0 
