0 0 582 715 763 477 267 141 399 610 819 0 654 675 0 395 0 579 512 64 638 84 424 203 214 547 762 0 118 609 272 0 634 758 86 71 0 40 0 0 84 866 617 0 164 0 743 778 503 304 0 0 0 847 354 891 992 999 454 439 922 789 0 83 689 0 0 0 0 0 360 68 183 227 169 540 929 0 52 0 0 885 106 392 618 811 993 960 0 339 575 0 0 52 57 831 0 26 
0 0 799 560 330 532 0 869 754 959 365 647 709 943 558 863 231 0 0 126 429 0 34 988 418 648 571 0 382 545 0 966 756 114 951 2 439 873 0 0 994 999 606 390 795 186 652 279 589 613 892 364 166 562 394 0 187 808 636 572 822 981 14 152 270 596 0 0 0 0 836 0 0 488 512 0 0 944 688 867 44 364 283 375 0 643 0 261 0 259 155 0 0 881 971 0 494 534 
582 799 0 551 325 874 668 56 438 130 0 200 0 14 93 110 0 723 638 0 426 0 0 0 20 801 153 562 229 756 624 653 700 0 817 908 659 939 41 158 932 748 0 0 316 152 786 19 793 10 638 486 0 0 46 0 430 0 36 136 767 691 0 744 0 0 663 635 0 0 224 572 964 174 360 401 323 641 103 294 283 477 0 529 638 49 354 885 0 127 453 167 0 0 259 0 0 340 
715 560 551 0 502 739 277 234 880 326 0 660 396 802 123 226 229 380 8 950 512 480 536 0 601 875 0 0 933 789 809 317 577 598 839 803 0 729 497 730 867 863 0 759 162 4 0 764 215 788 848 318 513 477 857 401 432 517 311 976 85 71 0 666 0 393 814 381 331 0 894 316 862 0 317 296 827 235 942 0 0 687 0 0 0 668 730 882 695 0 0 42 851 15 0 956 159 311 
763 330 325 502 0 622 351 0 0 565 649 63 483 759 88 0 710 760 731 871 904 384 415 98 429 912 319 0 527 12 522 66 890 161 0 0 539 407 732 815 979 970 904 837 55 698 384 282 936 0 0 0 0 305 0 378 566 576 222 291 186 262 0 994 316 198 151 0 0 887 706 252 409 0 764 360 0 668 0 923 0 0 0 324 750 476 574 0 651 555 986 675 269 0 959 572 318 954 
477 532 874 739 622 0 551 997 112 0 672 505 498 0 577 0 509 706 180 545 0 200 848 164 318 849 62 803 920 468 599 4 55 0 960 539 480 65 555 744 250 803 939 242 758 80 507 0 0 0 702 0 0 921 257 432 720 875 133 0 960 492 0 578 767 967 764 541 434 501 16 416 577 0 312 718 388 0 919 0 0 0 0 956 0 795 627 336 590 0 434 414 504 816 0 0 0 585 
267 0 668 277 351 551 0 624 850 0 0 919 219 285 0 0 0 19 0 0 0 344 618 407 0 421 0 321 713 456 381 0 0 0 0 249 0 776 0 503 0 0 467 604 343 855 0 0 920 595 494 15 149 605 673 265 337 129 0 0 206 0 463 608 30 0 0 9 0 0 144 809 960 340 325 206 0 0 0 328 594 223 452 566 864 84 76 636 158 961 0 0 656 386 642 424 346 872 
141 869 56 234 0 997 624 0 48 309 754 0 745 0 329 304 886 59 23 285 886 0 639 907 595 144 524 415 931 214 0 265 0 346 642 0 873 701 723 250 28 0 0 633 0 885 0 504 310 527 618 140 812 448 0 823 569 400 816 604 98 152 0 711 585 805 653 752 799 349 0 0 329 992 76 118 0 719 701 699 0 753 0 568 889 0 661 0 517 17 141 829 300 721 0 422 680 400 
399 754 438 880 0 112 850 48 0 780 785 0 559 641 0 106 504 121 0 20 832 857 0 133 862 895 472 980 903 805 0 751 4 662 833 79 783 0 509 334 255 518 0 380 0 247 643 352 972 300 541 678 150 0 587 587 0 0 386 645 299 106 921 803 498 426 0 604 883 3 683 20 363 0 321 691 474 0 58 574 0 270 0 839 730 191 836 396 581 17 131 0 807 418 678 692 0 0 
610 959 130 326 565 0 0 309 780 0 735 0 56 165 483 0 0 0 628 0 0 695 0 996 706 469 703 71 0 0 623 0 260 0 443 0 550 227 50 713 0 0 675 32 997 902 687 720 0 90 691 339 262 769 241 0 0 10 691 388 854 43 672 914 173 36 338 826 0 15 516 382 96 0 0 892 892 493 837 0 520 906 744 441 0 416 541 742 767 620 399 615 264 0 0 194 431 0 
819 365 0 0 649 672 0 754 785 735 0 0 728 394 0 0 0 616 941 0 57 200 739 465 656 531 0 55 505 0 0 944 764 0 171 0 0 134 796 0 206 907 19 758 501 255 261 0 0 52 627 302 938 92 373 185 71 755 413 0 0 759 222 0 0 0 481 370 696 948 852 859 460 578 0 0 278 978 0 315 6 262 0 967 576 573 556 889 975 242 632 0 0 0 213 527 205 0 
0 647 200 660 63 505 919 0 0 0 0 0 823 846 0 443 38 956 69 924 873 122 304 734 0 90 843 367 808 679 222 195 0 325 318 949 923 752 389 283 10 360 773 225 118 0 33 173 131 919 751 34 255 573 806 482 865 74 413 835 954 0 0 38 892 218 880 115 0 45 535 389 428 484 224 258 441 289 687 327 944 0 966 623 219 448 0 90 0 0 773 3 348 336 960 371 299 906 
654 709 0 396 483 498 219 745 559 56 728 823 0 567 0 486 0 0 610 426 574 484 0 0 650 111 0 116 842 236 958 196 360 0 925 326 630 0 0 942 275 0 918 0 0 190 781 753 0 859 409 569 0 400 0 647 465 132 804 0 67 546 143 0 0 624 426 962 334 255 654 163 820 0 335 23 851 85 875 579 432 661 265 974 930 107 319 700 803 8 833 0 847 87 910 0 18 656 
675 943 14 802 759 0 285 0 641 165 394 846 567 0 229 0 922 363 358 0 730 747 94 0 8 931 906 90 393 914 0 576 0 0 0 456 496 271 28 342 167 226 916 629 449 603 0 0 487 367 403 0 507 333 0 425 968 754 7 863 308 943 300 970 143 562 138 0 797 662 769 525 88 414 855 302 804 565 322 346 949 0 0 134 73 931 483 332 0 347 167 745 442 832 62 0 0 958 
0 558 93 123 88 577 0 329 0 483 0 0 0 229 0 581 536 929 171 2 284 464 723 236 319 119 161 333 0 514 0 0 0 192 49 103 985 200 0 443 822 151 641 645 486 328 375 498 234 895 650 818 0 0 873 452 895 0 580 0 0 166 467 699 250 148 654 914 0 0 390 809 0 256 730 121 327 747 27 703 1 24 388 696 0 587 924 46 0 482 989 936 0 870 966 0 273 867 
395 863 110 226 0 0 0 304 106 0 0 443 486 0 581 0 921 231 0 890 0 348 783 607 0 0 538 415 149 997 276 53 0 0 712 183 666 868 667 746 366 464 980 855 0 390 586 103 0 806 421 708 0 564 410 295 101 220 25 679 0 687 561 613 0 447 0 0 402 71 0 42 0 315 932 924 63 0 547 0 158 956 0 0 914 832 0 19 494 931 0 447 907 199 363 0 0 0 
0 231 0 229 710 509 0 886 504 0 0 38 0 922 536 921 0 416 312 781 813 247 0 0 909 810 958 322 71 904 0 898 180 0 106 263 622 0 176 239 0 0 897 91 656 923 176 94 0 719 66 0 826 0 25 457 898 366 660 446 0 0 255 0 99 340 0 0 462 400 0 383 421 383 884 361 0 100 0 458 750 0 74 831 0 945 0 96 107 87 0 777 510 172 0 665 308 726 
579 0 723 380 760 706 19 59 121 0 616 956 0 363 929 231 416 0 0 0 146 968 474 474 241 943 509 414 683 0 658 0 24 43 422 658 877 0 61 435 210 285 491 787 349 805 71 0 22 0 826 310 3 959 610 934 0 417 471 697 238 202 0 0 634 986 170 0 0 713 466 0 0 0 252 136 894 0 0 0 157 0 314 193 0 339 370 0 588 173 811 343 817 673 615 359 721 288 
512 0 638 8 731 180 0 23 0 628 941 69 610 358 171 0 312 0 0 0 0 0 0 0 427 92 925 31 153 0 642 39 0 686 142 690 346 969 51 523 748 743 591 0 823 347 0 436 234 780 856 385 0 914 0 832 961 488 222 786 635 347 228 824 472 0 699 0 0 206 38 505 215 330 179 372 366 827 30 862 0 0 829 746 0 722 419 0 0 282 0 373 342 0 719 485 534 191 
64 126 0 950 871 545 0 285 20 0 0 924 426 0 2 890 781 0 0 0 44 331 523 974 530 803 0 600 278 0 0 918 295 706 0 0 174 873 517 0 46 652 694 267 447 0 0 534 669 803 655 0 372 0 865 592 958 770 0 0 584 538 760 53 0 490 885 98 400 190 352 232 353 189 128 816 626 370 194 580 48 615 0 225 328 14 621 271 0 521 226 0 775 916 702 614 149 413 
638 429 426 512 904 0 0 886 832 0 57 873 574 730 284 0 813 146 0 44 0 127 84 753 671 836 820 635 506 942 0 960 67 0 204 981 895 0 531 836 400 0 608 771 97 467 0 565 466 164 935 0 524 131 942 814 742 316 134 554 386 0 239 33 523 117 666 707 48 708 0 0 0 419 286 159 190 124 264 0 899 742 0 0 115 0 0 495 827 270 711 674 0 385 573 0 0 832 
84 0 0 480 384 200 344 0 857 695 200 122 484 747 464 348 247 968 0 331 127 0 0 0 0 320 0 293 453 759 501 876 291 0 573 191 0 919 393 21 569 187 0 167 730 0 653 581 433 800 0 0 171 961 598 606 0 106 369 738 192 188 237 920 501 718 0 263 0 639 863 19 459 0 18 758 0 821 387 179 0 0 879 138 0 343 408 296 0 8 149 437 914 847 916 841 0 573 
424 34 0 536 415 848 618 639 0 0 739 304 0 94 723 783 0 474 0 523 84 0 0 271 0 34 642 768 0 755 90 987 318 71 225 0 0 0 0 547 760 0 399 27 301 558 288 0 200 524 94 580 222 0 478 318 27 287 782 355 849 0 850 0 550 0 507 704 119 522 547 985 894 953 335 702 413 882 0 502 543 66 0 0 749 281 717 994 0 392 905 0 805 799 0 186 654 423 
203 988 0 0 98 164 407 907 133 996 465 734 0 0 236 607 0 474 0 974 753 0 271 0 668 0 835 303 178 281 438 571 790 240 891 555 645 44 218 0 4 720 512 169 347 36 945 909 693 917 319 0 331 718 0 0 0 708 651 56 371 0 445 758 0 171 899 547 31 524 337 116 956 704 34 0 968 23 391 312 196 304 476 0 827 0 316 0 0 159 565 0 0 40 338 0 401 7 
214 418 20 601 429 318 0 595 862 706 656 0 650 8 319 0 909 241 427 530 671 0 0 668 0 207 369 709 725 146 306 915 303 193 0 190 854 554 0 537 933 0 96 43 364 924 0 138 43 0 960 383 565 0 28 420 75 0 267 0 194 873 488 542 558 0 67 307 0 791 356 745 254 0 312 29 348 738 653 0 0 0 26 631 442 0 0 772 739 104 874 0 0 80 903 0 0 921 
547 648 801 875 912 849 421 144 895 469 531 90 111 931 119 0 810 943 92 803 836 320 34 0 207 0 494 834 998 298 0 768 0 0 26 987 418 405 0 645 221 458 0 275 924 0 0 990 318 834 607 0 0 246 193 929 0 343 53 329 990 0 437 0 0 0 659 736 263 878 862 668 528 0 392 142 938 778 36 923 635 237 474 0 337 124 934 952 274 465 0 93 0 116 544 310 863 419 
762 571 153 0 319 62 0 524 472 703 0 843 0 906 161 538 958 509 925 0 820 0 642 835 369 494 0 564 140 152 989 0 0 704 667 0 893 809 587 939 966 838 956 0 0 623 286 766 91 0 0 390 550 364 273 332 343 550 441 820 900 0 0 923 0 150 131 936 723 0 0 39 0 908 557 25 0 785 953 519 902 359 630 408 0 51 57 0 0 0 209 922 0 175 982 31 244 529 
0 0 562 0 0 803 321 415 980 71 55 367 116 90 333 415 322 414 31 600 635 293 768 303 709 834 564 0 0 0 730 15 773 353 334 270 111 589 967 900 374 807 699 0 0 0 0 627 0 931 151 0 267 396 0 0 147 313 224 476 331 35 926 735 396 857 642 673 0 0 0 280 281 585 0 82 0 511 957 838 846 0 546 0 0 782 253 273 535 994 74 0 329 0 255 207 345 0 
118 382 229 933 527 920 713 931 903 0 505 808 842 393 0 149 71 683 153 278 506 453 0 178 725 998 140 0 0 239 0 544 0 0 510 0 0 405 197 767 0 0 584 429 641 992 103 0 337 0 0 378 168 252 347 898 454 0 0 0 425 0 0 324 586 730 951 0 0 640 563 141 402 581 254 0 0 458 558 0 131 837 70 0 715 701 0 0 372 854 0 300 0 510 74 630 511 133 
609 545 756 789 12 468 456 214 805 0 0 679 236 914 514 997 904 0 0 0 942 759 755 281 146 298 152 0 239 0 0 990 0 763 808 0 0 114 356 933 152 0 577 56 0 591 392 177 579 355 0 815 0 0 891 320 231 0 575 321 910 461 234 122 395 768 420 90 703 388 739 627 577 647 559 0 402 807 381 217 644 807 21 377 361 220 94 55 0 0 0 564 915 511 535 979 74 993 
272 0 624 809 522 599 381 0 0 623 0 222 958 0 0 276 0 658 642 0 0 501 90 438 306 0 989 730 0 0 0 179 0 235 44 666 0 409 666 469 227 194 0 364 834 849 799 183 98 695 103 40 409 491 199 758 771 309 0 0 561 305 684 0 0 256 96 868 166 0 628 813 43 726 0 0 326 0 901 0 45 815 667 70 143 368 419 30 492 996 468 243 0 750 104 0 529 105 
0 966 653 317 66 4 0 265 751 0 944 195 196 576 0 53 898 0 39 918 960 876 987 571 915 768 0 15 544 990 179 0 0 127 269 512 768 903 525 385 517 555 281 278 0 274 898 522 427 155 89 0 719 891 767 591 986 306 448 0 0 898 999 728 0 691 639 669 0 71 167 0 567 245 455 231 9 125 231 174 544 127 481 281 782 274 173 0 878 350 0 0 0 131 363 644 299 868 
634 756 700 577 890 55 0 0 4 260 764 0 360 0 0 0 180 24 0 295 67 291 318 790 303 0 0 773 0 0 0 0 0 785 472 758 733 843 591 682 588 183 393 0 305 958 0 0 501 0 0 0 0 684 796 16 0 811 213 0 0 0 0 316 0 446 504 645 629 686 985 863 173 917 166 293 958 457 755 0 253 0 0 0 655 0 0 990 0 779 0 2 757 509 736 0 356 272 
758 114 0 598 161 0 0 346 662 0 0 325 0 0 192 0 0 43 686 706 0 0 71 240 193 0 704 353 0 763 235 127 785 0 314 0 0 532 58 206 0 428 150 0 228 845 914 105 60 0 0 894 0 0 283 383 203 0 367 394 946 0 170 963 0 13 500 153 753 356 758 0 117 537 0 295 0 0 0 582 286 451 0 263 0 0 0 341 43 714 0 193 0 0 0 0 51 301 
86 951 817 839 0 960 0 642 833 443 171 318 925 0 49 712 106 422 142 0 204 573 225 891 0 26 667 334 510 808 44 269 472 314 0 698 0 0 192 62 0 0 638 231 0 811 0 780 699 0 671 0 0 360 977 552 603 496 727 203 913 781 154 906 46 261 676 0 798 992 302 853 15 250 423 0 430 921 938 0 712 767 510 983 771 353 738 0 874 612 817 0 0 807 814 855 915 74 
71 2 908 803 0 539 249 0 79 0 0 949 326 456 103 183 263 658 690 0 981 191 0 555 190 987 0 270 0 0 666 512 758 0 698 0 432 333 881 132 684 385 464 994 72 336 451 0 680 0 714 192 0 0 998 715 392 11 460 0 797 834 637 387 465 872 681 0 526 94 857 0 817 148 847 0 170 0 867 759 0 628 235 435 0 572 0 589 0 181 0 176 160 0 565 411 0 780 
0 439 659 0 539 480 0 873 783 550 0 923 630 496 985 666 622 877 346 174 895 0 0 645 854 418 893 111 0 0 0 768 733 0 0 432 0 0 0 285 737 675 181 0 317 402 393 739 0 698 485 297 556 165 0 406 612 829 192 0 160 0 727 389 909 630 672 392 585 130 385 437 657 197 720 591 408 93 781 0 584 955 0 0 0 0 706 0 0 0 0 0 983 820 613 865 0 236 
40 873 939 729 407 65 776 701 0 227 134 752 0 271 200 868 0 0 969 873 0 919 0 44 554 405 809 589 405 114 409 903 843 532 0 333 0 0 342 961 999 477 727 410 352 360 447 0 513 541 114 600 271 913 955 107 0 967 0 3 664 772 868 257 543 106 525 955 307 0 0 344 311 0 264 635 0 129 264 207 753 0 602 868 536 492 610 0 602 707 0 0 794 403 566 982 216 309 
0 0 41 497 732 555 0 723 509 50 796 389 0 28 0 667 176 61 51 517 531 393 0 218 0 0 587 967 197 356 666 525 591 58 192 881 0 342 0 373 386 197 430 440 386 0 853 0 370 426 959 738 16 115 0 316 854 587 416 614 0 617 978 133 275 969 0 0 6 247 0 658 0 918 965 617 344 0 0 731 0 63 672 74 811 975 603 777 771 0 925 622 287 0 419 352 564 271 
0 0 158 730 815 744 503 250 334 713 0 283 942 342 443 746 239 435 523 0 836 21 547 0 537 645 939 900 767 933 469 385 682 206 62 132 285 961 373 0 228 0 0 322 161 0 0 0 0 796 0 0 393 859 393 280 828 160 182 479 105 396 376 645 0 54 0 874 457 921 42 595 840 0 307 725 227 803 818 85 0 351 762 0 971 793 513 974 521 783 533 943 11 288 262 88 519 708 
84 994 932 867 979 250 0 28 255 0 206 10 275 167 822 366 0 210 748 46 400 569 760 4 933 221 966 374 0 152 227 517 588 0 0 684 737 999 386 228 0 194 616 431 89 52 403 0 0 671 0 29 545 568 0 0 330 0 954 0 475 0 547 369 960 910 0 0 17 189 298 886 0 957 0 380 613 777 0 0 105 774 0 808 612 569 457 85 0 0 331 0 566 500 30 111 111 754 
866 999 748 863 970 803 0 0 518 0 907 360 0 226 151 464 0 285 743 652 0 187 0 720 0 458 838 807 0 0 194 555 183 428 0 385 675 477 197 0 194 0 269 237 221 280 342 0 748 0 858 838 761 119 0 393 0 160 161 769 0 897 0 454 320 851 400 881 829 0 397 349 750 0 0 0 413 482 835 923 0 655 328 982 64 596 253 851 457 48 382 774 674 330 411 826 0 374 
617 606 0 0 904 939 467 0 0 675 19 773 918 916 641 980 897 491 591 694 608 0 399 512 96 0 956 699 584 577 0 281 393 150 638 464 181 727 430 0 616 269 0 243 953 967 761 857 243 830 141 72 600 770 465 732 882 0 0 376 856 984 0 559 0 630 924 0 241 892 474 454 51 254 558 0 44 158 333 450 736 0 0 0 410 640 0 248 598 187 0 403 924 513 915 985 429 307 
0 390 0 759 837 242 604 633 380 32 758 225 0 629 645 855 91 787 0 267 771 167 27 169 43 275 0 0 429 56 364 278 0 0 231 994 0 410 440 322 431 237 243 0 254 204 39 739 225 192 155 0 656 0 926 442 213 67 481 973 0 0 334 617 0 203 799 539 170 0 528 0 10 222 0 700 85 0 601 227 167 140 0 742 769 49 0 0 0 768 821 450 340 944 418 492 455 310 
164 795 316 162 55 758 343 0 0 997 501 118 0 449 486 0 656 349 823 447 97 730 301 347 364 924 0 0 641 0 834 0 305 228 0 72 317 352 386 161 89 221 953 254 0 654 654 146 506 549 194 567 0 21 629 667 0 557 596 254 613 540 862 98 84 0 0 180 372 0 445 0 43 951 126 459 378 101 468 917 460 296 0 198 979 62 169 754 618 46 808 0 0 295 265 909 46 901 
0 186 152 4 698 80 855 885 247 902 255 0 190 603 328 390 923 805 347 0 467 0 558 36 924 0 623 0 992 591 849 274 958 845 811 336 402 360 0 0 52 280 967 204 654 0 246 990 633 447 0 618 601 710 958 821 946 361 421 479 0 0 426 0 854 395 0 300 370 684 0 783 85 0 0 535 805 523 0 776 682 257 0 0 809 479 0 0 515 0 934 134 0 0 392 399 127 786 
743 652 786 0 384 507 0 0 643 687 261 33 781 0 375 586 176 71 0 0 0 653 288 945 0 0 286 0 103 392 799 898 0 914 0 451 393 447 853 0 403 342 761 39 654 246 0 0 0 822 36 752 0 356 573 59 881 943 657 445 221 680 844 125 162 0 70 363 878 572 538 363 165 345 0 729 0 885 0 550 292 844 0 0 0 0 14 0 0 319 0 864 203 0 170 50 129 948 
778 279 19 764 282 0 0 504 352 720 0 173 753 0 498 103 94 0 436 534 565 581 0 909 138 990 766 627 0 177 183 522 0 105 780 0 739 0 0 0 0 0 857 739 146 990 0 0 756 373 0 569 401 201 0 642 960 0 640 0 0 0 354 380 776 0 605 0 897 843 869 0 0 674 110 773 587 260 0 740 0 0 52 171 27 666 762 644 0 317 738 678 268 0 22 655 0 0 
503 589 793 215 936 0 920 310 972 0 0 131 0 487 234 0 0 22 234 669 466 433 200 693 43 318 91 0 337 579 98 427 501 60 699 680 0 513 370 0 0 748 243 225 506 633 0 756 0 844 975 0 851 591 748 871 811 236 397 0 297 681 354 685 310 438 331 563 0 788 0 9 438 960 116 0 0 416 0 454 667 0 341 91 400 154 302 722 963 0 518 617 0 0 842 265 77 665 
304 613 10 788 0 0 595 527 300 90 52 919 859 367 895 806 719 0 780 803 164 800 524 917 0 834 0 931 0 355 695 155 0 0 0 0 698 541 426 796 671 0 830 192 549 447 822 373 844 0 104 0 0 700 0 237 279 246 262 768 99 0 918 945 298 206 0 266 0 0 787 857 188 0 164 0 519 0 593 0 869 15 907 0 995 971 933 746 128 595 338 133 856 0 817 21 116 200 
0 892 638 848 0 702 494 618 541 691 627 751 409 403 650 421 66 826 856 655 935 0 94 319 960 607 0 151 0 0 103 89 0 0 671 714 485 114 959 0 0 858 141 155 194 0 36 0 975 104 0 723 0 0 837 656 189 304 929 979 559 0 50 13 770 0 280 0 0 0 821 574 0 580 290 933 0 104 747 33 0 670 800 0 23 0 556 31 306 585 939 891 606 681 616 0 947 383 
0 364 486 318 0 0 15 140 678 339 302 34 569 0 818 708 0 310 385 0 0 0 580 0 383 0 390 0 378 815 40 0 0 894 0 192 297 600 738 0 29 838 72 0 567 618 752 569 0 0 723 0 493 297 779 10 296 300 343 462 678 0 928 383 526 967 141 915 459 174 841 0 558 267 881 425 584 13 152 934 701 0 418 144 626 404 123 675 774 712 0 610 529 140 0 729 405 28 
0 166 0 513 0 0 149 812 150 262 938 255 0 507 0 0 826 3 0 372 524 171 222 331 565 0 550 267 168 0 409 719 0 0 0 0 556 271 16 393 545 761 600 656 0 601 0 401 851 0 0 493 0 818 0 125 247 597 0 0 266 923 659 769 681 659 542 631 419 575 807 844 367 981 0 907 215 0 0 989 381 476 663 0 0 710 416 409 40 426 1 0 555 790 887 186 912 259 
847 562 0 477 305 921 605 448 0 769 92 573 400 333 0 564 0 959 914 0 131 961 0 718 0 246 364 396 252 0 491 891 684 0 360 0 165 913 115 859 568 119 770 0 21 710 356 201 591 700 0 297 818 0 248 0 900 60 940 271 568 0 324 0 239 234 560 0 101 0 261 303 557 944 886 0 0 136 0 498 17 958 755 685 53 746 121 979 780 380 603 639 75 978 899 37 0 766 
354 394 46 857 0 257 673 0 587 241 373 806 0 0 873 410 25 610 0 865 942 598 478 0 28 193 273 0 347 891 199 767 796 283 977 998 0 955 0 393 0 0 465 926 629 958 573 0 748 0 837 779 0 248 0 72 902 0 632 983 713 841 843 809 880 474 4 734 936 0 738 211 887 243 13 227 456 0 0 684 285 0 0 939 423 0 857 861 816 0 0 716 122 0 0 497 11 883 
891 0 0 401 378 432 265 823 587 0 185 482 647 425 452 295 457 934 832 592 814 606 318 0 420 929 332 0 898 320 758 591 16 383 552 715 406 107 316 280 0 393 732 442 667 821 59 642 871 237 656 10 125 0 72 0 0 0 125 0 294 0 417 370 676 0 136 856 647 931 0 997 467 863 0 271 752 0 427 908 914 526 916 799 303 668 770 0 214 128 517 44 133 0 554 840 5 12 
992 187 430 432 566 720 337 569 0 0 71 865 465 968 895 101 898 0 961 958 742 0 27 0 75 0 343 147 454 231 771 986 0 203 603 392 612 0 854 828 330 0 882 213 0 946 881 960 811 279 189 296 247 900 902 0 0 796 0 108 0 175 0 338 924 677 622 368 0 508 743 231 0 898 843 330 849 734 447 374 878 24 0 0 732 754 0 17 0 0 199 524 756 307 796 920 996 195 
999 808 0 517 576 875 129 400 0 10 755 74 132 754 0 220 366 417 488 770 316 106 287 708 0 343 550 313 0 0 309 306 811 0 496 11 829 967 587 160 0 160 0 67 557 361 943 0 236 246 304 300 597 60 0 0 796 0 549 566 0 113 841 646 0 0 359 0 0 518 0 939 0 362 893 160 201 616 517 851 155 746 0 457 30 0 752 0 0 239 0 183 582 855 683 82 281 971 
454 636 36 311 222 133 0 816 386 691 413 413 804 7 580 25 660 471 222 0 134 369 782 651 267 53 441 224 0 575 0 448 213 367 727 460 192 0 416 182 954 161 0 481 596 421 657 640 397 262 929 343 0 940 632 125 0 549 0 125 949 518 842 713 858 758 893 51 925 0 78 259 693 429 588 555 765 131 0 552 608 161 759 0 461 639 0 239 941 383 278 526 914 431 363 134 578 190 
439 572 136 976 291 0 0 604 645 388 0 835 0 863 0 679 446 697 786 0 554 738 355 56 0 329 820 476 0 321 0 0 0 394 203 0 0 3 614 479 0 769 376 973 254 479 445 0 0 768 979 462 0 271 983 0 108 566 125 0 696 339 699 709 979 98 779 186 969 0 0 439 505 888 0 704 0 103 3 843 996 752 881 411 0 153 0 472 0 329 993 121 967 874 0 347 581 261 
922 822 767 85 186 960 206 98 299 854 0 954 67 308 0 0 0 238 635 584 386 192 849 371 194 990 900 331 425 910 561 0 0 946 913 797 160 664 0 105 475 0 856 0 613 0 221 0 297 99 559 678 266 568 713 294 0 0 949 696 0 754 902 912 930 0 227 0 145 129 795 490 567 289 509 726 259 347 0 845 218 372 0 585 313 208 206 439 0 459 248 0 0 614 32 635 448 0 
789 981 691 71 262 492 0 152 106 43 759 0 546 943 166 687 0 202 347 538 0 188 0 0 873 0 0 35 0 461 305 898 0 0 781 834 0 772 617 396 0 897 984 0 540 0 680 0 681 0 0 0 923 0 841 0 175 113 518 339 754 0 935 0 0 790 0 133 180 0 637 784 0 442 24 176 965 775 124 239 739 0 751 0 284 164 0 0 0 767 990 681 316 433 0 0 59 945 
0 14 0 0 0 0 463 0 921 672 222 0 143 300 467 561 255 0 228 760 239 237 850 445 488 437 0 926 0 234 684 999 0 170 154 637 727 868 978 376 547 0 0 334 862 426 844 354 354 918 50 928 659 324 843 417 0 841 842 699 902 935 0 120 0 0 569 487 0 0 463 534 354 399 0 475 966 197 144 938 0 516 149 637 348 897 992 238 182 0 0 146 984 40 199 632 53 218 
83 152 744 666 994 578 608 711 803 914 0 38 0 970 699 613 0 0 824 53 33 920 0 758 542 0 923 735 324 122 0 728 316 963 906 387 389 257 133 645 369 454 559 617 98 0 125 380 685 945 13 383 769 0 809 370 338 646 713 709 912 0 120 0 0 494 162 773 863 710 0 0 644 0 504 345 402 0 7 65 231 975 493 0 881 447 369 526 407 151 390 95 955 0 0 0 785 712 
689 270 0 0 316 767 30 585 498 173 0 892 0 143 250 0 99 634 472 0 523 501 550 0 558 0 0 396 586 395 0 0 0 0 46 465 909 543 275 0 960 320 0 0 84 854 162 776 310 298 770 526 681 239 880 676 924 0 858 979 930 0 0 0 0 445 0 858 722 441 730 0 308 0 394 583 771 856 0 474 979 12 469 0 521 0 77 0 304 196 482 625 501 843 155 203 718 434 
0 596 0 393 198 967 0 805 426 36 0 218 624 562 148 447 340 986 0 490 117 718 0 171 0 0 150 857 730 768 256 691 446 13 261 872 630 106 969 54 910 851 630 203 0 395 0 0 438 206 0 967 659 234 474 0 677 0 758 98 0 790 0 494 445 0 0 288 59 447 0 0 0 326 997 940 0 383 148 603 0 319 414 224 0 856 876 124 0 662 949 444 416 509 474 610 301 391 
0 0 663 814 151 764 0 653 0 338 481 880 426 138 654 0 0 170 699 885 666 0 507 899 67 659 131 642 951 420 96 639 504 500 676 681 672 525 0 0 0 400 924 799 0 0 70 605 331 0 280 141 542 560 4 136 622 359 893 779 227 0 569 162 0 0 0 0 46 768 0 18 853 0 311 220 0 96 0 769 0 761 735 872 0 751 254 343 712 41 66 776 586 355 0 435 745 95 
0 0 635 381 0 541 9 752 604 826 370 115 962 0 914 0 0 0 0 98 707 263 704 547 307 736 936 673 0 90 868 669 645 153 0 0 392 955 0 874 0 881 0 539 180 300 363 0 563 266 0 915 631 0 734 856 368 0 51 186 0 133 487 773 858 288 0 0 799 421 0 716 90 942 372 0 620 620 0 826 710 0 809 736 687 376 924 943 256 909 702 0 0 789 195 0 474 296 
0 0 0 331 0 434 0 799 883 0 696 0 334 797 0 402 462 0 0 400 48 0 119 31 0 263 723 0 0 703 166 0 629 753 798 526 585 307 6 457 17 829 241 170 372 370 878 897 0 0 0 459 419 101 936 647 0 0 925 969 145 180 0 863 722 59 46 799 0 0 535 238 189 91 435 900 416 0 0 301 24 0 502 696 983 33 314 416 513 0 948 0 391 510 0 604 0 536 
0 0 0 0 887 501 0 349 3 15 948 45 255 662 0 71 400 713 206 190 708 639 522 524 791 878 0 0 640 388 0 71 686 356 992 94 130 0 247 921 189 0 892 0 0 684 572 843 788 0 0 174 575 0 0 931 508 518 0 0 129 0 0 710 441 447 768 421 0 0 262 0 0 0 0 641 164 977 467 86 380 0 71 833 97 852 0 785 945 338 645 865 0 248 489 723 0 63 
360 836 224 894 706 16 144 0 683 516 852 535 654 769 390 0 0 466 38 352 0 863 547 337 356 862 0 0 563 739 628 167 985 758 302 857 385 0 0 42 298 397 474 528 445 0 538 869 0 787 821 841 807 261 738 0 743 0 78 0 795 637 463 0 730 0 0 0 535 262 0 974 894 447 324 0 487 0 389 290 93 661 936 423 728 128 0 829 53 342 0 529 38 864 0 0 5 634 
68 0 572 316 252 416 809 0 20 382 859 389 163 525 809 42 383 0 505 232 0 19 985 116 745 668 39 280 141 627 813 0 863 0 853 0 437 344 658 595 886 349 454 0 0 783 363 0 9 857 574 0 844 303 211 997 231 939 259 439 490 784 534 0 0 0 18 716 238 0 974 0 0 0 0 335 635 812 863 720 552 796 884 844 0 552 698 270 759 482 0 271 279 934 799 660 0 699 
183 0 964 862 409 577 960 329 363 96 460 428 820 88 0 0 421 0 215 353 0 459 894 956 254 528 0 281 402 577 43 567 173 117 15 817 657 311 0 840 0 750 51 10 43 85 165 0 438 188 0 558 367 557 887 467 0 0 693 505 567 0 354 644 308 0 853 90 189 0 894 0 0 295 0 13 0 294 145 886 760 985 0 810 404 319 823 860 54 705 0 912 268 557 229 81 652 323 
227 488 174 0 0 0 340 992 0 0 578 484 0 414 256 315 383 0 330 189 419 0 953 704 0 0 908 585 581 647 726 245 917 537 250 148 197 0 918 0 957 0 254 222 951 0 345 674 960 0 580 267 981 944 243 863 898 362 429 888 289 442 399 0 0 326 0 942 91 0 447 0 295 0 144 265 999 20 347 0 918 884 0 872 0 908 278 0 0 55 766 588 911 671 614 233 564 252 
169 512 360 317 764 312 325 76 321 0 0 224 335 855 730 932 884 252 179 128 286 18 335 34 312 392 557 0 254 559 0 455 166 0 423 847 720 264 965 307 0 0 558 0 126 0 0 110 116 164 290 881 0 886 13 0 843 893 588 0 509 24 0 504 394 997 311 372 435 0 324 0 0 144 0 797 166 957 679 469 434 0 752 530 718 0 234 0 0 764 0 856 198 545 0 715 660 0 
540 0 401 296 360 718 206 118 691 892 0 258 23 302 121 924 361 136 372 816 159 758 702 0 29 142 25 82 0 0 0 231 293 295 0 0 591 635 617 725 380 0 0 700 459 535 729 773 0 0 933 425 907 0 227 271 330 160 555 704 726 176 475 345 583 940 220 0 900 641 0 335 13 265 797 0 785 338 0 0 504 0 0 936 244 502 304 820 653 354 0 67 293 523 155 0 0 431 
929 0 323 827 0 388 0 0 474 892 278 441 851 804 327 63 0 894 366 626 190 0 413 968 348 938 0 0 0 402 326 9 958 0 430 170 408 0 344 227 613 413 44 85 378 805 0 587 0 519 0 584 215 0 456 752 849 201 765 0 259 965 966 402 771 0 0 620 416 164 487 635 0 999 166 785 0 4 933 0 0 687 573 367 411 74 0 280 0 0 924 630 0 802 654 665 672 0 
0 944 641 235 668 0 0 719 0 493 978 289 85 565 747 0 100 0 827 370 124 821 882 23 738 778 785 511 458 807 0 125 457 0 921 0 93 129 0 803 777 482 158 0 101 523 885 260 416 0 104 13 0 136 0 0 734 616 131 103 347 775 197 0 856 383 96 620 0 977 0 812 294 20 957 338 4 0 652 0 492 304 561 0 682 530 0 2 922 356 0 900 244 0 0 0 369 0 
52 688 103 942 0 919 0 701 58 837 0 687 875 322 27 547 0 0 30 194 264 387 0 391 653 36 953 957 558 381 901 231 755 0 938 867 781 264 0 818 0 835 333 601 468 0 0 0 0 593 747 152 0 0 0 427 447 517 0 3 0 124 144 7 0 148 0 0 0 467 389 863 145 347 679 0 933 652 0 747 0 331 737 831 386 0 0 929 0 0 0 0 559 998 0 628 966 0 
0 867 294 0 923 0 328 699 574 0 315 327 579 346 703 0 458 0 862 580 0 179 502 312 0 923 519 838 0 217 0 174 0 582 0 759 0 207 731 85 0 923 450 227 917 776 550 740 454 0 33 934 989 498 684 908 374 851 552 843 845 239 938 65 474 603 769 826 301 86 290 720 886 0 469 0 0 0 747 0 725 353 977 0 501 20 287 326 0 877 118 0 800 467 281 798 0 888 
0 44 283 0 0 0 594 0 0 520 6 944 432 949 1 158 750 157 0 48 899 0 543 196 0 635 902 846 131 644 45 544 253 286 712 0 584 753 0 0 105 0 736 167 460 682 292 0 667 869 0 701 381 17 285 914 878 155 608 996 218 739 0 231 979 0 0 710 24 380 93 552 760 918 434 504 0 492 0 725 0 922 0 965 387 856 0 0 466 682 0 602 232 962 625 876 1 0 
885 364 477 687 0 0 223 753 270 906 262 0 661 0 24 956 0 0 0 615 742 0 66 304 0 237 359 0 837 807 815 127 0 451 767 628 955 0 63 351 774 655 0 140 296 257 844 0 0 15 670 0 476 958 0 526 24 746 161 752 372 0 516 975 12 319 761 0 0 0 661 796 985 884 0 0 687 304 331 353 922 0 67 419 680 0 718 663 940 716 0 48 131 605 230 0 0 0 
106 283 0 0 0 0 452 0 0 744 0 966 265 0 388 0 74 314 829 0 0 879 0 476 26 474 630 546 70 21 667 481 0 0 510 235 0 602 672 762 0 328 0 0 0 0 0 52 341 907 800 418 663 755 0 916 0 0 759 881 0 751 149 493 469 414 735 809 502 71 936 884 0 0 752 0 573 561 737 977 0 67 0 0 787 0 612 922 656 531 422 930 0 0 320 537 0 266 
392 375 529 0 324 956 566 568 839 441 967 623 974 134 696 0 831 193 746 225 0 138 0 0 631 0 408 0 0 377 70 281 0 263 983 435 0 868 74 0 808 982 0 742 198 0 0 171 91 0 0 144 0 685 939 799 0 457 0 411 585 0 637 0 0 224 872 736 696 833 423 844 810 872 530 936 367 0 831 0 965 419 0 0 693 13 204 239 0 0 541 65 920 0 377 0 841 0 
618 0 638 0 750 0 864 889 730 0 576 219 930 73 0 914 0 0 0 328 115 0 749 827 442 337 0 0 715 361 143 782 655 0 771 0 0 536 811 971 612 64 410 769 979 809 0 27 400 995 23 626 0 53 423 303 732 30 461 0 313 284 348 881 521 0 0 687 983 97 728 0 404 0 718 244 411 682 386 501 387 680 787 693 0 786 511 559 582 409 760 440 0 0 668 179 849 68 
811 643 49 668 476 795 84 0 191 416 573 448 107 931 587 832 945 339 722 14 0 343 281 0 0 124 51 782 701 220 368 274 0 0 353 572 0 492 975 793 569 596 640 49 62 479 0 666 154 971 0 404 710 746 0 668 754 0 639 153 208 164 897 447 0 856 751 376 33 852 128 552 319 908 0 502 74 530 0 20 856 0 0 13 786 0 26 0 232 12 235 664 568 0 0 194 379 386 
993 0 354 730 574 627 76 661 836 541 556 0 319 483 924 0 0 370 419 621 0 408 717 316 0 934 57 253 0 94 419 173 0 0 738 0 706 610 603 513 457 253 0 0 169 0 14 762 302 933 556 123 416 121 857 770 0 752 0 0 206 0 992 369 77 876 254 924 314 0 0 698 823 278 234 304 0 0 0 287 0 718 612 204 511 26 0 665 0 0 142 959 431 662 581 877 327 66 
960 261 885 882 0 336 636 0 396 742 889 90 700 332 46 19 96 0 0 271 495 296 994 0 772 952 0 273 0 55 30 0 990 341 0 589 0 0 777 974 85 851 248 0 754 0 0 644 722 746 31 675 409 979 861 0 17 0 239 472 439 0 238 526 0 124 343 943 416 785 829 270 860 0 0 820 280 2 929 326 0 663 922 239 559 0 665 0 0 388 95 621 215 924 544 795 28 0 
0 0 0 695 651 590 158 517 581 767 975 0 803 0 0 494 107 588 0 0 827 0 0 0 739 274 0 535 372 0 492 878 0 43 874 0 0 602 771 521 0 457 598 0 618 515 0 0 963 128 306 774 40 780 816 214 0 0 941 0 0 0 182 407 304 0 712 256 513 945 53 759 54 0 0 653 0 922 0 0 466 940 656 0 582 232 0 0 0 39 339 393 703 984 749 786 959 0 
339 259 127 0 555 0 961 17 17 620 242 0 8 347 482 931 87 173 282 521 270 8 392 159 104 465 0 994 854 0 996 350 779 714 612 181 0 707 0 783 0 48 187 768 46 0 319 317 0 595 585 712 426 380 0 128 0 239 383 329 459 767 0 151 196 662 41 909 0 338 342 482 705 55 764 354 0 356 0 877 682 716 531 0 409 12 0 388 39 0 945 0 38 222 0 475 10 268 
575 155 453 0 986 434 0 141 131 399 632 773 833 167 989 0 0 811 0 226 711 149 905 565 874 0 209 74 0 0 468 0 0 0 817 0 0 0 925 533 331 382 0 821 808 934 0 738 518 338 939 0 1 603 0 517 199 0 278 993 248 990 0 390 482 949 66 702 948 645 0 0 0 766 0 0 924 0 0 118 0 0 422 541 760 235 142 95 339 945 0 527 962 586 383 0 976 662 
0 0 167 42 675 414 0 829 0 615 0 3 0 745 936 447 777 343 373 0 674 437 0 0 0 93 922 0 300 564 243 0 2 193 0 176 0 0 622 943 0 774 403 450 0 134 864 678 617 133 891 610 0 639 716 44 524 183 526 121 0 681 146 95 625 444 776 0 0 865 529 271 912 588 856 67 630 900 0 0 602 48 930 65 440 664 959 621 393 0 527 0 24 0 0 854 233 0 
0 0 0 851 269 504 656 300 807 264 0 348 847 442 0 907 510 817 342 775 0 914 805 0 0 0 0 329 0 915 0 0 757 0 0 160 983 794 287 11 566 674 924 340 0 0 203 268 0 856 606 529 555 75 122 133 756 582 914 967 0 316 984 955 501 416 586 0 391 0 38 279 268 911 198 293 0 244 559 800 232 131 0 920 0 568 431 215 703 38 962 24 0 377 767 99 529 553 
52 881 0 15 0 816 386 721 418 0 0 336 87 832 870 199 172 673 0 916 385 847 799 40 80 116 175 0 510 511 750 131 509 0 807 0 820 403 0 288 500 330 513 944 295 0 0 0 0 0 681 140 790 978 0 0 307 855 431 874 614 433 40 0 843 509 355 789 510 248 864 934 557 671 545 523 802 0 998 467 962 605 0 0 0 0 662 924 984 222 586 0 377 0 149 540 955 265 
57 971 259 0 959 0 642 0 678 0 213 960 910 62 966 363 0 615 719 702 573 916 0 338 903 544 982 255 74 535 104 363 736 0 814 565 613 566 419 262 30 411 915 418 265 392 170 22 842 817 616 0 887 899 0 554 796 683 363 0 32 0 199 0 155 474 0 195 0 489 0 799 229 614 0 155 654 0 0 281 625 230 320 377 668 0 581 544 749 0 383 0 767 149 0 251 485 251 
831 0 0 956 572 0 424 422 692 194 527 371 0 0 0 0 665 359 485 614 0 841 186 0 0 310 31 207 630 979 0 644 0 0 855 411 865 982 352 88 111 826 985 492 909 399 50 655 265 21 0 729 186 37 497 840 920 82 134 347 635 0 632 0 203 610 435 0 604 723 0 660 81 233 715 0 665 0 628 798 876 0 537 0 179 194 877 795 786 475 0 854 99 540 251 0 376 510 
0 494 0 159 318 0 346 680 0 431 205 299 18 0 273 0 308 721 534 149 0 0 654 401 0 863 244 345 511 74 529 299 356 51 915 0 0 216 564 519 111 0 429 455 46 127 129 0 77 116 947 405 912 0 11 5 996 281 578 581 448 59 53 785 718 301 745 474 0 0 5 0 652 564 660 0 672 369 966 0 1 0 0 841 849 379 327 28 959 10 976 233 529 955 485 376 0 554 
26 534 340 311 954 585 872 400 0 0 0 906 656 958 867 0 726 288 191 413 832 573 423 7 921 419 529 0 133 993 105 868 272 301 74 780 236 309 271 708 754 374 307 310 901 786 948 0 665 200 383 28 259 766 883 12 195 971 190 261 0 945 218 712 434 391 95 296 536 63 634 699 323 252 0 431 0 0 0 888 0 0 266 0 68 386 66 0 0 268 662 0 553 265 251 510 554 0 
