0 0 357 247 917 185 0 718 705 0 366 0 970 535 0 0 25 140 617 554 582 133 0 786 513 760 0 336 521 224 989 546 0 566 827 596 424 0 0 129 724 908 131 395 96 968 0 272 0 788 879 911 105 302 0 347 0 880 78 253 0 0 634 815 313 0 713 741 142 0 742 455 630 303 107 0 687 558 485 315 810 409 854 806 0 66 294 465 704 197 655 869 697 88 0 190 885 496 293 862 0 521 831 726 472 581 393 521 347 877 0 0 269 0 0 546 119 715 412 701 0 969 0 689 418 864 0 704 139 555 240 218 372 647 660 691 859 914 887 826 243 225 0 0 710 64 0 0 698 0 61 227 582 743 821 0 223 520 0 512 880 54 193 410 541 768 829 795 412 335 120 764 830 460 386 848 454 179 974 416 637 0 0 519 0 185 0 0 15 845 566 501 308 0 0 0 538 147 473 128 239 908 927 562 250 871 23 180 185 253 683 972 692 0 718 531 992 501 304 486 656 547 401 846 0 505 707 810 921 419 637 591 696 181 0 138 44 649 301 882 435 0 656 913 428 0 656 0 761 462 0 188 0 184 232 0 233 833 0 214 227 408 317 0 0 0 223 0 0 0 881 0 11 0 0 0 0 394 0 280 199 771 38 625 0 765 0 318 983 211 475 0 0 842 766 694 56 971 51 0 556 0 233 402 779 448 431 0 0 285 588 683 70 103 0 57 387 0 856 231 866 834 
0 0 273 391 437 557 999 956 0 107 752 427 146 614 0 807 568 401 416 210 466 812 906 0 217 960 52 132 982 208 890 17 964 704 146 210 360 562 867 306 381 0 186 0 0 259 317 303 0 317 59 698 71 953 185 117 0 931 118 493 190 822 0 42 0 553 297 679 0 0 372 727 291 0 775 0 443 974 57 0 12 369 159 0 127 471 159 477 0 803 857 0 98 591 713 199 868 350 0 0 567 732 872 0 520 822 693 866 0 873 857 156 986 302 727 54 429 986 991 699 498 54 127 0 0 757 782 672 929 342 163 632 388 870 479 767 381 0 0 167 778 0 0 147 850 499 935 242 852 534 719 756 720 0 0 586 905 930 656 751 0 777 300 767 812 399 0 343 478 0 640 206 372 71 958 396 539 0 595 0 0 0 49 0 300 576 0 969 638 0 599 0 104 0 107 831 238 252 0 889 853 175 728 748 0 925 464 0 0 744 0 0 0 942 562 0 128 0 288 196 316 854 737 981 933 0 0 524 696 155 152 0 469 674 222 42 348 502 709 0 612 844 0 617 549 879 828 68 0 976 0 46 0 0 306 0 529 849 414 810 345 0 873 0 0 934 292 0 82 73 557 235 920 0 848 141 0 369 0 604 462 679 935 0 610 0 422 260 950 747 613 473 180 526 171 0 843 767 69 0 0 225 0 944 663 959 0 742 731 0 28 902 0 181 0 394 947 907 571 135 15 385 
357 273 0 416 744 0 901 4 0 0 734 733 314 0 0 24 823 725 0 0 272 761 340 322 213 756 411 0 719 221 463 990 315 0 419 538 494 613 822 493 0 236 10 86 643 250 173 956 807 790 7 539 496 789 0 799 233 0 714 0 734 572 720 761 862 183 156 0 0 0 330 0 461 915 813 45 0 0 0 0 0 0 0 0 166 0 0 834 74 110 0 838 0 0 806 241 423 232 195 906 91 150 902 579 0 257 382 220 0 0 976 139 0 930 80 223 752 554 498 464 0 472 514 0 0 110 568 485 714 599 0 658 459 173 0 445 380 518 39 925 136 982 0 815 31 133 188 250 299 412 622 280 42 0 922 0 292 25 0 75 740 961 0 995 599 363 0 895 788 788 745 374 983 0 0 215 445 76 20 0 214 0 136 0 406 0 0 528 95 0 645 752 424 0 999 63 616 0 961 349 254 167 254 882 483 73 108 713 634 303 417 508 171 0 526 794 0 215 78 77 489 830 320 0 474 263 730 784 934 642 614 848 314 338 415 786 474 69 410 208 0 389 896 501 0 556 33 0 671 0 0 125 151 157 750 52 164 0 166 0 28 877 686 0 586 770 538 407 959 0 462 0 992 69 680 0 0 657 22 0 0 607 297 611 590 268 838 746 807 470 459 417 0 647 0 0 788 0 528 392 129 658 823 257 0 0 438 650 388 817 145 901 472 0 814 7 369 333 107 849 139 0 
247 391 416 0 0 708 47 590 57 97 0 891 0 0 655 990 68 305 758 703 704 0 458 122 0 0 0 0 599 2 672 0 133 0 885 767 14 93 0 578 742 88 550 249 672 0 0 0 634 241 777 0 681 0 7 724 778 71 678 513 974 0 644 0 823 508 250 574 369 0 0 0 0 0 116 423 933 932 838 84 83 559 459 386 410 0 85 278 24 0 0 894 13 889 0 920 0 710 726 483 50 0 323 336 566 0 729 0 135 0 983 25 431 0 792 130 826 428 0 355 226 869 941 611 338 112 9 115 626 695 0 232 401 2 137 352 0 0 691 619 490 419 841 0 863 718 658 0 887 346 0 598 892 806 515 500 870 598 219 964 96 24 741 78 389 653 275 0 864 232 340 138 965 785 389 446 973 53 0 746 766 0 909 564 495 123 414 563 922 458 963 0 737 675 933 374 713 945 930 493 797 0 651 792 822 646 952 100 879 829 748 440 410 792 713 0 816 403 497 21 0 0 0 163 644 77 222 775 920 236 0 797 322 670 358 0 308 400 292 0 367 870 368 976 0 311 0 61 745 0 0 203 197 96 79 200 234 268 16 0 648 313 768 876 0 279 776 916 696 689 811 410 807 250 882 0 0 841 291 206 440 156 0 0 0 0 321 880 0 0 104 386 609 889 0 0 336 0 73 682 0 195 786 0 746 847 387 585 609 73 872 366 328 82 18 777 0 173 597 348 407 280 
917 437 744 0 0 0 610 231 320 394 276 98 376 804 209 962 45 20 604 149 146 896 250 878 0 31 353 402 330 510 418 611 0 900 295 84 0 418 185 737 115 542 10 315 235 950 520 0 42 843 424 0 944 977 693 961 284 0 251 406 0 0 291 359 0 0 234 0 162 50 309 770 808 650 831 103 644 133 395 614 780 0 289 0 347 134 981 47 854 959 0 99 639 532 191 205 770 466 410 417 977 773 617 167 188 740 847 0 0 584 226 0 0 794 208 0 787 671 0 0 382 555 434 459 147 51 876 506 0 799 574 993 897 882 973 213 0 806 0 0 141 802 0 888 0 713 451 527 0 162 689 556 781 510 627 291 120 382 73 0 188 0 188 0 5 147 318 960 657 995 643 0 401 0 667 897 365 274 373 0 52 468 539 711 359 410 0 0 10 474 422 280 565 936 298 409 359 580 0 0 0 0 0 485 0 603 0 753 250 0 490 873 695 185 72 660 469 0 6 327 391 398 903 267 854 0 490 0 636 606 172 0 824 875 62 355 929 667 461 17 164 69 840 484 0 939 0 908 968 650 2 678 417 874 786 687 0 708 498 820 640 724 768 751 451 0 750 528 816 72 0 0 704 0 849 0 704 429 0 440 39 519 93 896 783 0 940 265 306 329 127 0 346 84 0 0 0 423 581 71 97 725 76 655 0 0 275 0 0 544 832 0 536 699 0 237 987 445 399 221 0 0 
185 557 0 708 0 0 0 982 480 0 909 722 0 0 0 70 0 779 214 611 0 407 866 185 994 697 0 707 801 131 0 712 896 126 847 31 970 0 632 229 94 874 347 0 0 0 386 437 0 141 0 469 0 559 983 154 22 496 0 50 0 291 959 0 0 6 417 998 994 527 78 0 0 59 0 628 728 376 901 208 0 483 251 652 684 675 772 119 675 926 0 421 164 843 999 97 602 775 162 0 48 182 662 667 472 160 647 845 954 0 442 248 703 0 595 681 0 0 0 224 289 0 0 815 658 153 7 759 201 120 415 949 481 844 517 0 294 849 615 600 831 962 0 858 629 0 0 727 373 405 542 587 301 273 250 293 386 186 0 661 901 0 793 448 389 74 916 721 860 0 384 987 0 503 891 892 857 648 778 991 0 439 990 589 965 244 338 470 989 0 112 949 0 0 304 19 148 226 153 995 922 282 0 491 631 304 804 713 0 864 110 153 452 699 367 314 0 0 898 682 514 537 0 0 411 618 406 954 781 384 20 753 748 998 47 590 361 798 0 393 0 0 499 410 136 0 0 922 0 97 241 0 902 0 100 455 778 821 375 836 0 0 951 955 808 502 17 427 0 904 99 0 0 12 181 0 36 493 567 0 725 908 449 19 0 10 214 0 224 0 614 636 520 885 837 140 0 380 531 0 872 968 642 860 924 679 903 14 381 149 123 96 35 428 0 0 879 123 0 399 493 924 
0 999 901 47 610 0 0 351 0 813 418 913 0 0 317 0 849 112 640 0 833 31 201 526 168 26 985 925 833 312 549 171 488 157 0 269 0 362 754 919 21 380 0 400 549 989 0 52 903 0 0 463 0 0 454 434 0 735 872 34 70 0 697 0 819 417 581 524 480 0 0 53 0 994 759 153 283 424 417 702 232 974 264 58 205 62 290 47 535 0 709 333 16 809 563 855 700 279 400 348 231 237 944 65 285 0 108 90 576 523 705 668 54 0 0 993 141 0 423 0 69 328 968 604 735 330 0 0 0 0 735 130 953 509 621 121 335 763 346 117 557 652 753 175 854 115 162 141 0 821 816 406 997 641 10 815 269 450 809 155 385 0 339 872 453 917 798 0 350 886 0 0 0 291 0 620 0 644 0 833 236 622 0 114 417 564 0 116 179 847 0 15 965 0 924 630 0 101 0 66 428 0 0 38 672 0 29 700 484 525 75 277 76 504 249 0 422 228 636 345 437 884 0 0 634 185 712 994 0 253 459 402 745 791 154 374 746 0 385 935 0 0 594 749 196 964 0 350 582 462 467 321 159 213 43 952 529 782 755 888 122 23 301 615 0 29 0 0 0 596 26 965 792 265 681 701 520 0 93 0 0 581 435 0 169 596 551 263 0 78 440 920 710 55 276 0 0 0 0 380 0 584 105 779 204 0 21 950 99 409 150 846 770 0 946 565 0 95 489 70 356 819 
718 956 4 590 231 982 351 0 0 231 775 330 774 0 0 853 481 677 0 820 938 0 114 0 0 750 0 690 256 162 47 819 0 376 511 731 806 88 0 283 0 347 889 530 46 329 713 361 999 570 230 0 965 529 957 151 0 848 847 695 779 686 938 0 695 12 308 486 542 210 0 0 978 139 764 240 0 0 0 142 370 613 346 684 673 240 419 0 0 7 532 0 504 0 483 670 374 201 593 470 471 782 306 0 44 738 749 91 303 0 26 966 0 524 713 358 0 452 729 61 136 0 0 109 505 728 368 0 936 527 156 443 0 246 411 0 0 181 0 324 0 270 364 616 0 0 252 892 0 619 325 0 0 455 332 278 65 0 0 164 496 547 488 58 0 460 975 0 0 329 433 301 791 442 779 0 49 0 314 810 360 282 162 937 588 927 731 247 80 0 0 277 441 467 776 286 232 0 29 720 227 0 338 709 291 0 666 0 637 805 697 126 0 0 0 564 269 602 824 0 780 602 0 969 993 899 819 175 722 0 35 130 584 0 404 770 204 118 999 569 0 173 0 0 241 921 0 678 660 275 289 63 0 766 858 0 550 803 901 132 415 0 657 849 794 764 776 229 0 989 0 500 417 589 389 332 0 162 429 275 890 340 963 0 314 853 604 0 94 0 425 803 278 119 799 0 347 708 687 0 182 736 0 626 956 927 0 0 249 486 558 998 798 431 0 965 100 724 0 0 630 829 
705 0 0 57 320 480 0 0 0 886 385 981 330 624 923 605 0 0 0 594 0 537 483 0 602 188 0 555 0 0 334 582 230 137 807 673 429 0 727 183 882 762 173 495 893 558 105 0 459 327 542 324 0 893 158 832 272 322 565 667 655 926 757 21 174 631 851 0 116 0 0 0 571 0 0 0 839 662 263 800 669 968 881 0 39 442 619 777 0 777 118 694 0 866 674 420 107 313 185 0 30 761 165 841 0 0 378 505 0 610 202 0 471 998 612 870 576 405 0 598 0 941 0 0 337 779 0 590 476 958 156 859 470 0 909 101 994 137 650 784 0 538 67 151 307 217 928 836 582 211 793 928 0 0 580 0 0 0 764 199 0 510 232 520 0 950 131 653 52 999 0 687 0 0 509 76 251 382 334 868 0 564 126 0 15 484 176 365 856 0 0 213 0 536 394 0 645 804 173 0 454 357 68 42 0 264 953 187 917 239 51 30 741 981 556 642 0 445 465 311 736 791 621 164 627 96 94 277 0 317 0 982 694 565 60 306 0 274 570 730 706 444 0 167 0 588 953 0 216 233 638 207 614 819 242 0 195 835 0 763 272 656 58 181 579 481 0 437 297 210 398 0 760 983 648 258 783 564 181 243 0 50 270 0 667 256 51 607 836 415 923 665 403 700 402 16 706 576 565 0 381 140 643 0 0 706 635 118 0 184 794 981 0 856 177 549 397 0 0 0 145 417 
0 107 0 97 394 0 813 231 886 0 0 236 545 279 981 921 570 0 120 0 0 333 572 819 0 802 328 333 150 128 945 0 840 9 705 715 756 619 952 218 850 16 530 350 69 0 78 343 184 855 116 356 945 394 187 421 267 834 412 350 0 969 547 936 468 655 0 220 257 452 20 6 764 945 332 0 611 834 0 474 548 0 239 504 0 198 371 106 925 0 337 369 516 158 276 0 203 829 512 107 0 999 673 680 494 727 0 718 525 234 0 0 0 0 14 882 0 473 96 68 0 500 532 340 567 290 0 0 456 807 805 0 652 159 770 722 336 0 123 84 0 676 910 655 0 515 153 970 0 482 0 833 586 303 0 923 0 167 546 0 0 928 200 275 0 362 679 902 562 991 0 657 493 817 445 468 600 0 472 573 222 365 542 201 288 516 65 0 121 90 379 862 343 959 980 212 379 0 17 0 453 21 288 586 452 838 880 0 377 703 922 998 792 510 0 862 807 556 357 1 770 0 53 689 0 963 0 994 547 444 0 628 673 974 37 812 145 71 428 170 876 0 466 773 37 0 0 623 622 626 877 90 0 495 388 955 0 38 801 560 0 813 0 730 525 0 657 743 124 0 0 333 847 0 286 249 766 129 50 49 736 53 114 870 685 144 36 414 904 127 558 185 777 615 109 348 436 156 375 0 412 561 0 113 399 535 866 0 0 359 128 362 93 628 852 0 262 508 473 0 0 0 
366 752 734 0 276 909 418 775 385 0 0 0 8 5 747 391 740 951 938 120 479 972 438 812 0 581 736 455 984 0 655 221 721 189 142 307 799 282 343 27 28 704 948 178 972 445 794 741 0 563 477 598 0 554 637 15 227 866 788 84 0 212 316 0 655 269 164 167 55 17 268 0 643 940 943 0 41 528 0 784 332 867 657 937 667 158 0 0 215 0 778 138 452 0 312 888 161 782 737 0 601 803 0 640 948 140 791 491 343 443 448 751 347 891 958 0 0 362 344 340 472 438 786 276 315 791 831 0 947 228 294 0 0 782 318 783 0 0 574 698 0 285 657 170 0 436 904 49 449 797 0 413 370 555 515 0 0 0 0 664 0 900 330 0 410 714 535 883 970 278 637 793 394 305 0 534 761 278 0 5 763 0 848 549 662 736 798 0 344 952 0 787 0 184 668 479 0 898 920 183 0 109 69 281 8 0 0 422 593 0 486 0 689 596 816 123 274 462 661 79 474 892 916 147 0 962 288 0 0 246 182 816 228 0 54 0 394 308 0 342 198 0 429 0 679 1 0 253 393 538 656 993 738 857 0 0 0 427 252 0 130 0 0 554 214 404 0 408 149 590 26 23 832 0 98 35 527 0 0 0 765 84 680 119 19 949 0 979 0 0 195 0 994 0 677 0 349 0 911 917 727 0 113 0 0 460 142 132 263 521 791 438 409 126 473 0 44 479 786 0 858 342 
0 427 733 891 98 722 913 330 981 236 0 0 399 587 980 240 564 0 0 853 459 587 0 0 750 513 0 80 440 962 267 678 0 204 357 688 423 565 764 352 0 9 668 494 0 0 347 624 0 0 106 78 367 0 142 0 736 910 449 413 415 0 862 960 0 0 0 746 446 0 677 410 0 0 0 0 433 880 378 457 335 458 616 230 535 962 0 717 500 351 868 0 0 672 978 0 801 520 845 125 639 728 612 0 97 606 748 160 603 0 981 125 254 639 0 0 418 0 264 0 620 656 41 424 556 2 3 435 12 629 0 852 336 0 923 0 768 812 33 413 436 684 622 376 300 0 705 779 0 94 424 604 696 831 944 663 0 446 207 444 279 257 38 609 158 411 172 840 697 0 209 915 0 131 0 638 258 500 72 608 669 883 0 0 0 284 770 0 0 571 389 10 0 640 3 236 0 157 0 660 511 99 552 820 505 0 120 248 605 455 829 521 664 968 945 436 808 0 764 299 245 451 499 270 642 0 960 644 0 451 357 63 453 997 618 858 634 617 0 0 455 0 839 59 768 603 50 692 894 507 0 946 148 155 335 512 594 530 19 235 0 0 95 249 790 25 884 273 73 0 57 401 422 551 214 0 0 445 0 714 203 955 400 968 957 812 927 0 0 0 677 490 0 0 71 196 0 580 0 983 636 876 57 0 0 37 0 387 843 0 350 0 789 0 469 0 883 0 0 810 0 0 
970 146 314 0 376 0 0 774 330 545 8 399 0 163 729 339 364 24 987 577 170 882 185 548 898 994 0 196 15 231 0 0 498 390 111 0 597 396 0 209 0 262 206 507 964 137 89 152 666 0 134 886 306 220 0 0 584 0 0 749 727 0 812 0 637 499 603 112 224 216 667 6 324 581 305 560 0 379 0 430 450 832 921 2 0 617 978 0 0 101 920 0 971 756 898 0 510 0 133 744 652 857 0 729 377 829 0 0 0 800 721 817 0 0 995 896 0 685 614 0 711 669 0 286 483 66 62 0 427 426 0 0 0 368 241 235 150 32 463 0 657 0 412 841 0 3 67 921 29 843 738 632 332 552 140 0 552 156 0 23 732 0 0 263 369 924 0 0 992 0 0 994 242 575 0 682 280 0 316 0 288 760 0 435 654 479 637 853 0 0 0 725 0 644 798 0 322 972 530 491 684 0 367 6 0 201 107 382 0 366 0 478 88 0 391 860 588 0 0 275 619 523 39 962 186 208 0 0 118 738 557 0 840 94 0 651 0 0 880 961 352 0 473 294 699 60 30 628 524 867 617 414 247 0 151 223 122 960 0 0 556 569 161 582 897 399 0 787 158 805 278 0 0 315 161 0 140 282 196 0 451 2 585 91 102 0 32 155 967 100 328 106 639 306 830 14 2 962 524 0 349 257 961 0 248 521 0 541 755 767 310 159 0 707 165 218 0 817 616 0 291 29 
535 614 0 0 804 0 0 0 624 279 5 587 163 0 0 366 970 0 143 433 764 0 671 527 392 833 176 479 173 493 746 0 954 137 260 196 511 26 787 164 971 773 40 891 439 910 829 919 0 25 39 218 125 369 381 0 48 673 776 0 813 159 0 647 467 325 342 653 0 975 0 33 84 143 110 474 691 370 358 917 939 943 9 278 665 590 370 0 190 385 265 328 0 530 395 400 163 294 239 0 0 924 820 0 0 52 513 707 144 635 335 219 0 471 276 28 0 0 554 537 46 817 465 0 0 107 163 657 0 0 86 739 289 0 0 105 0 816 452 0 437 439 0 210 486 0 908 56 539 783 273 564 695 836 919 945 968 838 478 452 822 10 380 688 114 685 756 740 0 227 0 337 455 232 0 0 870 0 0 0 704 769 0 388 874 351 0 131 260 548 0 904 351 433 584 554 472 202 0 128 933 447 899 0 962 420 222 284 811 881 0 98 0 974 548 754 353 841 507 548 873 952 265 833 646 0 363 569 950 637 356 0 405 564 778 982 163 707 220 867 0 0 11 934 0 439 819 0 0 796 0 0 313 869 557 552 879 0 614 855 0 111 46 828 757 71 514 804 339 776 731 388 424 0 967 970 209 790 981 654 238 952 0 0 290 184 679 44 404 280 474 815 0 148 76 0 118 0 600 18 835 621 143 0 881 105 765 0 607 415 300 0 948 682 737 0 0 918 284 868 345 0 
0 0 0 655 209 0 317 0 923 981 747 980 729 0 0 153 763 819 0 839 978 318 93 5 774 855 755 941 671 543 66 32 739 955 4 316 99 293 856 0 0 729 195 988 0 0 856 477 337 0 506 0 860 171 176 498 743 383 402 0 0 882 129 0 198 193 788 100 956 193 0 860 658 13 861 558 297 565 552 804 0 0 441 0 0 365 111 115 0 0 963 20 397 730 349 602 0 285 896 104 394 834 0 524 290 999 758 87 8 495 938 0 972 0 830 481 0 446 0 248 0 906 0 0 236 832 796 0 0 791 335 147 0 456 167 980 0 111 0 862 897 227 0 195 262 160 156 819 872 0 0 930 816 0 732 0 877 0 283 0 908 344 562 142 48 0 0 0 536 63 276 18 668 410 0 69 0 575 497 0 974 0 0 793 389 433 25 455 544 0 0 278 348 360 877 618 1 0 0 0 768 0 0 672 451 400 383 926 368 801 166 315 150 425 777 483 192 78 0 0 287 544 955 380 838 298 722 27 769 691 462 0 623 713 684 0 0 333 0 722 82 930 0 0 0 0 0 138 983 453 65 853 737 0 225 0 639 397 0 20 0 154 0 370 0 385 867 0 978 157 235 303 895 90 690 80 392 0 635 197 831 904 131 738 720 560 933 446 0 0 8 542 232 0 989 0 276 819 600 0 777 0 538 0 0 641 0 564 770 933 361 341 297 0 0 597 49 288 268 0 0 0 
0 807 24 990 962 70 0 853 605 921 391 240 339 366 153 0 335 679 0 0 0 0 0 780 15 0 448 184 0 937 560 107 363 0 387 224 111 366 0 0 0 851 802 518 0 201 625 827 94 741 725 14 225 864 90 450 55 672 664 112 0 923 403 846 908 0 192 111 298 0 0 861 38 590 607 8 939 0 657 111 0 415 622 345 0 825 235 527 644 0 198 577 665 0 300 0 110 871 896 886 573 129 0 603 435 92 565 910 0 313 815 311 697 447 0 763 278 0 804 582 531 813 0 41 139 422 0 277 941 0 0 380 290 0 996 294 281 642 964 336 107 176 695 0 223 247 418 68 0 394 0 990 358 530 440 216 510 700 0 493 526 186 959 735 132 629 62 50 825 468 0 150 594 0 858 755 858 927 548 951 442 927 504 737 483 547 852 641 0 292 169 0 588 789 0 406 0 971 0 152 0 0 323 847 110 762 0 0 0 233 4 0 795 26 170 689 759 303 128 751 391 216 900 0 489 585 0 353 752 0 211 143 725 565 776 927 70 515 927 0 772 278 748 547 86 147 685 513 0 210 0 0 693 0 518 677 924 308 314 0 0 829 0 930 945 724 0 317 5 826 0 572 0 0 695 991 398 629 872 361 0 803 0 978 979 137 775 0 213 950 0 551 116 190 379 183 357 86 789 873 0 939 740 672 691 160 320 0 233 427 283 237 197 966 191 589 80 485 0 510 471 624 
25 568 823 68 45 0 849 481 0 570 740 564 364 970 763 335 0 90 0 867 658 743 894 196 326 0 0 0 495 835 175 491 0 0 642 0 159 0 168 0 986 0 897 0 714 531 249 656 261 351 795 2 268 0 0 431 592 700 116 0 726 955 208 849 0 220 895 184 652 0 820 815 0 0 0 36 73 972 202 147 0 595 0 12 303 780 577 711 965 119 0 0 652 83 786 0 87 111 0 144 0 394 323 0 0 0 494 210 0 690 60 309 371 777 151 667 718 221 140 180 555 241 0 982 849 498 222 0 406 778 0 700 552 762 671 565 917 413 0 504 782 824 564 434 0 260 54 898 699 0 870 263 0 0 264 0 0 97 839 981 788 54 211 275 214 304 768 391 0 0 196 935 0 0 0 0 214 244 545 0 960 0 279 0 241 0 0 0 428 6 573 333 0 759 0 75 629 630 0 403 0 29 719 626 84 272 235 662 815 0 897 0 0 28 0 449 835 683 0 68 186 901 0 40 350 438 117 0 0 393 213 179 395 52 102 871 0 630 965 0 0 0 73 742 0 0 216 0 0 686 175 731 836 882 853 55 136 303 781 493 0 112 402 0 0 612 514 743 65 0 103 347 610 902 226 753 247 649 235 748 833 991 0 950 181 245 36 365 0 578 786 683 267 0 501 963 853 286 0 827 0 94 236 0 0 595 0 146 0 175 230 217 925 993 0 193 220 0 552 0 0 0 
140 401 725 305 20 779 112 677 0 0 951 0 24 0 819 679 90 0 0 749 319 4 0 0 822 676 0 533 28 252 82 0 812 939 0 140 319 839 352 211 803 0 510 779 527 956 586 347 444 225 835 846 823 0 0 909 47 856 253 318 563 0 0 0 236 417 0 0 788 0 881 0 967 91 0 668 517 894 57 296 506 0 5 0 0 126 813 863 712 0 105 0 0 852 261 630 0 666 0 989 403 63 551 531 0 415 610 488 0 800 0 346 854 623 0 917 0 100 726 589 460 0 710 895 0 254 0 361 689 0 489 213 424 888 528 504 0 338 0 26 991 296 0 261 293 397 544 593 243 345 765 774 446 772 619 400 1 0 0 470 439 403 610 148 220 970 0 264 0 520 550 0 558 992 210 415 665 500 263 870 0 0 0 507 41 0 0 638 73 143 810 0 494 913 0 489 760 443 369 468 325 801 0 60 0 0 0 567 751 133 0 902 637 926 39 314 0 0 0 254 0 133 890 281 0 0 111 350 0 797 698 485 747 0 947 301 417 581 0 0 339 0 268 502 622 10 0 384 202 386 766 113 0 0 60 458 0 0 0 0 793 866 796 783 678 519 529 524 91 398 0 255 114 613 794 365 0 821 841 96 0 888 714 714 74 841 852 618 128 459 149 0 817 390 0 893 701 0 43 575 757 0 463 0 868 498 822 447 127 438 848 492 0 165 158 0 0 498 949 277 0 679 
617 416 0 758 604 214 640 0 0 120 938 0 987 143 0 0 0 0 0 649 645 0 773 0 459 942 790 742 0 267 339 0 0 698 904 0 942 889 513 516 561 0 869 839 998 279 265 31 21 0 806 0 85 0 805 949 150 588 50 455 934 57 828 0 0 498 213 676 0 274 0 994 295 0 631 762 398 0 0 784 114 100 0 0 74 440 696 198 718 106 724 999 736 417 161 219 478 618 853 576 834 6 327 716 737 748 149 505 550 0 602 0 720 767 73 628 0 0 183 887 48 0 0 0 935 316 294 637 979 553 0 0 425 181 0 0 616 182 562 348 788 799 135 918 815 32 549 929 0 0 0 50 368 328 0 234 0 88 352 0 182 189 917 79 895 814 0 832 0 374 0 394 364 134 321 0 0 244 42 527 352 0 0 8 416 418 838 134 0 0 802 0 30 95 821 696 657 0 0 643 291 0 253 625 0 77 149 316 920 473 793 608 0 397 312 0 92 983 180 441 0 32 0 62 604 370 305 603 924 883 886 0 895 129 617 0 422 729 0 456 0 93 733 170 742 456 0 0 47 0 876 263 413 437 373 359 223 303 434 0 393 835 329 896 584 0 655 112 0 657 999 686 342 0 0 541 218 602 93 291 87 808 564 0 35 987 456 0 529 521 276 354 976 648 389 0 915 19 648 921 163 488 736 293 0 631 861 359 618 391 796 67 126 0 918 441 0 205 0 0 451 992 
554 210 0 703 149 611 0 820 594 0 120 853 577 433 839 0 867 749 649 0 911 334 614 0 955 0 395 611 501 933 510 568 0 177 612 993 809 626 0 771 829 377 893 615 0 779 0 500 306 622 856 196 0 255 899 156 0 796 716 0 0 0 236 901 940 0 858 0 0 681 466 377 957 0 678 157 527 375 749 367 625 0 0 386 402 225 0 0 403 161 544 204 310 29 25 827 0 613 614 450 900 566 752 0 0 94 477 0 590 0 12 487 292 0 313 462 0 0 368 0 514 76 681 0 369 549 853 0 870 446 452 271 163 863 640 299 119 0 52 0 944 34 541 0 559 0 779 0 0 365 0 53 0 147 753 994 521 123 337 0 896 946 0 801 49 499 310 463 0 503 808 969 791 773 266 0 761 0 338 426 0 820 672 38 598 976 189 399 397 804 553 967 243 641 154 518 80 0 378 573 209 765 119 484 0 826 0 294 43 580 381 133 825 872 299 524 134 977 681 416 617 0 181 166 0 961 579 973 767 0 448 462 174 880 977 290 718 898 210 918 416 565 214 640 279 966 608 606 427 975 233 542 819 549 0 195 0 830 478 319 524 362 4 236 0 0 907 910 434 0 105 515 0 247 0 186 784 864 0 661 0 0 0 663 465 882 0 0 243 594 561 0 380 537 0 0 0 148 216 560 749 0 562 189 70 584 261 0 424 257 18 936 491 801 0 451 0 890 721 640 370 0 
582 466 272 704 146 0 833 938 0 0 479 459 170 764 978 0 658 319 645 911 0 407 103 0 831 0 544 418 223 578 791 0 0 622 879 0 0 745 779 836 760 259 508 213 0 255 0 974 405 0 0 0 191 707 594 454 180 232 748 513 277 786 848 150 437 0 0 566 0 810 0 231 289 0 0 419 20 0 0 66 737 68 167 295 662 0 846 0 116 148 937 483 555 323 0 56 0 727 0 145 11 524 738 767 779 455 368 0 519 0 181 229 231 933 198 710 5 909 609 300 430 577 0 568 213 0 354 0 995 622 0 173 10 348 0 643 946 129 773 724 104 0 207 832 16 0 107 147 122 996 921 0 583 127 583 0 564 68 591 21 28 0 902 854 843 0 858 278 0 629 333 689 311 558 75 327 999 587 690 874 505 439 499 661 900 759 636 763 534 143 602 736 902 698 0 31 741 627 713 54 748 480 487 777 144 690 0 261 0 117 149 921 0 597 829 85 624 394 0 740 837 974 0 0 0 95 0 478 124 0 50 0 534 753 763 0 834 349 494 0 411 351 91 538 0 0 360 0 527 876 743 0 0 15 523 421 0 192 465 652 179 436 917 329 328 677 233 0 0 367 148 795 0 0 857 407 333 895 997 0 654 0 667 447 108 0 297 585 777 73 0 0 991 685 412 0 836 0 431 940 789 562 765 0 233 54 447 0 0 463 190 295 428 793 302 857 0 0 980 597 0 0 
133 812 761 0 896 407 31 0 537 333 972 587 882 0 318 0 743 4 0 334 407 0 0 0 192 801 0 72 0 588 0 146 0 0 291 765 890 892 205 990 83 918 0 508 865 417 90 581 290 94 0 21 0 355 101 487 0 0 102 232 396 486 415 917 18 695 749 523 893 565 8 976 989 0 649 389 510 491 0 165 866 778 856 0 434 525 709 0 583 204 178 873 954 406 8 0 42 566 448 500 695 705 866 584 0 856 439 0 20 851 201 756 442 855 285 0 658 774 548 559 720 679 221 664 668 0 683 210 0 148 478 998 0 271 0 23 507 748 508 67 870 0 423 231 0 741 49 562 259 925 0 458 86 0 340 868 0 598 11 0 23 219 377 227 355 711 584 0 86 0 0 684 0 44 164 370 0 805 0 327 277 741 332 241 74 974 655 822 422 955 724 405 0 20 902 0 984 589 845 216 484 0 0 923 789 818 0 577 904 774 0 16 642 750 503 264 11 0 909 102 0 856 810 420 665 980 0 146 510 967 240 460 912 0 492 307 409 0 705 700 483 822 723 371 0 559 0 0 633 509 47 0 821 538 498 964 49 0 694 262 905 16 859 616 410 0 494 0 942 44 0 0 974 407 637 667 0 173 222 0 0 313 661 745 0 616 0 663 407 632 0 732 234 327 885 0 0 767 0 0 24 113 148 570 0 293 17 0 641 0 275 76 994 0 0 779 494 29 96 483 722 523 
0 906 340 458 250 866 201 114 483 572 438 0 185 671 93 0 894 0 773 614 103 0 0 112 985 0 70 622 258 252 525 167 164 0 333 211 0 124 189 741 964 94 282 0 240 323 0 564 803 955 934 0 456 252 28 791 0 508 24 990 680 202 0 686 737 0 64 521 652 0 235 654 421 257 100 160 795 514 592 899 3 649 660 108 0 0 0 79 273 986 994 313 280 440 0 0 143 133 0 0 803 68 919 0 701 110 191 0 415 624 443 760 442 40 240 0 781 0 485 518 570 0 740 165 559 960 14 814 149 481 487 769 192 590 724 0 358 717 307 10 789 928 0 458 242 0 0 277 134 234 0 404 524 355 0 0 0 786 0 0 0 599 992 895 564 864 61 330 0 0 0 14 388 666 350 501 845 965 236 0 247 867 601 671 822 0 927 458 959 269 206 865 0 867 905 567 243 35 866 0 346 872 469 793 758 0 474 0 165 572 316 537 927 0 59 544 466 0 266 743 0 0 259 802 922 155 702 0 0 111 661 272 0 259 0 976 0 390 712 172 339 507 82 180 0 0 0 602 979 200 763 666 350 0 0 318 795 14 81 363 902 76 20 0 624 576 875 456 0 420 253 511 784 375 939 0 0 848 429 0 761 403 0 542 0 50 339 0 968 0 137 893 34 112 622 253 742 56 0 0 0 78 778 280 17 0 0 595 0 356 187 540 151 369 328 748 347 185 883 19 0 818 
786 0 322 122 878 185 526 0 0 819 812 0 548 527 5 780 196 0 0 0 0 0 112 0 493 195 570 0 616 937 295 0 229 119 264 0 309 881 194 553 539 0 262 0 782 26 0 989 0 0 427 944 710 419 246 0 348 775 65 588 0 660 4 755 653 264 895 80 198 899 521 473 0 756 416 335 0 515 690 852 254 0 356 0 733 0 511 0 286 0 0 530 211 210 69 718 84 190 137 449 636 318 30 361 26 0 0 889 496 774 0 5 723 0 787 0 195 766 128 0 966 189 69 0 951 925 240 893 288 620 0 0 805 855 351 406 782 446 0 199 63 785 0 755 232 0 533 136 0 673 400 0 522 463 386 879 985 986 513 0 0 0 95 377 172 850 42 714 303 0 637 882 842 593 382 460 544 796 546 0 753 452 882 0 313 603 0 0 905 793 867 0 947 19 318 0 0 968 614 967 539 728 18 582 0 533 87 266 377 699 0 0 417 463 964 146 566 0 334 40 855 471 753 5 82 0 637 410 143 97 439 466 151 776 490 998 664 0 123 576 0 514 651 131 0 442 400 543 902 0 0 0 179 932 490 614 465 36 0 0 214 483 701 140 607 118 0 319 477 0 39 0 143 776 523 0 132 0 39 342 0 625 156 416 382 208 299 394 888 514 496 42 0 0 0 0 288 983 0 0 0 0 446 961 747 0 0 153 558 463 961 770 795 663 900 963 516 362 988 0 548 65 
513 217 213 0 0 994 168 0 602 0 0 750 898 392 774 15 326 822 459 955 831 192 985 493 0 628 516 0 334 192 30 750 636 624 472 540 15 0 0 738 159 7 920 0 43 224 0 597 887 439 0 830 697 0 555 985 847 965 630 942 162 841 0 0 0 545 491 534 915 55 823 249 11 432 118 558 725 250 0 95 321 417 0 260 0 355 424 745 745 5 532 540 0 0 868 0 657 0 846 894 118 699 858 243 696 0 0 704 360 0 0 790 133 526 361 478 0 841 0 61 0 217 0 417 876 183 626 386 979 619 0 624 457 207 660 130 0 905 74 0 0 901 640 335 782 249 0 0 600 249 631 915 0 694 401 590 578 0 469 112 0 690 172 15 785 0 0 621 96 569 103 0 959 486 403 299 467 854 152 885 975 451 0 0 656 265 253 6 0 0 63 174 245 105 973 788 175 0 0 892 223 611 683 942 335 951 909 813 210 0 924 290 286 307 320 921 206 842 0 0 301 925 531 508 951 956 451 566 406 124 0 0 0 0 66 0 9 972 429 0 667 203 0 14 394 795 823 718 907 883 0 890 856 516 52 966 0 0 0 0 2 495 678 0 961 704 0 980 412 0 0 73 183 502 0 0 72 108 0 0 435 134 0 291 924 336 140 171 37 260 961 41 188 460 0 0 742 0 65 867 180 0 0 453 196 442 0 647 0 699 236 0 379 849 518 925 595 555 630 248 676 142 
760 960 756 0 31 697 26 750 188 802 581 513 994 833 855 0 0 676 942 0 0 801 0 195 628 0 973 0 0 768 930 723 114 735 578 98 588 646 0 965 254 0 0 348 843 529 517 886 531 0 332 0 290 0 894 145 107 188 200 44 0 415 527 625 376 0 500 314 764 207 938 0 59 682 0 906 352 0 734 0 829 876 939 0 421 303 685 4 515 498 422 254 653 0 432 968 264 0 0 214 354 965 0 170 139 675 568 320 119 36 695 384 282 634 0 0 0 404 570 135 261 509 0 257 365 0 416 0 0 0 0 0 320 691 658 758 0 170 830 962 145 680 347 500 837 155 800 14 438 0 0 130 0 949 468 566 0 0 460 139 679 294 355 0 0 543 2 0 755 355 0 376 986 0 0 514 0 0 299 0 0 786 391 503 635 649 622 0 0 641 812 558 233 835 952 410 0 603 599 209 424 0 0 131 204 641 364 0 577 335 148 801 446 314 72 170 0 253 716 0 738 0 0 601 801 0 40 554 732 115 655 225 211 390 0 51 552 364 570 334 345 942 0 111 0 479 421 229 771 188 972 351 0 834 551 106 19 465 548 0 901 0 190 184 318 519 540 126 952 112 0 783 229 579 757 0 992 933 189 533 456 427 353 302 0 580 990 937 299 618 339 438 0 742 259 275 0 365 0 608 483 0 354 185 0 225 321 0 944 0 421 0 681 669 526 791 656 0 39 340 695 586 
0 52 411 0 353 0 985 0 0 328 736 0 0 176 755 448 0 0 790 395 544 0 70 570 516 973 0 698 199 913 719 148 0 0 238 28 962 6 378 0 181 0 0 676 972 112 611 0 0 860 0 593 0 4 376 927 428 0 0 105 0 864 53 555 673 6 0 0 0 0 97 741 697 409 621 461 303 353 944 239 341 744 967 98 590 777 0 654 95 607 12 965 644 0 0 985 90 982 301 739 0 309 416 470 182 0 0 377 382 978 144 0 598 809 859 51 824 0 872 10 352 0 180 966 670 130 930 0 115 0 457 0 232 0 0 650 0 797 0 0 0 229 0 754 98 705 821 149 166 131 147 82 233 541 175 153 758 86 0 0 251 166 739 577 633 671 392 0 116 257 0 377 802 226 883 240 191 0 687 639 424 28 425 401 636 827 0 666 0 610 943 324 260 276 671 325 386 0 478 0 730 840 862 681 572 759 0 302 169 0 900 303 789 930 780 539 0 185 0 0 993 0 696 441 478 232 925 107 28 0 129 90 830 759 340 998 489 912 460 696 637 494 0 180 85 373 307 271 0 71 0 826 283 0 609 819 710 859 393 594 591 0 432 215 659 0 778 741 75 0 784 981 0 860 212 867 0 891 156 254 167 0 17 414 891 718 156 759 244 943 0 119 0 46 0 0 450 0 370 972 409 472 0 900 0 52 521 397 0 516 519 309 0 241 244 567 606 832 0 0 43 366 
336 132 0 0 402 707 925 690 555 333 455 80 196 479 941 184 0 533 742 611 418 72 622 0 0 0 698 0 765 63 0 537 873 963 0 41 461 0 0 0 166 757 105 897 134 0 0 396 0 952 160 747 721 772 575 0 0 475 0 320 82 0 293 847 251 0 224 613 0 641 754 8 269 579 278 423 979 309 18 984 0 920 818 829 584 0 0 428 925 398 928 684 112 911 0 428 0 0 975 853 0 353 945 0 0 191 951 460 434 608 65 675 0 638 947 855 79 668 0 374 400 691 767 957 0 0 849 352 0 392 0 0 175 745 228 323 0 854 779 0 771 532 762 894 412 937 0 897 820 750 0 0 543 0 0 0 0 391 115 567 0 976 388 317 0 0 733 396 597 382 329 0 282 11 959 816 899 80 123 903 0 0 883 312 417 170 747 608 0 483 934 152 195 4 330 0 172 0 628 229 826 178 51 93 0 0 374 699 808 166 969 0 125 258 14 466 0 576 563 450 0 0 402 786 600 743 618 0 911 508 265 127 0 0 883 945 437 641 0 724 0 261 0 0 0 3 183 953 242 967 673 305 913 748 650 0 310 61 773 265 0 685 0 0 699 456 767 0 848 635 0 372 532 142 252 884 0 127 375 992 0 500 932 212 755 557 640 0 827 0 326 19 171 754 796 116 773 309 0 164 327 0 95 231 744 62 573 0 710 913 75 998 0 0 176 552 0 620 0 325 936 854 
521 982 719 599 330 801 833 256 0 150 984 440 15 173 671 0 495 28 0 501 223 0 258 616 334 0 199 765 0 0 501 317 954 261 724 599 857 384 928 355 575 538 996 416 0 323 735 758 0 0 658 0 629 0 633 854 243 592 0 0 0 664 108 582 267 314 768 24 581 217 0 128 672 0 679 950 977 196 8 0 709 0 903 897 0 0 0 792 988 536 270 988 923 957 307 456 50 0 516 0 0 886 0 421 499 0 708 0 390 58 0 212 533 0 622 0 468 298 0 651 885 187 684 311 0 671 7 0 0 68 860 691 0 613 203 395 795 391 0 265 369 859 922 614 269 491 107 0 674 698 317 814 0 128 0 803 0 773 0 680 975 482 426 455 752 87 298 749 198 643 0 0 583 313 0 464 196 0 197 131 331 0 705 327 508 359 374 135 817 185 476 0 180 43 785 2 294 0 270 107 546 0 0 0 785 52 0 653 0 0 60 0 712 556 500 450 684 205 39 562 466 646 49 156 0 432 908 182 222 794 578 0 215 0 0 6 340 0 0 169 185 574 182 0 716 743 463 274 718 675 433 0 802 0 334 0 791 52 0 411 675 0 135 558 392 971 113 71 542 375 0 592 961 501 447 760 552 0 449 243 160 38 77 267 0 94 0 0 0 240 749 819 836 433 802 715 880 437 0 424 194 86 916 0 0 94 939 495 806 0 0 966 1 651 819 924 0 0 85 410 0 294 
224 208 221 2 510 131 312 162 0 128 0 962 231 493 543 937 835 252 267 933 578 588 252 937 192 768 913 63 0 0 0 645 17 246 0 965 527 511 994 818 574 0 0 495 681 0 766 65 550 0 595 107 851 630 0 219 0 325 379 828 830 530 896 403 0 953 249 762 737 416 0 0 0 403 91 0 72 717 0 892 169 102 919 0 0 144 592 116 841 429 398 0 384 691 948 751 0 201 0 943 351 0 257 0 571 0 665 119 2 724 765 686 459 59 341 162 0 871 942 0 853 582 377 287 598 380 691 439 638 0 759 692 184 150 0 129 984 48 950 0 470 0 640 619 254 612 161 184 999 220 241 345 846 439 0 588 560 706 472 29 0 0 969 495 0 59 0 906 789 0 599 0 356 302 138 999 694 423 382 41 913 0 575 917 620 445 358 231 0 769 356 407 745 701 800 505 997 145 0 368 163 482 964 224 0 173 727 796 678 46 0 89 543 12 975 817 852 349 0 371 598 0 936 911 845 997 0 16 0 491 276 564 818 0 504 0 0 471 582 557 263 0 270 981 995 0 0 417 862 728 541 788 730 555 331 705 0 66 0 0 805 104 281 131 439 0 278 0 905 138 305 118 886 312 978 0 802 427 568 597 0 57 188 638 515 824 774 0 134 0 990 328 225 0 784 0 0 0 0 0 233 389 0 254 324 368 130 144 843 578 0 470 704 111 0 909 116 0 979 372 0 0 
989 890 463 672 418 0 549 47 334 945 655 267 0 746 66 560 175 82 339 510 791 0 525 295 30 930 719 0 501 0 0 860 0 221 0 762 316 260 156 845 151 0 0 0 501 639 916 402 536 0 0 0 70 450 0 0 813 992 527 511 226 716 187 0 0 529 0 899 949 0 924 0 597 826 810 514 883 699 343 0 227 491 76 128 0 795 126 53 0 858 75 0 15 318 0 0 392 61 124 862 489 148 896 799 179 809 37 0 109 0 57 202 0 428 461 974 0 239 280 735 0 992 89 0 232 234 297 0 82 259 789 63 0 0 0 689 608 119 95 0 317 512 785 974 448 417 41 468 0 0 88 0 0 629 768 0 986 111 470 238 354 636 121 70 808 996 0 0 269 819 0 0 0 959 168 998 768 0 0 0 333 0 0 496 651 398 157 0 0 619 0 749 439 0 116 551 629 850 143 0 426 305 393 536 0 368 572 661 842 0 52 970 289 201 244 976 840 961 655 113 193 563 39 555 117 981 620 938 554 0 0 871 685 781 0 0 716 372 871 283 565 544 760 0 373 824 0 339 351 0 908 71 466 0 710 912 179 103 970 201 970 0 929 898 0 213 541 0 360 332 0 421 705 421 0 54 292 440 721 764 570 958 0 0 933 166 0 0 0 704 476 0 0 299 498 33 874 0 0 510 871 881 316 855 372 716 77 75 189 280 713 198 0 267 681 160 0 0 901 850 959 245 
546 17 990 0 611 712 171 819 582 0 221 678 0 0 32 107 491 0 0 568 0 146 167 0 750 723 148 537 317 645 860 0 191 702 757 566 0 81 0 185 503 0 46 181 384 2 0 106 0 638 698 612 854 735 204 0 554 955 36 0 514 0 836 212 0 654 750 31 813 0 489 0 583 647 962 676 0 0 685 0 128 608 885 252 596 240 199 376 681 677 967 987 960 498 991 985 402 770 169 0 924 486 100 151 160 947 0 0 558 0 985 891 808 0 60 529 311 764 633 54 961 132 156 326 644 0 0 0 704 188 528 111 141 28 33 0 822 958 431 309 0 599 941 421 563 664 235 92 648 95 433 0 420 0 0 0 231 974 816 895 215 0 84 444 171 302 708 919 105 411 270 157 476 0 906 156 175 827 392 215 136 0 0 189 605 565 206 782 0 95 0 491 110 684 0 971 128 910 217 0 0 630 800 480 0 49 164 0 707 642 0 991 419 666 0 461 0 766 0 334 0 563 560 41 842 0 0 782 875 575 215 202 433 0 926 840 125 210 638 738 596 0 0 0 521 243 0 725 498 245 99 540 0 499 939 315 275 242 564 721 27 606 241 756 11 922 0 821 931 805 0 0 917 0 464 957 712 996 0 842 131 382 759 718 417 514 0 901 815 291 0 266 697 221 928 357 15 710 0 721 802 157 248 713 887 0 0 0 194 0 0 556 985 460 59 636 890 0 904 185 463 484 
0 964 315 133 0 896 488 0 230 840 721 0 498 954 739 363 0 812 0 0 0 0 164 229 636 114 0 873 954 17 0 191 0 182 565 503 50 628 0 798 818 330 463 137 0 393 0 794 394 479 142 722 996 720 888 804 307 427 908 0 837 810 534 894 175 0 795 800 770 973 0 83 0 0 659 929 456 253 720 867 777 0 376 652 539 0 0 4 71 332 346 936 602 712 954 0 156 782 802 412 39 0 964 0 137 326 89 786 132 732 201 267 902 635 0 0 0 283 802 0 302 351 0 849 729 636 860 0 0 0 793 178 68 366 657 0 629 742 0 300 347 832 764 0 895 0 741 949 355 980 114 798 322 14 94 871 0 730 132 854 287 194 561 313 959 353 555 85 3 22 101 476 928 479 102 0 201 0 915 55 424 957 777 889 856 344 0 295 130 0 931 511 456 748 0 0 768 0 428 460 300 136 32 378 820 805 0 0 0 0 292 804 234 92 338 451 512 913 481 990 994 80 218 139 129 579 863 559 0 357 640 570 74 481 0 0 139 302 317 709 68 484 330 505 86 0 938 776 817 51 885 0 0 618 431 496 304 783 8 939 0 221 467 158 0 0 608 106 594 24 977 84 0 112 705 0 886 838 839 918 931 29 359 607 47 0 91 879 0 368 0 661 337 853 372 572 0 940 776 0 0 805 47 736 406 0 263 246 0 906 0 151 345 588 81 787 0 0 0 857 888 0 
566 704 0 0 900 126 157 376 137 9 189 204 390 137 955 0 0 939 698 177 622 0 0 119 624 735 0 963 261 246 221 702 182 0 823 552 594 881 0 0 202 0 885 0 344 265 285 0 345 932 919 713 203 0 954 320 253 374 749 2 823 351 924 0 89 0 0 650 725 563 858 813 217 795 566 388 568 0 363 393 569 0 0 237 571 144 0 281 375 0 244 296 0 0 42 47 0 0 859 636 312 0 234 157 489 25 0 0 316 0 557 7 16 0 0 455 0 946 1 189 535 692 700 678 485 563 927 0 135 411 272 0 0 0 0 291 706 784 922 354 474 839 574 0 805 0 408 673 392 40 359 591 0 224 563 716 239 688 832 242 0 710 0 744 0 787 0 180 0 406 25 155 41 824 646 435 44 145 313 317 355 363 530 92 117 265 74 316 640 0 195 562 569 710 699 0 0 813 309 0 917 360 837 748 425 390 262 0 779 767 0 7 384 644 497 125 825 457 607 27 571 329 150 393 0 255 0 353 0 0 0 193 150 655 705 0 989 0 0 433 262 184 0 890 107 0 343 136 0 0 80 475 57 0 627 223 304 60 950 697 0 994 557 0 861 285 0 571 464 346 922 600 350 685 330 56 858 823 455 60 0 884 563 820 58 0 782 267 388 559 0 486 348 885 108 784 645 628 638 87 188 0 0 151 810 933 3 792 801 0 835 267 559 0 264 0 0 651 0 0 11 592 
827 146 419 885 295 847 0 511 807 705 142 357 111 260 4 387 642 0 904 612 879 291 333 264 472 578 238 0 724 0 0 757 565 823 0 0 0 713 396 0 0 37 312 108 964 178 741 304 344 3 509 145 692 598 165 149 0 803 0 283 868 950 193 0 0 795 478 516 449 971 292 773 375 695 280 356 0 532 940 408 0 458 0 855 302 0 549 0 73 224 791 683 0 0 280 418 433 0 373 559 265 0 456 2 65 867 539 0 0 0 0 656 111 86 195 0 971 0 615 421 0 630 354 546 995 702 936 0 933 918 510 591 0 495 788 545 847 870 872 436 895 613 948 9 590 949 794 0 669 614 260 679 317 757 0 689 987 358 0 0 0 0 302 583 24 0 742 740 195 0 0 0 0 750 0 215 177 0 863 336 454 789 0 27 0 802 59 720 428 0 0 0 988 610 991 373 0 711 0 684 575 211 851 935 0 44 0 707 0 839 520 985 373 99 512 873 287 252 0 429 686 0 618 208 147 366 383 313 442 0 291 765 629 0 772 599 625 758 731 337 226 581 135 604 546 771 0 840 339 252 0 147 529 130 577 206 319 388 750 464 542 354 115 934 147 998 292 448 762 561 31 235 917 216 731 26 775 0 387 756 357 921 610 56 183 0 0 0 576 942 0 602 720 835 852 0 565 0 374 538 0 58 755 316 382 0 0 0 469 874 0 997 79 512 364 449 455 676 825 87 173 734 
596 210 538 767 84 31 269 731 673 715 307 688 0 196 316 224 0 140 0 993 0 765 211 0 540 98 28 41 599 965 762 566 503 552 0 0 492 0 394 32 93 928 848 894 0 182 997 0 167 55 0 0 0 697 4 79 0 0 386 0 0 943 205 0 0 719 492 874 0 78 394 326 634 58 348 711 0 960 0 331 0 988 927 0 454 255 666 734 525 978 658 496 430 0 700 444 75 520 190 0 207 0 0 911 0 24 178 130 947 912 0 354 262 670 729 308 0 0 98 418 876 398 823 978 27 0 251 0 884 103 0 768 0 393 772 0 999 159 171 345 810 0 0 597 0 53 209 830 120 294 307 569 780 0 0 453 0 750 0 853 983 144 81 378 381 0 698 59 782 789 810 866 504 482 500 0 452 794 34 23 14 0 291 373 828 17 384 486 714 0 89 992 827 0 199 991 466 0 644 60 782 735 204 66 488 882 850 257 644 395 0 277 0 0 0 0 334 206 844 0 298 920 443 791 731 0 0 386 337 48 679 336 988 0 816 785 563 0 304 467 694 0 830 336 770 354 0 0 0 830 570 162 0 0 62 0 713 153 0 0 725 349 529 795 0 655 0 611 644 0 0 304 85 571 980 932 325 37 712 0 58 266 857 0 967 762 0 308 205 535 803 806 402 683 538 0 680 26 522 170 573 703 0 247 0 121 413 644 603 418 652 758 80 718 869 125 51 439 0 0 0 515 
