0 371 366 716 0 200 799 151 0 58 527 0 0 516 0 464 65 553 575 892 878 0 157 381 714 0 0 917 429 46 854 300 349 0 400 0 0 501 0 675 425 28 581 0 0 642 955 312 283 135 0 972 450 458 621 0 0 204 0 835 323 357 0 722 679 679 165 0 272 285 853 0 0 59 881 831 623 903 500 391 0 0 0 0 0 581 944 0 455 122 365 283 369 0 180 0 0 0 628 343 695 412 0 563 328 446 66 0 0 528 264 584 
371 0 0 806 0 0 928 176 187 436 0 941 974 450 0 108 432 150 0 968 779 262 236 148 0 0 0 902 799 0 221 565 0 0 0 509 50 83 737 432 473 0 0 299 487 0 955 255 823 123 495 380 0 243 834 351 309 0 562 778 579 0 0 656 900 871 0 292 566 465 0 534 925 331 0 746 689 317 125 899 226 494 725 253 104 590 915 0 425 603 15 961 672 0 105 0 284 406 0 668 222 892 4 905 960 244 515 117 765 962 965 501 
366 0 0 14 183 0 645 666 0 70 781 3 979 179 517 237 262 568 310 170 280 754 0 712 412 0 206 603 642 577 93 106 925 773 82 0 930 761 657 0 950 758 478 165 855 0 695 536 0 102 571 294 0 0 797 119 0 115 993 0 396 372 0 388 320 0 459 923 0 0 0 0 593 0 599 0 0 185 728 297 276 648 0 210 314 849 10 35 60 685 364 93 246 543 743 220 775 0 877 281 538 194 533 0 586 0 944 343 0 575 966 0 
716 806 14 0 555 664 0 453 512 633 95 921 664 0 748 478 0 807 275 31 365 761 352 135 0 914 780 568 542 656 558 914 941 0 36 517 652 0 709 43 0 27 994 0 485 404 778 12 579 588 127 187 369 822 905 344 37 900 486 560 171 0 822 951 89 230 524 0 0 0 840 135 948 0 0 0 0 109 86 876 594 525 0 69 142 895 0 935 933 295 181 828 575 210 0 378 0 964 590 0 916 110 263 514 0 0 932 0 251 0 8 660 
0 0 183 555 0 512 923 664 0 100 894 0 663 896 963 705 111 876 474 0 386 0 0 117 0 0 941 726 229 267 52 328 0 0 289 511 195 0 291 794 0 0 0 69 388 9 0 0 332 489 347 424 307 637 7 506 140 365 764 301 0 878 327 133 0 525 87 746 755 683 861 966 541 857 0 820 0 445 0 114 859 704 0 12 249 829 408 767 0 868 59 584 144 189 689 331 257 0 179 61 273 789 0 209 0 132 51 738 771 408 792 279 
200 0 0 664 512 0 554 152 790 769 895 629 929 602 0 0 0 0 151 981 181 610 669 0 344 97 505 155 0 101 930 154 55 538 324 597 579 439 78 0 180 776 811 121 46 815 622 918 0 150 843 503 0 653 0 163 0 0 55 582 472 750 571 0 724 668 89 66 450 257 394 0 0 599 670 0 29 646 675 0 543 0 848 301 0 0 581 0 441 0 0 939 920 72 0 0 208 0 510 814 0 18 832 0 56 0 514 441 0 698 88 702 
799 928 645 0 923 554 0 49 849 0 0 793 63 148 0 445 0 0 2 493 957 177 0 221 245 738 497 322 0 509 758 0 794 852 602 204 0 0 73 146 572 0 715 759 765 474 173 573 334 620 0 537 388 377 291 47 638 771 0 627 500 649 86 563 0 849 0 0 0 322 34 904 639 0 184 421 881 631 581 773 928 71 187 0 443 0 386 515 0 354 0 109 307 0 244 0 204 0 105 957 0 668 255 764 533 148 260 921 0 0 35 466 
151 176 666 453 664 152 49 0 350 108 203 667 886 0 0 528 862 926 372 0 236 179 408 398 0 0 130 0 420 772 735 885 648 396 0 0 533 411 0 973 357 0 249 187 283 561 383 0 61 0 841 0 0 344 0 469 831 0 256 535 172 0 538 721 468 0 313 601 127 890 1 0 255 156 687 401 294 295 188 0 0 165 987 0 942 0 0 560 321 939 10 947 0 840 93 717 832 883 397 50 101 965 484 744 296 809 3 774 293 284 0 0 
0 187 0 512 0 790 849 350 0 706 0 0 791 402 244 952 666 0 525 0 0 88 115 203 0 683 40 625 0 605 609 289 673 0 315 0 306 0 849 172 0 0 544 756 967 564 581 734 494 102 0 527 738 191 225 247 712 881 800 911 263 379 302 679 756 144 0 410 863 245 830 223 901 560 974 525 0 852 0 0 239 0 0 45 840 0 512 0 0 0 438 0 827 0 179 106 587 0 161 483 274 0 991 540 174 0 145 740 391 865 326 659 
58 436 70 633 100 769 0 108 706 0 471 855 0 0 0 0 631 0 0 0 80 86 829 0 88 0 134 678 526 614 0 601 0 0 0 76 737 374 395 0 807 0 683 0 290 238 0 121 68 195 0 355 840 389 522 958 306 532 0 526 230 225 245 0 356 444 483 792 10 660 0 86 251 558 0 26 768 0 568 653 73 0 59 192 450 246 0 692 112 0 157 869 167 780 0 702 805 269 791 0 0 547 212 457 603 0 444 930 515 681 507 794 
527 0 781 95 894 895 0 203 0 471 0 392 75 0 0 118 582 653 0 235 514 0 388 131 678 534 774 904 53 360 478 0 118 787 26 0 0 676 0 803 0 768 350 784 28 572 873 0 881 87 114 224 435 783 880 696 837 635 414 0 922 695 215 0 805 364 954 53 870 565 0 0 0 84 871 878 0 714 695 575 0 0 0 760 844 730 891 55 391 567 504 514 388 460 886 286 0 613 328 511 793 0 0 148 60 921 279 18 905 0 164 612 
0 941 3 921 0 629 793 667 0 855 392 0 696 842 567 0 965 963 667 781 320 77 785 0 441 413 0 0 93 231 228 0 275 389 701 523 528 394 46 0 478 84 534 856 252 0 132 857 0 294 229 0 453 0 0 608 0 0 790 337 474 0 17 0 742 665 514 797 227 0 473 289 147 784 0 185 393 332 872 182 848 0 812 587 586 497 507 472 172 670 0 564 679 668 715 0 0 0 219 0 200 241 685 639 0 513 340 136 416 143 0 754 
0 974 979 664 663 929 63 886 791 0 75 696 0 0 217 895 158 226 0 0 632 847 0 262 230 984 886 770 742 41 250 820 0 816 993 0 74 983 416 21 799 0 449 205 0 838 0 145 0 965 972 421 261 622 167 532 121 108 0 484 223 134 746 904 721 114 0 550 944 937 767 0 45 0 584 0 449 0 579 242 462 616 922 453 112 0 434 891 298 537 483 69 963 0 0 779 745 0 0 0 29 9 71 465 705 213 369 667 0 951 958 564 
516 450 179 0 896 602 148 0 402 0 0 842 0 0 78 0 218 331 678 815 0 976 463 893 755 6 38 961 49 0 369 0 271 961 0 0 0 0 546 0 399 79 508 0 628 941 359 0 754 0 426 633 353 310 358 708 23 125 0 160 252 288 819 664 572 978 626 974 871 0 0 0 0 886 749 502 375 753 223 868 507 909 908 72 527 465 0 885 325 184 873 242 0 0 306 771 803 404 750 763 501 972 0 0 0 893 347 944 303 831 327 0 
0 0 517 748 963 0 0 0 244 0 0 567 217 78 0 319 0 300 815 210 0 285 22 0 8 0 413 987 821 777 533 370 0 106 525 527 367 113 693 0 591 300 0 180 954 0 0 0 677 0 919 396 861 880 781 358 965 165 620 199 0 0 799 937 438 696 387 758 240 918 546 0 632 846 139 305 704 934 633 823 148 278 553 639 574 997 799 889 903 765 0 466 209 440 177 0 621 0 454 822 759 0 226 566 619 747 891 0 771 0 375 654 
464 108 237 478 705 0 445 528 952 0 118 0 895 0 319 0 559 165 25 190 455 270 0 866 834 198 247 318 319 450 39 745 681 432 253 311 696 513 130 0 0 0 199 584 0 0 0 0 9 0 0 275 0 0 639 0 515 763 667 731 402 805 222 258 674 861 0 131 342 122 0 460 855 18 0 179 155 81 401 57 810 191 881 0 371 0 227 236 635 115 888 523 818 429 0 0 0 0 0 173 78 81 791 0 324 812 578 182 355 190 465 679 
65 432 262 0 111 0 0 862 666 631 582 965 158 218 0 559 0 930 123 0 0 0 645 803 21 0 252 0 619 0 806 344 371 224 878 420 745 0 131 597 0 287 0 105 334 742 263 402 0 577 264 654 0 246 162 809 692 435 0 0 230 44 0 458 74 546 680 58 0 0 305 204 402 0 966 0 578 864 0 116 8 309 376 173 861 0 0 302 972 383 0 739 759 352 951 130 549 0 780 590 822 993 679 70 574 543 0 703 304 0 346 0 
553 150 568 807 876 0 0 926 0 0 653 963 226 331 300 165 930 0 528 420 266 0 811 0 433 939 0 177 402 28 524 590 186 180 0 984 0 270 0 0 599 32 0 553 753 305 737 964 993 507 362 0 747 719 503 640 0 0 710 139 0 684 620 260 0 673 60 707 821 62 0 152 624 81 903 746 761 0 572 751 595 916 670 961 127 0 0 574 285 520 152 579 0 935 0 297 0 243 958 800 694 225 0 736 0 0 0 969 910 0 451 910 
575 0 310 275 474 151 2 372 525 0 0 667 0 678 815 25 123 528 0 344 0 0 0 98 97 0 794 572 63 965 0 14 0 0 251 528 0 0 31 76 8 378 577 302 915 717 857 113 0 0 901 108 0 284 642 775 0 0 0 247 844 485 414 909 221 609 0 202 0 962 0 40 0 366 590 446 24 991 0 902 186 18 288 875 678 719 191 918 0 0 61 784 258 144 190 908 581 535 0 0 0 942 0 493 350 0 569 398 0 560 50 158 
892 968 170 31 0 981 493 0 0 0 235 781 0 815 210 190 0 420 344 0 203 435 580 209 74 0 0 926 237 642 700 494 0 301 0 745 178 0 0 176 0 933 0 401 607 996 231 506 441 244 111 543 269 225 558 952 0 0 0 658 895 50 970 0 215 507 0 0 290 17 0 734 135 947 0 979 781 51 415 755 956 513 859 902 648 356 536 45 0 349 75 387 54 13 447 748 0 0 754 612 521 821 444 0 813 807 726 730 544 564 39 0 
878 779 280 365 386 181 957 236 0 80 514 320 632 0 0 455 0 266 0 203 0 886 988 100 662 127 28 0 359 165 737 65 103 255 337 236 538 945 0 535 0 294 0 615 328 293 719 163 531 0 297 107 17 0 684 458 0 317 799 0 457 421 87 822 288 586 220 178 589 65 0 515 409 722 0 623 304 717 774 573 237 0 38 476 849 931 0 262 622 0 283 572 254 0 0 216 982 0 76 0 0 3 654 298 0 106 0 0 92 3 357 0 
0 262 754 761 0 610 177 179 88 86 0 77 847 976 285 270 0 0 0 435 886 0 404 392 754 0 368 852 7 936 710 0 3 832 0 253 415 156 10 93 0 753 216 0 583 0 0 390 329 840 557 604 10 57 0 244 0 934 45 315 0 269 963 751 418 899 0 685 64 95 334 923 694 378 252 360 448 731 196 606 919 569 517 547 310 776 0 356 453 448 202 261 0 989 0 402 305 0 630 80 367 949 817 342 0 0 775 225 475 171 251 496 
157 236 0 352 0 669 0 408 115 829 388 785 0 463 22 0 645 811 0 580 988 404 0 515 368 236 408 111 903 6 0 277 0 23 400 418 249 28 328 729 516 0 878 717 623 0 0 215 664 0 799 626 967 878 496 0 418 713 820 853 343 246 424 0 0 928 327 0 0 658 957 740 0 0 0 0 0 52 510 407 653 528 0 0 651 448 804 496 910 137 883 0 231 341 640 20 18 0 0 847 214 0 849 0 0 0 27 214 212 783 955 138 
381 148 712 135 117 0 221 398 203 0 131 0 262 893 0 866 803 0 98 209 100 392 515 0 621 493 432 617 0 519 373 721 409 571 0 613 0 129 568 51 312 538 17 710 0 143 50 186 859 0 359 356 434 573 0 371 0 996 925 0 318 18 522 45 0 0 212 856 0 833 0 0 533 705 263 0 0 546 971 674 854 700 0 0 0 0 0 257 645 0 624 0 388 822 996 908 0 588 756 450 104 0 219 0 595 562 949 424 0 0 0 78 
714 0 412 0 0 344 245 0 0 88 678 441 230 755 8 834 21 433 97 74 662 754 368 621 0 18 865 425 271 148 162 0 0 130 0 0 497 320 497 316 0 894 0 900 656 0 0 690 608 181 0 7 105 665 0 883 0 399 895 0 371 0 3 686 0 59 692 523 517 640 987 219 914 117 436 365 191 635 0 908 145 0 709 0 0 226 0 0 51 0 0 797 377 642 0 0 0 260 0 0 953 605 0 0 731 563 586 643 99 493 958 261 
0 0 0 914 0 97 738 0 683 0 534 413 984 6 0 198 0 939 0 0 127 0 236 493 18 0 642 0 343 0 55 790 238 0 398 375 0 781 0 877 323 0 866 362 423 0 602 358 153 276 348 0 605 655 383 123 635 601 266 223 0 46 0 708 0 0 568 629 941 235 237 577 278 984 265 0 550 558 303 298 264 0 328 0 0 575 501 643 533 0 639 794 349 268 0 409 0 66 694 376 112 336 342 916 196 0 911 0 795 0 495 122 
0 0 206 780 941 505 497 130 40 134 774 0 886 38 413 247 252 0 794 0 28 368 408 432 865 642 0 900 0 25 346 781 769 448 314 652 330 926 0 0 0 235 38 0 43 0 509 241 128 0 931 758 178 832 386 969 0 427 62 0 248 961 25 140 414 93 432 689 610 965 0 0 553 0 301 0 506 650 0 239 915 697 790 0 0 151 598 93 269 249 0 129 911 428 849 692 607 914 744 0 407 543 593 701 232 314 794 356 0 0 214 246 
917 902 603 568 726 155 322 0 625 678 904 0 770 961 987 318 0 177 572 926 0 852 111 617 425 0 900 0 930 490 0 0 817 476 0 187 541 0 479 742 589 793 517 26 81 410 0 335 979 0 480 246 949 0 0 890 740 825 880 436 784 0 35 45 53 382 652 503 874 809 0 252 482 314 900 0 456 559 149 118 765 622 0 0 793 0 837 104 812 0 806 0 694 750 83 929 288 680 812 544 0 154 938 760 0 314 284 44 373 571 132 403 
429 799 642 542 229 0 0 420 0 526 53 93 742 49 821 319 619 402 63 237 359 7 903 0 271 343 0 930 0 996 620 90 711 0 284 0 786 379 188 924 286 0 586 917 247 0 125 193 0 457 0 394 278 420 0 971 517 763 118 0 550 494 0 0 384 141 504 893 0 934 478 889 0 0 613 180 160 839 0 555 740 289 961 0 110 0 121 204 986 847 252 133 389 591 27 249 14 399 25 507 70 599 863 625 929 0 727 673 308 470 130 559 
46 0 577 656 267 101 509 772 605 614 360 231 41 0 777 450 0 28 965 642 165 936 6 519 148 0 25 490 996 0 382 722 0 327 761 183 812 468 547 193 68 981 632 100 550 956 987 408 618 883 713 273 0 0 473 0 0 241 447 0 854 724 459 209 989 561 438 0 299 0 255 364 95 834 477 709 408 945 916 834 0 267 0 943 400 637 517 100 915 0 990 0 335 967 766 796 0 548 175 700 286 468 157 600 997 0 371 904 901 0 0 748 
854 221 93 558 52 930 758 735 609 0 478 228 250 369 533 39 806 524 0 700 737 710 0 373 162 55 346 0 620 382 0 527 90 565 318 296 576 882 649 0 618 630 620 452 179 0 0 159 554 0 32 0 180 13 181 0 0 0 37 62 902 311 310 295 635 552 0 788 503 566 286 230 837 625 361 0 341 45 325 0 567 179 0 825 275 0 847 97 533 745 263 854 0 0 610 529 0 570 0 0 477 259 773 279 0 666 421 660 0 173 0 0 
300 565 106 914 328 154 0 885 289 601 0 0 820 0 370 745 344 590 14 494 65 0 277 721 0 790 781 0 90 722 527 0 641 684 408 0 605 866 842 957 696 467 229 780 0 173 282 0 0 774 958 0 0 390 842 409 330 0 648 0 602 376 52 67 270 470 0 10 277 836 706 606 95 9 325 762 498 709 473 0 213 178 686 337 78 606 499 659 858 0 0 348 256 48 737 247 397 766 586 784 812 361 904 50 661 0 363 622 995 58 457 391 
349 0 925 941 0 55 794 648 673 0 118 275 0 271 0 681 371 186 0 0 103 3 0 409 0 238 769 817 711 0 90 641 0 118 241 945 320 898 311 0 118 834 0 915 0 690 0 477 843 22 546 352 0 547 24 0 0 889 386 101 158 53 0 644 439 273 207 866 0 621 0 157 0 877 392 435 454 0 0 497 0 833 904 0 271 0 698 3 129 614 946 467 292 84 499 30 395 160 953 947 800 499 152 553 221 427 0 302 388 728 98 255 
0 0 773 0 0 538 852 396 0 0 787 389 816 961 106 432 224 180 0 301 255 832 23 571 130 0 448 476 0 327 565 684 118 0 505 560 0 445 0 391 713 702 862 84 483 0 947 511 587 573 0 181 0 448 0 0 784 298 0 779 653 406 9 982 0 0 114 615 229 0 0 177 560 614 282 716 712 87 362 0 774 100 249 860 258 0 645 845 0 718 228 953 20 75 575 408 661 275 531 0 675 0 575 533 762 753 931 47 583 0 0 906 
400 0 82 36 289 324 602 0 315 0 26 701 993 0 525 253 878 0 251 0 337 0 400 0 0 398 314 0 284 761 318 408 241 505 0 0 523 259 657 345 0 0 21 626 373 0 0 212 0 609 565 517 672 870 423 0 4 915 745 278 832 747 708 84 923 0 958 68 0 453 996 636 96 491 0 591 0 721 0 919 432 409 614 611 562 0 273 602 759 306 375 0 930 538 212 920 228 576 910 292 0 828 974 250 643 129 94 0 0 443 0 106 
0 509 0 517 511 597 204 0 0 76 0 523 0 0 527 311 420 984 528 745 236 253 418 613 0 375 652 187 0 183 296 0 945 560 0 0 0 456 675 527 279 339 510 301 72 171 404 286 999 516 0 68 826 726 600 377 813 189 480 520 0 129 0 36 885 0 64 622 307 809 0 133 0 690 588 0 784 939 974 0 955 0 471 0 321 147 833 742 364 870 381 0 113 670 268 846 724 0 0 0 788 519 409 496 0 20 117 668 74 49 627 0 
0 50 930 652 195 579 0 533 306 737 0 528 74 0 367 696 745 0 0 178 538 415 249 0 497 0 330 541 786 812 576 605 320 0 523 0 0 70 0 757 760 217 813 339 609 0 660 744 0 23 152 234 0 187 0 925 331 0 861 216 295 740 0 0 280 581 0 0 906 376 80 885 71 927 0 999 0 991 405 586 527 177 0 0 668 590 61 0 165 0 0 360 262 699 0 0 517 749 690 484 620 0 313 59 0 512 651 826 0 0 422 553 
501 83 761 0 0 439 0 411 0 374 676 394 983 0 113 513 0 270 0 0 945 156 28 129 320 781 926 0 379 468 882 866 898 445 259 456 70 0 672 0 247 0 0 120 522 0 957 0 944 0 985 880 756 130 65 4 968 96 0 717 284 986 609 580 0 420 0 831 6 437 0 411 300 878 839 445 855 757 416 157 947 102 0 952 540 5 0 307 123 136 749 0 593 590 0 576 468 559 0 83 0 0 677 233 530 673 754 0 783 347 0 901 
0 737 657 709 291 78 73 0 849 395 0 46 416 546 693 130 131 0 31 0 0 10 328 568 497 0 0 479 188 547 649 842 311 0 657 675 0 672 0 847 489 0 0 0 185 748 882 0 875 0 73 903 615 879 765 965 452 870 184 701 659 344 501 231 0 0 313 0 0 231 0 637 144 725 784 959 883 0 249 495 387 300 464 114 0 103 0 928 207 699 422 0 0 173 308 0 0 0 0 0 683 661 785 0 882 764 498 820 623 133 623 736 
675 432 0 43 794 0 146 973 172 0 803 0 21 0 0 0 597 0 76 176 535 93 729 51 316 877 0 742 924 193 0 957 0 391 345 527 757 0 847 0 904 0 80 0 303 0 699 0 620 0 915 275 0 247 0 479 0 664 473 123 800 266 684 0 164 38 0 434 104 921 0 0 249 0 324 51 0 472 396 848 794 510 847 246 563 833 536 0 195 36 147 696 201 147 425 0 0 989 470 982 852 781 99 333 686 0 0 738 653 522 168 897 
425 473 950 0 0 180 572 357 0 807 0 478 799 399 591 0 0 599 8 0 0 0 516 312 0 323 0 589 286 68 618 696 118 713 0 279 760 247 489 904 0 538 213 0 0 0 675 597 374 26 0 892 785 254 613 12 183 732 0 0 647 0 295 123 425 0 207 874 0 651 0 292 169 199 163 0 482 286 64 578 948 138 0 346 472 664 431 0 797 95 559 0 980 0 0 0 333 0 0 888 0 0 800 0 302 727 897 52 0 472 596 259 
28 0 758 27 0 776 0 0 0 0 768 84 0 79 300 0 287 32 378 933 294 753 0 538 894 0 235 793 0 981 630 467 834 702 0 339 217 0 0 0 538 0 0 359 502 71 0 977 206 597 0 492 0 742 47 0 0 460 452 211 690 824 545 575 988 851 56 315 953 576 344 632 986 15 0 712 906 0 641 513 0 741 257 0 0 883 726 310 508 119 209 341 508 963 992 408 892 0 0 12 315 0 626 584 486 478 0 66 0 0 0 286 
581 0 478 994 0 811 715 249 544 683 350 534 449 508 0 199 0 0 577 0 0 216 878 17 0 866 38 517 586 632 620 229 0 862 21 510 813 0 0 80 213 0 0 0 604 0 463 228 0 164 326 0 892 621 0 366 300 495 142 415 0 0 209 440 220 765 0 229 809 357 201 863 0 900 55 164 0 552 0 365 0 0 547 472 0 402 691 0 20 656 0 326 315 716 517 126 712 40 672 944 734 35 947 628 0 501 0 474 0 703 128 0 
0 299 165 0 69 121 759 187 756 0 784 856 205 0 180 584 105 553 302 401 615 0 717 710 900 362 0 26 917 100 452 780 915 84 626 301 339 120 0 0 0 359 0 0 742 1 329 0 880 0 0 0 427 0 0 366 116 553 0 186 134 642 225 274 0 991 0 734 0 449 0 0 42 407 938 0 701 425 94 0 350 877 328 995 0 505 895 0 567 26 691 11 0 116 0 846 840 412 285 0 695 860 51 0 785 168 750 259 0 482 828 356 
0 487 855 485 388 46 765 283 967 290 28 252 0 628 954 0 334 753 915 607 328 583 623 0 656 423 43 81 247 550 179 0 0 483 373 72 609 522 185 303 0 502 604 742 0 513 240 816 867 0 0 718 419 641 90 670 487 86 439 0 696 0 660 459 0 244 320 78 0 779 0 0 482 348 84 36 374 742 398 149 500 616 660 463 0 805 475 0 0 292 0 350 490 778 332 0 170 875 268 412 976 153 522 288 849 817 243 44 0 973 742 0 
642 0 0 404 9 815 474 561 564 238 572 0 838 941 0 0 742 305 717 996 293 0 0 143 0 0 0 410 0 956 0 173 690 0 0 171 0 0 748 0 0 71 0 1 513 0 471 428 253 674 0 0 0 391 0 515 851 787 286 905 551 119 506 690 0 571 945 383 139 595 992 0 0 0 0 400 595 0 0 908 276 975 460 555 0 869 0 81 0 341 0 100 543 0 0 766 0 0 740 520 344 720 0 128 189 469 0 220 0 39 0 263 
955 955 695 778 0 622 173 383 581 0 873 132 0 359 0 0 263 737 857 231 719 0 0 50 0 602 509 0 125 987 0 282 0 947 0 404 660 957 882 699 675 0 463 329 240 471 0 852 753 154 489 324 410 396 521 0 506 312 670 939 269 352 0 608 869 668 764 0 843 157 854 0 84 28 249 0 0 209 0 571 174 0 0 343 158 789 901 403 0 424 63 808 0 60 0 0 0 835 0 0 0 331 295 600 84 331 787 760 117 529 957 0 
312 255 536 12 0 918 573 0 734 121 0 857 145 0 0 0 402 964 113 506 163 390 215 186 690 358 241 335 193 408 159 0 477 511 212 286 744 0 0 0 597 977 228 0 816 428 852 0 102 578 0 939 315 324 893 280 387 0 365 0 28 533 94 621 360 118 1 943 484 634 963 777 0 966 345 0 927 495 0 541 0 65 0 0 422 857 24 440 288 0 573 995 24 0 437 768 0 206 91 76 476 45 496 922 0 67 0 5 141 511 726 839 
283 823 0 579 332 0 334 61 494 68 881 0 0 754 677 9 0 993 0 441 531 329 664 859 608 153 128 979 0 618 554 0 843 587 0 999 0 944 875 620 374 206 0 880 867 253 753 102 0 67 425 287 959 231 471 0 0 519 0 139 416 0 431 373 720 309 848 0 620 591 0 197 538 0 0 0 446 844 0 342 597 785 58 550 0 504 241 446 0 129 436 0 225 579 71 123 496 835 553 802 0 716 5 821 139 70 969 938 0 134 804 0 
135 123 102 588 489 150 620 0 102 195 87 294 965 0 0 0 577 507 0 244 0 840 0 0 181 276 0 0 457 883 0 774 22 573 609 516 23 0 0 0 26 597 164 0 0 674 154 578 67 0 550 0 288 716 798 0 412 0 893 928 136 90 0 460 945 0 858 63 0 835 248 767 173 26 120 0 750 453 509 85 638 0 82 316 0 260 477 644 537 589 0 379 785 879 0 356 748 30 0 0 0 0 774 0 619 276 297 373 0 796 696 557 
0 495 571 127 347 843 0 841 0 0 114 229 972 426 919 0 264 362 901 111 297 557 799 359 0 348 931 480 0 713 32 958 546 0 565 0 152 985 73 915 0 0 326 0 0 0 489 0 425 550 0 457 80 630 596 0 293 328 0 742 733 527 131 490 0 101 314 113 886 377 904 914 996 633 0 0 773 800 0 308 258 0 151 324 865 725 68 120 237 529 91 88 0 399 947 511 509 877 0 844 278 0 240 261 0 680 0 0 789 464 0 667 
972 380 294 187 424 503 537 0 527 355 224 0 421 633 396 275 654 0 108 543 107 604 626 356 7 0 758 246 394 273 0 0 352 181 517 68 234 880 903 275 892 492 0 0 718 0 324 939 287 0 457 0 981 571 588 989 0 975 725 257 829 0 0 569 463 524 0 268 0 99 788 119 629 262 126 601 513 150 0 632 3 0 58 393 383 832 380 0 379 0 409 403 0 304 210 204 751 196 302 604 0 823 558 48 834 0 123 625 628 0 0 270 
450 0 0 369 307 0 388 0 738 840 435 453 261 353 861 0 0 747 0 269 17 10 967 434 105 605 178 949 278 0 180 0 0 0 672 826 0 756 615 0 785 0 892 427 419 0 410 315 959 288 80 981 0 854 767 0 136 216 0 0 136 0 884 207 830 904 432 0 321 103 352 0 0 266 194 888 692 331 663 906 231 378 68 144 749 168 565 612 768 520 297 757 0 390 0 550 836 679 150 69 387 419 633 573 472 142 0 0 0 884 542 727 
458 243 0 822 637 653 377 344 191 389 783 0 622 310 880 0 246 719 284 225 0 57 878 573 665 655 832 0 420 0 13 390 547 448 870 726 187 130 879 247 254 742 621 0 641 391 396 324 231 716 630 571 854 0 0 849 302 403 274 373 657 75 0 0 401 607 620 0 718 745 0 192 725 59 715 0 512 504 718 890 0 0 0 0 576 775 535 523 217 0 585 0 984 698 0 666 67 605 201 0 535 113 982 0 0 972 771 967 586 0 17 209 
621 834 797 905 7 0 291 0 225 522 880 0 167 358 781 639 162 503 642 558 684 0 496 0 0 383 386 0 0 473 181 842 24 0 423 600 0 65 765 0 613 47 0 0 90 0 521 893 471 798 596 588 767 0 0 573 626 205 0 234 721 0 90 0 0 0 154 0 898 447 0 619 0 171 361 179 0 292 707 518 181 0 0 568 106 0 0 82 415 595 989 287 717 421 513 0 268 98 787 891 0 929 426 350 219 0 240 213 0 482 825 723 
0 351 119 344 506 163 47 469 247 958 696 608 532 708 358 0 809 640 775 952 458 244 0 371 883 123 969 890 971 0 0 409 0 0 0 377 925 4 965 479 12 0 366 366 670 515 0 280 0 0 0 989 0 849 573 0 0 904 0 520 0 549 747 0 388 800 683 229 0 648 996 897 624 760 292 157 181 481 751 605 725 409 855 700 978 807 0 385 370 799 0 147 23 648 812 0 288 565 25 347 646 458 0 518 0 626 197 727 0 120 334 623 
0 309 0 37 140 0 638 831 712 306 837 0 121 23 965 515 692 0 0 0 0 0 418 0 0 635 0 740 517 0 0 330 0 784 4 813 331 968 452 0 183 0 300 116 487 851 506 387 0 412 293 0 136 302 626 0 0 993 0 195 71 823 452 285 950 907 828 193 0 0 0 58 540 407 417 119 21 0 891 0 957 167 0 507 166 0 790 519 848 712 452 105 96 549 442 241 0 14 556 875 516 0 838 444 0 859 0 0 57 309 883 236 
204 0 115 900 365 0 771 0 881 532 635 0 108 125 165 763 435 0 0 0 317 934 713 996 399 601 427 825 763 241 0 0 889 298 915 189 0 96 870 664 732 460 495 553 86 787 312 0 519 0 328 975 216 403 205 904 993 0 814 115 0 0 30 917 744 0 58 169 576 727 0 251 558 593 302 500 645 0 421 0 0 431 470 208 944 130 0 985 605 361 253 238 887 0 353 642 817 464 335 960 890 654 729 783 0 995 547 225 346 616 131 869 
0 562 993 486 764 55 0 256 800 0 414 790 0 0 620 667 0 710 0 0 799 45 820 925 895 266 62 880 118 447 37 648 386 0 745 480 861 0 184 473 0 452 142 0 439 286 670 365 0 893 0 725 0 274 0 0 0 814 0 872 896 0 201 382 0 438 594 0 311 404 384 928 571 720 0 192 0 694 420 0 242 0 787 251 43 299 154 814 814 695 104 516 264 0 402 45 318 970 0 742 75 238 385 140 703 965 497 571 275 21 33 0 
835 778 0 560 301 582 627 535 911 526 0 337 484 160 199 731 0 139 247 658 0 315 853 0 0 223 0 436 0 0 62 0 101 779 278 520 216 717 701 123 0 211 415 186 0 905 939 0 139 928 742 257 0 373 234 520 195 115 872 0 408 0 812 0 0 634 680 844 501 904 255 974 0 0 884 74 511 828 0 0 336 488 17 0 306 788 962 515 998 260 580 544 800 746 907 994 691 0 387 190 0 303 0 135 316 387 929 0 593 190 391 0 
323 579 396 171 0 472 500 172 263 230 922 474 223 252 0 402 230 0 844 895 457 0 343 318 371 0 248 784 550 854 902 602 158 653 832 0 295 284 659 800 647 690 0 134 696 551 269 28 416 136 733 829 136 657 721 0 71 0 896 408 0 16 413 0 353 0 0 0 870 0 310 0 669 0 978 408 47 333 33 36 12 191 628 236 832 0 0 495 392 936 46 0 0 910 729 922 0 0 860 894 0 792 389 623 876 0 661 0 622 211 602 0 
357 0 372 0 878 750 649 0 379 225 695 0 134 288 0 805 44 684 485 50 421 269 246 18 0 46 961 0 494 724 311 376 53 406 747 129 740 986 344 266 0 824 0 642 0 119 352 533 0 90 527 0 0 75 0 549 823 0 0 0 16 0 159 0 710 875 69 569 243 0 603 23 533 989 487 420 963 0 704 635 752 0 757 0 248 46 0 796 308 435 0 279 0 0 540 761 0 0 69 879 368 282 425 364 0 387 818 447 0 756 0 320 
0 0 0 822 327 571 86 538 302 245 215 17 746 819 799 222 0 620 414 970 87 963 424 522 3 0 25 35 0 459 310 52 0 9 708 0 0 609 501 684 295 545 209 225 660 506 0 94 431 0 131 0 884 0 90 747 452 30 201 812 413 159 0 44 173 932 184 571 0 375 795 694 332 40 803 436 0 557 581 268 557 65 36 651 0 792 306 597 0 517 224 142 0 0 523 22 322 0 596 0 356 0 107 13 288 183 281 709 0 241 499 711 
722 656 388 951 133 0 563 721 679 0 0 0 904 664 937 258 458 260 909 0 822 751 0 45 686 708 140 45 0 209 295 67 644 982 84 36 0 580 231 0 123 575 440 274 459 690 608 621 373 460 490 569 207 0 0 0 285 917 382 0 0 0 44 0 174 988 651 842 605 0 138 245 323 147 0 338 0 864 600 852 483 0 814 983 418 773 304 178 208 98 79 517 0 776 55 201 0 129 292 895 0 0 0 299 265 0 359 891 54 697 261 371 
679 900 320 89 0 724 0 468 756 356 805 742 721 572 438 674 74 0 221 215 288 418 0 0 0 0 414 53 384 989 635 270 439 0 923 885 280 0 0 164 425 988 220 0 0 0 869 360 720 945 0 463 830 401 0 388 950 744 0 0 353 710 173 174 0 4 0 522 106 103 963 335 443 258 0 0 0 0 41 0 718 928 564 494 218 442 175 835 588 122 97 199 0 530 129 665 0 100 517 0 532 724 545 0 759 586 99 0 0 75 666 413 
679 871 0 230 525 668 849 0 144 444 364 665 114 978 696 861 546 673 609 507 586 899 928 0 59 0 93 382 141 561 552 470 273 0 0 0 581 420 0 38 0 851 765 991 244 571 668 118 309 0 101 524 904 607 0 800 907 0 438 634 0 875 932 988 4 0 562 767 421 785 465 156 452 176 656 47 334 0 809 462 852 540 421 590 655 51 0 761 185 0 986 0 0 0 0 172 0 645 232 813 653 611 75 0 639 133 154 0 0 125 159 758 
165 0 459 524 87 89 0 313 0 483 954 514 0 626 387 0 680 60 0 0 220 0 327 212 692 568 432 652 504 438 0 0 207 114 958 64 0 0 313 0 207 56 0 0 320 945 764 1 848 858 314 0 432 620 154 683 828 58 594 680 0 69 184 651 0 562 0 346 392 336 0 862 151 946 387 0 348 415 0 0 382 174 704 110 0 888 472 17 255 224 9 241 40 856 0 684 80 919 634 486 700 71 962 806 399 0 0 298 259 265 0 841 
0 292 923 0 746 66 0 601 410 792 53 797 550 974 758 131 58 707 202 0 178 685 0 856 523 629 689 503 893 0 788 10 866 615 68 622 0 831 0 434 874 315 229 734 78 383 0 943 0 63 113 268 0 0 0 229 193 169 0 844 0 569 571 842 522 767 346 0 519 808 733 298 993 895 124 0 462 0 982 293 0 175 810 857 694 38 0 322 388 789 543 706 170 223 518 140 947 299 584 0 0 0 0 0 221 604 550 0 0 0 912 0 
272 566 0 0 755 450 0 127 863 10 870 227 944 871 240 342 0 821 0 290 589 64 0 0 517 941 610 874 0 299 503 277 0 229 0 307 906 6 0 104 0 953 809 0 0 139 843 484 620 0 886 0 321 718 898 0 0 576 311 501 870 243 0 605 106 421 392 519 0 839 0 412 880 784 0 652 658 618 327 939 0 534 866 962 835 0 950 685 2 415 0 0 0 48 83 0 712 632 247 247 598 478 923 0 0 315 0 0 565 856 0 0 
285 465 0 0 683 257 322 890 245 660 565 0 937 0 918 122 0 62 962 17 65 95 658 833 640 235 965 809 934 0 566 836 621 0 453 809 376 437 231 921 651 576 357 449 779 595 157 634 591 835 377 99 103 745 447 648 0 727 404 904 0 0 375 0 103 785 336 808 839 0 33 896 227 0 293 0 177 0 413 12 186 667 869 0 0 982 280 744 0 12 868 0 319 689 713 399 0 364 0 947 0 905 378 574 817 237 527 948 32 0 0 378 
853 0 0 840 861 394 34 1 830 0 0 473 767 0 546 0 305 0 0 0 0 334 957 0 987 237 0 0 478 255 286 706 0 0 996 0 80 0 0 0 0 344 201 0 0 992 854 963 0 248 904 788 352 0 0 996 0 0 384 255 310 603 795 138 963 465 0 733 0 33 0 433 483 422 0 884 104 3 526 194 93 0 590 0 912 368 529 246 0 87 123 329 977 0 47 945 801 554 277 532 704 336 440 0 381 512 0 260 356 629 0 0 
0 534 0 135 966 0 904 0 223 86 0 289 0 0 0 460 204 152 40 734 515 923 740 0 219 577 0 252 889 364 230 606 157 177 636 133 885 411 637 0 292 632 863 0 0 0 0 777 197 767 914 119 0 192 619 897 58 251 928 974 0 23 694 245 335 156 862 298 412 896 433 0 0 229 974 0 261 184 456 375 400 125 0 0 53 155 0 603 585 419 515 311 895 32 441 263 303 909 600 346 816 866 0 984 0 0 0 0 436 0 17 603 
0 925 593 948 541 0 639 255 901 251 0 147 45 0 632 855 402 624 0 135 409 694 0 533 914 278 553 482 0 95 837 95 0 560 96 0 71 300 144 249 169 986 0 42 482 0 84 0 538 173 996 629 0 725 0 624 540 558 571 0 669 533 332 323 443 452 151 993 880 227 483 0 0 226 903 859 679 200 356 580 862 820 501 52 914 598 700 798 412 871 251 0 349 702 892 491 64 893 230 708 687 297 0 770 879 791 0 488 788 90 174 0 
59 331 0 0 857 599 0 156 560 558 84 784 0 886 846 18 0 81 366 947 722 378 0 705 117 984 0 314 0 834 625 9 877 614 491 690 927 878 725 0 199 15 900 407 348 0 28 966 0 26 633 262 266 59 171 760 407 593 720 0 0 989 40 147 258 176 946 895 784 0 422 229 226 0 717 154 680 237 0 85 527 329 684 862 420 291 668 257 326 861 0 417 718 501 963 611 565 152 574 381 0 540 469 433 0 27 224 38 460 628 380 0 
881 0 599 0 0 670 184 687 974 0 871 0 584 749 139 0 966 903 590 0 0 252 0 263 436 265 301 900 613 477 361 325 392 282 0 588 0 839 784 324 163 0 55 938 84 0 249 345 0 120 0 126 194 715 361 292 417 302 0 884 978 487 803 0 0 656 387 124 0 293 0 974 903 717 0 0 714 629 133 0 219 0 0 116 0 155 738 460 396 0 0 508 0 0 181 363 0 532 467 0 464 185 0 0 0 833 465 0 0 0 235 0 
831 746 0 0 820 0 421 401 525 26 878 185 0 502 305 179 0 746 446 979 623 360 0 0 365 0 0 0 180 709 0 762 435 716 591 0 999 445 959 51 0 712 164 0 36 400 0 0 0 0 0 601 888 0 179 157 119 500 192 74 408 420 436 338 0 47 0 0 652 0 884 0 859 154 0 0 338 70 226 156 869 0 220 0 844 592 926 131 0 805 699 362 292 0 447 506 586 0 0 0 694 690 167 33 410 513 791 0 698 585 0 367 
623 689 0 0 0 29 881 294 0 768 0 393 449 375 704 155 578 761 24 781 304 448 0 0 191 550 506 456 160 408 341 498 454 712 0 784 0 855 883 0 482 906 0 701 374 595 0 927 446 750 773 513 692 512 0 181 21 645 0 511 47 963 0 0 0 334 348 462 658 177 104 261 679 680 714 338 0 626 616 885 0 598 92 702 0 915 277 0 661 226 175 910 34 227 470 943 819 0 237 396 0 127 438 0 0 0 512 318 0 740 455 0 
903 317 185 109 445 646 631 295 852 0 714 332 0 753 934 81 864 0 991 51 717 731 52 546 635 558 650 559 839 945 45 709 0 87 721 939 991 757 0 472 286 0 552 425 742 0 209 495 844 453 800 150 331 504 292 481 0 0 694 828 333 0 557 864 0 0 415 0 618 0 3 184 200 237 629 70 626 0 924 692 253 0 0 43 848 46 143 804 112 0 0 248 115 772 717 164 462 323 12 176 993 159 776 0 275 596 413 0 324 57 0 514 
500 125 728 86 0 675 581 188 0 568 695 872 579 223 633 401 0 572 0 415 774 196 510 971 0 303 0 149 0 916 325 473 0 362 0 974 405 416 249 396 64 641 0 94 398 0 0 0 0 509 0 0 663 718 707 751 891 421 420 0 33 704 581 600 41 809 0 982 327 413 526 456 356 0 133 226 616 924 0 985 168 501 1 782 680 185 0 830 0 615 784 397 634 682 0 156 46 327 431 980 0 624 984 0 829 88 0 824 0 851 852 640 
391 899 297 876 114 0 773 0 0 653 575 182 242 868 823 57 116 751 902 755 573 606 407 674 908 298 239 118 555 834 0 0 497 0 919 0 586 157 495 848 578 513 365 0 149 908 571 541 342 85 308 632 906 890 518 605 0 0 0 0 36 635 268 852 0 462 0 293 939 12 194 375 580 85 0 156 885 692 985 0 490 13 322 517 159 420 515 64 458 686 0 0 101 237 414 0 51 466 558 842 20 3 204 73 0 674 378 796 201 0 0 0 
0 226 276 594 859 543 928 0 239 73 0 848 462 507 148 810 8 595 186 956 237 919 653 854 145 264 915 765 740 0 567 213 0 774 432 955 527 947 387 794 948 0 0 350 500 276 174 0 597 638 258 3 231 0 181 725 957 0 242 336 12 752 557 483 718 852 382 0 0 186 93 400 862 527 219 869 0 253 168 490 0 193 707 575 180 272 276 708 96 349 608 0 924 0 989 0 7 0 15 285 874 639 925 203 371 255 459 0 515 158 395 0 
0 494 648 525 704 0 71 165 0 0 0 0 616 909 278 191 309 916 18 513 0 569 528 700 0 0 697 622 289 267 179 178 833 100 409 0 177 102 300 510 138 741 0 877 616 975 0 65 785 0 0 0 378 0 0 409 167 431 0 488 191 0 65 0 928 540 174 175 534 667 0 125 820 329 0 0 598 0 501 13 193 0 0 285 155 267 701 24 0 481 413 69 0 981 31 18 661 960 578 0 422 0 0 295 451 496 521 0 497 658 128 0 
0 725 0 0 0 848 187 987 0 59 0 812 922 908 553 881 376 670 288 859 38 517 0 0 709 328 790 0 961 0 0 686 904 249 614 471 0 0 464 847 0 257 547 328 660 460 0 0 58 82 151 58 68 0 0 855 0 470 787 17 628 757 36 814 564 421 704 810 866 869 590 0 501 684 0 220 92 0 1 322 707 0 0 838 740 328 0 63 358 299 813 0 597 701 682 70 0 0 816 45 569 0 0 390 300 0 330 0 0 110 225 727 
0 253 210 69 12 301 0 0 45 192 760 587 453 72 639 0 173 961 875 902 476 547 0 0 0 0 0 0 0 943 825 337 0 860 611 0 0 952 114 246 346 0 472 995 463 555 343 0 550 316 324 393 144 0 568 700 507 208 251 0 236 0 651 983 494 590 110 857 962 0 0 0 52 862 116 0 702 43 782 517 575 285 838 0 131 473 0 527 494 830 0 257 837 472 296 960 0 308 662 398 147 921 696 0 781 837 159 545 0 647 0 490 
0 104 314 142 249 0 443 942 840 450 844 586 112 527 574 371 861 127 678 648 849 310 651 0 0 0 0 793 110 400 275 78 271 258 562 321 668 540 0 563 472 0 0 0 0 0 158 422 0 0 865 383 749 576 106 978 166 944 43 306 832 248 0 418 218 655 0 694 835 0 912 53 914 420 0 844 0 848 680 159 180 155 740 131 0 603 529 0 0 596 550 0 359 0 0 853 162 403 712 750 0 705 904 239 0 826 73 522 546 922 8 817 
581 590 849 895 829 0 0 0 0 246 730 497 0 465 997 0 0 0 719 356 931 776 448 0 226 575 151 0 0 637 0 606 0 0 0 147 590 5 103 833 664 883 402 505 805 869 789 857 504 260 725 832 168 775 0 807 0 130 299 788 0 46 792 773 442 51 888 38 0 982 368 155 598 291 155 592 915 46 185 420 272 267 328 473 603 0 381 0 773 283 373 0 476 773 0 550 282 956 0 322 438 432 896 0 843 933 394 0 961 0 366 53 
944 915 10 0 408 581 386 0 512 0 891 507 434 0 799 227 0 0 191 536 0 0 804 0 0 501 598 837 121 517 847 499 698 645 273 833 61 0 0 536 431 726 691 895 475 0 901 24 241 477 68 380 565 535 0 0 790 0 154 962 0 0 306 304 175 0 472 0 950 280 529 0 700 668 738 926 277 143 0 515 276 701 0 0 529 381 0 0 423 0 11 818 238 0 326 954 0 603 512 655 0 560 382 633 367 152 642 0 588 422 936 415 
0 0 35 935 767 0 515 560 0 692 55 472 891 885 889 236 302 574 918 45 262 356 496 257 0 643 93 104 204 100 97 659 3 845 602 742 0 307 928 0 0 310 0 0 0 81 403 440 446 644 120 0 612 523 82 385 519 985 814 515 495 796 597 178 835 761 17 322 685 744 246 603 798 257 460 131 0 804 830 64 708 24 63 527 0 0 0 0 234 465 559 0 861 98 146 0 478 0 896 735 256 685 465 238 656 747 550 961 0 475 116 429 
455 425 60 933 0 441 0 321 0 112 391 172 298 325 903 635 972 285 0 0 622 453 910 645 51 533 269 812 986 915 533 858 129 0 759 364 165 123 207 195 797 508 20 567 0 0 0 288 0 537 237 379 768 217 415 370 848 605 814 998 392 308 0 208 588 185 255 388 2 0 0 585 412 326 396 0 661 112 0 458 96 0 358 494 0 773 423 234 0 770 854 468 379 710 0 0 439 994 0 0 334 837 920 906 358 0 249 304 460 230 561 662 
122 603 685 295 868 0 354 939 0 0 567 670 537 184 765 115 383 520 0 349 0 448 137 0 0 0 249 0 847 0 745 0 614 718 306 870 0 136 699 36 95 119 656 26 292 341 424 0 129 589 529 0 520 0 595 799 712 361 695 260 936 435 517 98 122 0 224 789 415 12 87 419 871 861 0 805 226 0 615 686 349 481 299 830 596 283 0 465 770 0 787 313 558 702 967 569 583 0 523 400 314 659 0 970 0 0 299 181 0 609 0 817 
365 15 364 181 59 0 0 10 438 157 504 0 483 873 0 888 0 152 61 75 283 202 883 624 0 639 0 806 252 990 263 0 946 228 375 381 0 749 422 147 559 209 0 691 0 0 63 573 436 0 91 409 297 585 989 0 452 253 104 580 46 0 224 79 97 986 9 543 0 868 123 515 251 0 0 699 175 0 784 0 608 413 813 0 550 373 11 559 854 787 0 296 896 177 489 0 292 0 837 618 0 450 894 756 232 149 0 230 54 373 407 704 
283 961 93 828 584 939 109 947 0 869 514 564 69 242 466 523 739 579 784 387 572 261 0 0 797 794 129 0 133 0 854 348 467 953 0 0 360 0 0 696 0 341 326 11 350 100 808 995 0 379 88 403 757 0 287 147 105 238 516 544 0 279 142 517 199 0 241 706 0 0 329 311 0 417 508 362 910 248 397 0 0 69 0 257 0 0 818 0 468 313 296 0 398 0 381 0 54 53 487 287 693 0 847 402 77 958 914 813 0 214 537 0 
369 672 246 575 144 920 307 0 827 167 388 679 963 0 209 818 759 0 258 54 254 0 231 388 377 349 911 694 389 335 0 256 292 20 930 113 262 593 0 201 980 508 315 0 490 543 0 24 225 785 0 0 0 984 717 23 96 887 264 800 0 0 0 0 0 0 40 170 0 319 977 895 349 718 0 292 34 115 634 101 924 0 597 837 359 476 238 861 379 558 896 398 0 975 87 0 0 349 937 0 888 710 991 0 0 0 0 0 579 888 80 0 
0 0 543 210 189 72 0 840 0 780 460 668 0 0 440 429 352 935 144 13 0 989 341 822 642 268 428 750 591 967 0 48 84 75 538 670 699 590 173 147 0 963 716 116 778 0 60 0 579 879 399 304 390 698 421 648 549 0 0 746 910 0 0 776 530 0 856 223 48 689 0 32 702 501 0 0 227 772 682 237 0 981 701 472 0 773 0 98 710 702 177 0 975 0 887 536 984 56 482 718 219 0 718 737 955 538 68 226 832 385 248 0 
180 105 743 0 689 0 244 93 179 0 886 715 0 306 177 0 951 0 190 447 0 0 640 996 0 0 849 83 27 766 610 737 499 575 212 268 0 0 308 425 0 992 517 0 332 0 0 437 71 0 947 210 0 0 513 812 442 353 402 907 729 540 523 55 129 0 0 518 83 713 47 441 892 963 181 447 470 717 0 414 989 31 682 296 0 0 326 146 0 967 489 381 87 887 0 0 98 0 635 647 0 316 0 605 149 344 0 0 945 692 0 597 
0 0 220 378 331 0 0 717 106 702 286 0 779 771 0 0 130 297 908 748 216 402 20 908 0 409 692 929 249 796 529 247 30 408 920 846 0 576 0 0 0 408 126 846 0 766 0 768 123 356 511 204 550 666 0 0 241 642 45 994 922 761 22 201 665 172 684 140 0 399 945 263 491 611 363 506 943 164 156 0 0 18 70 960 853 550 954 0 0 569 0 0 0 536 0 0 160 178 951 825 556 0 682 81 141 0 0 0 246 0 380 900 
0 284 775 0 257 208 204 832 587 805 0 0 745 803 621 0 549 0 581 0 982 305 18 0 0 0 607 288 14 0 0 397 395 661 228 724 517 468 0 0 333 892 712 840 170 0 0 0 496 748 509 751 836 67 268 288 0 817 318 691 0 0 322 0 0 0 80 947 712 0 801 303 64 565 0 586 819 462 46 51 7 661 0 0 162 282 0 478 439 583 292 54 0 984 98 160 0 994 910 13 382 38 298 118 892 583 269 0 0 979 30 384 
0 406 0 964 0 0 0 883 0 269 613 0 0 404 0 0 0 243 535 0 0 0 0 588 260 66 914 680 399 548 570 766 160 275 576 0 749 559 0 989 0 0 40 412 875 0 835 206 835 30 877 196 679 605 98 565 14 464 970 0 0 0 0 129 100 645 919 299 632 364 554 909 893 152 532 0 0 323 327 466 0 960 0 308 403 956 603 0 994 0 0 53 349 56 0 178 994 0 750 250 420 762 848 748 429 0 938 303 781 0 486 2 
628 0 877 590 179 510 105 397 161 791 328 219 0 750 454 0 780 958 0 754 76 630 0 756 0 694 744 812 25 175 0 586 953 531 910 0 690 0 0 470 0 0 672 285 268 740 0 91 553 0 0 302 150 201 787 25 556 335 0 387 860 69 596 292 517 232 634 584 247 0 277 600 230 574 467 0 237 12 431 558 15 578 816 662 712 0 512 896 0 523 837 487 937 482 635 951 910 750 0 385 0 321 66 210 140 899 210 414 0 56 737 744 
343 668 281 0 61 814 957 50 483 0 511 0 0 763 822 173 590 800 0 612 0 80 847 450 0 376 0 544 507 700 0 784 947 0 292 0 484 83 0 982 888 12 944 0 412 520 0 76 802 0 844 604 69 0 891 347 875 960 742 190 894 879 0 895 0 813 486 0 247 947 532 346 708 381 0 0 396 176 980 842 285 0 45 398 750 322 655 735 0 400 618 287 0 718 647 825 13 250 385 0 980 0 597 0 108 259 885 645 411 0 0 107 
695 222 538 916 273 0 0 101 274 0 793 200 29 501 759 78 822 694 0 521 0 367 214 104 953 112 407 0 70 286 477 812 800 675 0 788 620 0 683 852 0 315 734 695 976 344 0 476 0 0 278 0 387 535 0 646 516 890 75 0 0 368 356 0 532 653 700 0 598 0 704 816 687 0 464 694 0 993 0 20 874 422 569 147 0 438 0 256 334 314 0 693 888 219 0 556 382 420 0 980 0 0 732 0 469 653 633 0 388 284 491 0 
412 892 194 110 789 18 668 965 0 547 0 241 9 972 0 81 993 225 942 821 3 949 0 0 605 336 543 154 599 468 259 361 499 0 828 519 0 0 661 781 0 0 35 860 153 720 331 45 716 0 0 823 419 113 929 458 0 654 238 303 792 282 0 0 724 611 71 0 478 905 336 866 297 540 185 690 127 159 624 3 639 0 0 921 705 432 560 685 837 659 450 0 710 0 316 0 38 762 321 0 0 0 561 739 619 0 0 194 43 0 326 641 
0 4 533 263 0 832 255 484 991 212 0 685 71 0 226 791 679 0 0 444 654 817 849 219 0 342 593 938 863 157 773 904 152 575 974 409 313 677 785 99 800 626 947 51 522 0 295 496 5 774 240 558 633 982 426 0 838 729 385 0 389 425 107 0 545 75 962 0 923 378 440 0 0 469 0 167 438 776 984 204 925 0 0 696 904 896 382 465 920 0 894 847 991 718 0 682 298 848 66 597 732 561 0 127 269 651 111 0 378 382 990 300 
563 905 0 514 209 0 764 744 540 457 148 639 465 0 566 0 70 736 493 0 298 342 0 0 0 916 701 760 625 600 279 50 553 533 250 496 59 233 0 333 0 584 628 0 288 128 600 922 821 0 261 48 573 0 350 518 444 783 140 135 623 364 13 299 0 0 806 0 0 574 0 984 770 433 0 33 0 0 0 73 203 295 390 0 239 0 633 238 906 970 756 402 0 737 605 81 118 748 210 0 0 739 127 0 947 551 71 316 0 52 0 0 
