0 881 167 650 198 84 333 266 0 0 0 412 512 177 0 978 479 503 532 749 872 865 526 313 911 0 992 671 968 608 728 963 323 0 783 869 243 961 692 74 689 0 0 0 884 235 997 29 704 222 0 449 421 0 511 143 198 0 0 846 20 246 0 0 388 857 0 782 553 0 947 0 643 0 453 89 0 761 37 271 0 37 865 0 225 0 891 65 511 76 0 296 412 791 204 194 283 378 866 870 0 868 91 903 883 833 661 348 443 73 760 366 225 820 0 376 0 780 0 363 682 693 764 589 0 0 758 131 82 952 242 260 650 0 850 139 0 84 717 222 591 0 0 990 979 349 0 291 675 0 743 839 0 0 619 0 152 891 629 644 0 413 967 667 852 0 553 929 575 542 0 842 778 0 855 465 856 703 419 284 0 996 746 782 713 200 0 409 576 0 0 727 159 878 730 112 129 712 615 0 0 0 0 0 378 21 0 110 292 337 799 553 926 0 455 73 0 0 455 418 0 182 615 0 443 297 0 182 917 792 506 273 0 377 449 52 574 287 107 584 0 348 525 82 610 221 933 206 341 0 963 911 97 813 830 0 114 928 870 74 0 0 902 834 401 699 700 662 631 383 157 430 727 0 476 0 36 282 549 956 631 423 357 63 750 66 488 16 631 0 766 876 720 329 225 0 257 113 0 312 0 21 130 981 227 231 659 148 829 992 820 0 69 0 0 
881 0 432 0 26 484 759 568 251 469 940 396 0 183 841 597 255 0 635 524 458 20 0 490 943 67 589 954 0 150 161 909 741 965 168 222 0 987 294 769 677 381 86 167 912 0 824 0 467 387 309 797 233 53 594 0 415 637 318 602 0 12 295 504 0 385 850 0 649 0 107 0 964 65 760 0 0 0 612 0 0 391 653 0 297 42 277 0 903 693 963 569 80 483 0 340 34 366 885 0 810 147 719 561 362 17 196 206 65 0 179 652 682 829 0 452 378 773 897 93 0 516 495 762 465 929 815 542 717 0 295 210 494 114 607 415 0 0 753 0 805 0 0 199 0 0 508 514 568 633 0 715 760 178 380 425 766 606 413 0 37 0 0 941 189 388 290 69 226 156 737 473 101 396 9 850 545 238 0 0 792 924 0 0 819 525 758 0 0 0 0 887 0 0 498 0 0 835 0 199 0 872 0 425 0 7 219 308 327 623 612 929 978 677 634 0 0 367 282 912 851 0 189 390 270 94 494 740 663 412 674 533 273 0 238 292 255 469 718 110 459 168 0 819 274 536 696 789 506 627 542 0 371 0 0 770 749 28 13 643 745 993 352 126 177 407 76 287 418 0 434 347 987 133 557 0 887 28 236 976 936 858 317 945 338 0 816 729 226 543 497 740 879 732 124 766 739 70 235 357 977 0 0 0 223 60 83 878 64 0 713 962 280 880 0 
167 432 0 754 0 468 170 9 946 310 201 797 425 585 92 0 16 909 947 933 249 0 53 0 35 22 0 891 574 0 0 369 814 701 388 173 252 751 690 5 112 451 554 509 896 965 697 479 0 470 493 0 0 889 72 968 889 0 975 542 0 506 0 0 339 0 243 0 686 45 0 210 0 6 0 323 0 337 237 979 298 556 971 0 0 930 212 0 0 580 236 0 607 0 0 0 0 203 926 700 410 267 0 188 911 221 155 0 636 795 585 141 47 30 931 914 0 824 582 965 890 829 870 0 146 854 225 0 0 990 964 171 626 0 639 708 321 875 504 88 489 0 362 535 0 998 0 915 0 398 184 0 788 159 52 179 42 54 0 0 448 747 668 248 928 954 103 859 0 0 774 627 262 936 705 448 898 437 0 0 590 279 157 0 969 14 378 0 0 56 768 0 328 120 557 0 249 821 112 27 0 0 765 606 359 236 357 158 1 752 408 440 841 0 0 416 559 236 899 0 835 0 42 419 863 0 922 0 0 927 819 351 598 349 83 882 170 373 254 717 768 956 212 669 0 433 0 32 991 0 895 0 286 434 0 616 666 0 0 59 0 177 397 3 902 42 705 953 406 546 45 958 0 846 0 846 0 853 294 0 818 0 214 0 728 269 499 0 264 945 0 737 452 0 981 334 0 781 0 781 0 365 806 0 285 0 0 75 950 17 0 182 0 506 0 
650 0 754 0 507 731 0 292 612 0 715 0 273 378 931 772 794 340 411 94 454 0 956 720 186 690 762 285 184 846 705 0 790 540 598 387 49 583 797 817 774 992 40 304 19 411 205 525 390 0 333 783 886 0 51 386 466 165 417 0 635 171 0 604 864 0 406 705 859 12 716 37 0 390 0 183 206 0 68 188 823 748 221 737 902 0 155 0 802 0 158 136 559 611 0 408 913 466 0 994 849 0 352 148 870 0 0 0 712 233 406 273 787 114 717 473 690 0 301 497 0 281 66 608 0 683 0 464 718 0 373 724 849 0 453 311 755 102 957 181 0 294 541 752 0 729 800 702 505 464 672 0 123 0 84 842 758 209 0 522 694 526 766 0 323 972 562 757 226 595 646 141 0 820 13 17 355 918 857 976 666 128 704 0 777 541 0 490 591 0 217 0 812 935 0 359 0 805 518 0 758 189 80 0 852 830 0 233 141 947 740 737 696 471 733 365 0 113 694 613 998 544 0 967 244 0 422 479 215 0 614 683 0 55 0 427 88 114 578 0 250 784 779 0 732 0 264 698 0 0 336 0 876 441 648 567 910 912 0 168 52 823 150 0 205 804 538 0 978 0 0 56 98 304 76 0 887 0 871 0 712 800 0 391 80 73 688 372 0 470 0 0 229 832 822 592 21 992 75 722 673 71 928 114 1 0 475 17 0 840 233 0 0 0 282 
198 26 0 507 0 545 485 228 0 487 879 0 702 244 215 0 307 375 913 104 611 0 993 947 745 608 819 0 586 356 426 819 469 0 624 515 857 33 843 858 389 0 521 0 246 945 920 0 452 72 470 846 0 526 504 306 183 237 730 633 531 577 0 299 803 13 929 618 704 0 0 768 868 580 0 0 0 483 848 419 0 352 758 998 258 0 0 367 717 184 688 989 567 970 374 913 155 0 0 862 0 440 0 0 0 0 173 831 720 693 0 0 0 766 635 109 244 355 0 172 748 0 0 284 884 831 0 0 627 0 535 0 758 139 0 9 0 382 173 167 338 868 0 0 116 40 480 210 0 520 751 0 0 0 706 256 205 179 498 565 655 0 0 0 0 430 811 785 434 631 799 0 695 827 705 0 571 300 0 56 517 581 807 350 0 103 817 0 0 901 90 0 428 799 309 925 60 512 702 0 965 0 245 0 524 821 596 0 525 0 945 0 0 0 40 0 76 729 184 220 15 466 483 867 834 940 0 0 0 455 893 879 0 41 0 419 330 734 980 671 70 568 0 89 0 805 405 0 735 765 0 949 184 409 594 211 414 782 758 0 172 854 0 62 0 0 31 956 0 565 0 205 778 0 389 733 959 275 651 428 585 10 0 908 139 747 731 0 240 0 379 780 176 411 131 626 0 0 0 0 268 495 539 866 0 1 0 299 323 945 0 0 402 538 286 
84 484 468 731 545 0 505 0 824 862 0 726 290 0 576 130 403 877 128 469 119 0 0 716 71 536 496 486 0 261 593 342 887 0 162 0 0 0 0 720 0 939 0 116 0 994 40 169 114 583 122 529 671 230 947 3 348 0 660 197 0 540 371 504 0 623 0 541 402 0 552 0 0 946 121 0 789 0 324 0 0 0 286 876 0 331 398 665 586 693 700 466 859 0 4 661 517 0 682 172 447 333 209 512 0 509 938 221 504 147 655 432 0 62 0 0 0 507 918 0 660 0 305 582 506 0 168 81 128 346 915 194 365 843 481 514 0 0 46 976 74 717 16 59 0 671 0 7 0 78 988 472 0 749 875 705 966 292 226 476 878 271 547 603 293 702 498 888 897 0 0 425 183 770 787 0 236 127 0 635 977 24 0 0 925 537 83 0 581 423 544 952 470 0 690 623 383 758 683 832 0 423 0 295 201 632 0 95 507 508 921 646 0 728 0 502 930 620 412 13 0 803 890 283 10 898 0 489 138 702 221 491 769 203 0 175 854 196 0 222 234 0 0 201 492 810 206 12 446 0 680 21 896 108 646 483 499 0 14 541 1 902 0 119 0 919 980 456 121 0 979 132 695 122 0 706 0 586 368 389 22 555 940 257 545 99 286 60 328 56 0 61 885 0 843 507 314 0 0 464 878 905 0 0 514 0 0 361 851 157 637 328 691 219 861 
333 759 170 0 485 505 0 572 757 884 58 180 0 0 478 658 741 0 0 51 0 0 855 0 630 304 547 972 320 0 45 942 886 145 0 534 407 0 308 0 252 979 537 319 946 317 672 0 0 0 379 863 855 939 414 57 666 0 975 577 860 410 210 0 0 646 923 657 596 899 645 987 619 737 0 72 330 804 945 0 447 910 775 408 296 82 976 42 521 239 0 449 255 0 0 266 202 11 614 134 244 790 126 529 552 0 423 0 759 474 7 295 0 506 984 995 0 55 0 601 0 751 164 563 642 629 297 318 281 506 0 330 714 926 481 732 614 369 0 35 0 376 743 70 897 39 482 64 133 324 172 470 718 0 650 0 523 0 0 98 953 661 393 0 0 623 0 552 626 80 0 205 730 3 435 0 854 461 0 116 0 629 630 0 0 217 230 487 924 830 400 87 662 857 388 197 710 916 993 141 0 927 235 107 0 642 474 690 0 0 0 0 233 243 0 0 0 656 889 0 0 684 572 421 0 965 834 847 0 83 0 212 944 159 0 931 0 0 633 0 324 899 538 36 0 499 46 763 487 0 0 895 0 69 622 716 159 14 658 0 490 754 715 450 0 363 890 716 499 369 655 761 200 0 104 661 893 637 308 591 773 0 0 661 0 735 265 276 807 0 0 614 678 376 990 0 2 0 0 759 318 47 888 856 895 920 0 321 720 518 103 373 684 40 580 
266 568 9 292 228 0 572 0 460 218 983 715 591 303 0 48 207 0 373 545 0 730 0 318 988 693 301 404 0 593 935 0 0 434 0 51 869 583 0 945 527 62 0 471 0 509 202 860 0 739 0 633 0 918 138 0 946 0 0 0 0 0 426 0 651 320 956 341 531 593 357 891 67 0 274 187 270 0 571 435 605 0 818 213 0 364 256 130 170 815 706 0 472 788 348 948 657 158 784 177 493 0 207 531 403 296 883 890 443 148 808 85 218 0 674 399 270 657 549 359 463 533 579 992 0 134 0 179 546 171 41 889 925 407 446 781 358 285 0 291 237 0 431 9 0 243 59 947 112 455 195 0 147 274 702 974 676 472 18 443 626 430 662 0 563 915 584 532 924 0 201 462 0 0 261 0 0 615 0 0 297 427 622 562 0 803 42 160 517 995 0 0 108 397 867 254 0 0 0 704 0 302 463 694 132 221 28 243 0 287 797 983 0 499 444 532 0 0 0 49 860 345 0 0 693 618 0 574 0 605 979 827 294 431 0 2 0 581 0 885 454 761 334 0 680 593 898 6 562 0 462 683 805 14 920 258 0 115 870 994 0 25 434 177 0 0 0 0 322 848 463 863 916 0 843 128 989 534 385 975 437 832 323 476 0 383 785 0 51 726 881 307 0 613 0 0 919 0 516 220 397 230 689 0 780 0 682 0 891 957 343 840 11 0 385 
0 251 946 612 0 824 757 460 0 0 6 169 201 433 193 0 901 734 172 0 758 239 0 924 877 388 272 502 331 252 483 0 625 275 497 475 0 434 0 142 998 0 411 346 516 0 267 948 956 529 382 374 735 785 7 524 355 514 564 581 275 900 348 0 0 893 0 538 707 139 107 337 249 747 207 246 812 6 171 0 0 0 302 458 0 306 316 772 482 985 0 531 0 65 734 486 0 0 0 0 546 431 511 514 0 0 515 0 687 883 694 0 0 270 823 83 1 501 0 503 574 892 552 0 391 330 499 0 0 184 423 0 975 272 0 126 75 690 652 0 0 0 867 0 957 374 609 884 648 558 0 0 0 7 625 220 903 66 926 832 0 691 894 475 166 524 0 798 106 404 0 909 393 625 399 200 324 282 40 840 126 546 289 556 624 721 759 0 0 285 634 298 718 0 376 0 730 636 771 808 400 226 974 0 239 902 0 926 688 549 0 946 674 0 622 0 774 0 304 0 5 439 846 470 727 0 670 0 234 194 630 777 121 0 835 877 704 483 164 797 932 784 0 811 0 362 0 414 140 372 389 0 940 789 0 517 0 16 786 698 646 0 674 799 546 0 0 0 99 534 0 585 315 326 131 42 674 207 918 159 0 506 683 57 76 0 398 998 0 0 406 516 190 743 508 0 0 0 668 346 305 0 730 380 0 0 0 859 858 206 517 0 102 261 215 
0 469 310 0 487 862 884 218 0 0 0 823 412 0 105 29 693 906 58 0 142 0 397 967 715 309 941 502 611 341 4 918 171 207 669 0 506 325 448 0 875 100 755 275 834 873 692 69 0 0 202 192 885 0 489 703 23 0 0 757 389 918 778 670 0 666 158 4 834 219 573 657 604 290 0 179 303 0 72 0 0 583 446 0 0 934 317 275 0 622 367 29 800 154 852 428 157 299 0 159 787 0 397 314 63 139 970 814 450 0 378 24 534 799 961 214 175 0 979 765 451 602 14 0 199 462 739 0 12 546 211 0 0 602 774 470 894 542 740 922 564 0 0 156 781 930 749 470 523 445 0 0 522 394 695 956 513 671 0 595 753 577 0 518 955 598 0 407 872 0 0 0 0 0 0 993 843 655 810 987 988 715 476 0 18 115 355 0 0 234 342 128 65 0 802 965 525 444 0 482 163 741 0 272 344 281 733 0 0 372 784 195 876 536 0 310 161 578 984 470 234 444 0 152 102 0 680 0 0 0 0 787 718 102 563 659 363 787 0 0 714 0 575 460 905 823 0 0 723 697 602 0 91 876 10 164 523 195 277 638 434 0 694 191 0 291 0 0 625 831 305 820 352 706 235 511 0 0 759 0 792 922 0 271 305 0 720 874 0 0 496 407 234 429 553 776 950 0 0 234 495 48 763 160 266 328 422 0 0 992 496 454 237 284 709 
0 940 201 715 879 0 58 983 6 0 0 317 688 469 708 911 515 915 0 713 0 410 157 456 410 0 0 86 695 14 82 0 511 0 299 942 500 0 825 958 322 0 0 774 726 307 496 801 784 63 219 853 366 634 504 0 605 0 622 0 0 949 149 755 4 817 658 706 709 0 244 542 747 0 320 0 666 0 228 236 0 0 146 917 0 626 858 163 744 491 353 0 745 988 545 283 862 874 453 0 731 0 565 0 925 0 226 835 191 375 706 930 0 438 11 34 581 361 783 0 0 108 0 917 27 1 0 453 285 993 0 507 0 310 832 823 0 507 600 0 203 0 0 591 594 545 603 310 225 894 0 0 0 631 51 469 917 0 641 114 943 0 540 591 471 873 727 777 264 682 585 0 0 884 945 0 185 245 652 938 971 287 0 53 635 0 830 553 650 330 758 360 989 111 516 0 0 428 620 0 828 680 33 0 0 34 854 46 652 250 0 0 835 369 432 0 550 380 551 777 167 0 0 889 454 634 0 707 0 0 158 0 0 445 152 74 0 507 276 446 626 526 0 0 63 49 106 961 0 348 0 530 910 674 992 513 306 440 0 424 155 558 598 868 0 864 0 769 0 68 441 604 830 0 408 691 443 6 785 656 933 541 639 272 53 800 0 0 389 642 578 0 357 347 651 81 0 0 297 0 94 256 42 171 0 349 676 267 0 907 966 484 552 103 156 
412 396 797 0 0 726 180 715 169 823 317 0 375 458 654 265 0 0 199 729 0 803 0 209 663 849 891 0 665 163 185 936 138 0 855 476 872 0 719 778 0 462 632 0 735 605 0 897 0 0 193 873 293 216 687 412 0 369 872 777 765 667 0 0 68 39 373 211 0 0 32 0 298 804 171 443 3 803 98 196 458 497 0 0 594 0 44 0 280 216 534 742 659 226 606 83 595 90 602 722 0 884 301 49 994 412 0 746 606 223 696 802 915 167 324 0 845 282 762 833 593 66 650 281 522 161 931 490 674 479 0 0 899 0 551 523 0 342 123 0 664 0 0 209 441 405 301 109 867 239 577 507 624 573 447 87 156 951 726 599 207 396 479 172 320 959 526 522 17 0 201 102 0 794 142 53 0 562 68 724 747 702 0 501 956 941 0 158 0 0 383 205 0 485 944 253 559 354 979 478 940 357 923 507 444 283 324 934 880 840 985 542 813 162 675 0 68 88 0 84 20 750 684 0 496 818 0 951 551 0 615 624 353 461 0 619 492 117 331 301 352 748 0 304 0 661 143 767 689 159 0 0 0 714 530 16 0 553 0 676 48 857 165 933 723 963 0 146 812 169 729 0 827 580 515 0 416 699 0 369 776 514 180 815 0 350 481 99 511 747 144 0 377 898 299 0 0 619 974 695 0 465 993 856 268 256 913 351 254 527 0 252 0 893 489 
512 0 425 273 702 290 0 591 201 412 688 375 0 867 94 912 351 679 0 854 0 627 957 0 669 826 989 959 0 861 549 0 648 0 164 189 340 481 682 222 708 998 49 404 0 0 0 560 978 558 0 0 958 933 0 0 693 0 844 68 331 918 358 955 653 169 173 599 370 0 0 172 0 45 0 560 769 716 0 965 598 665 898 0 516 771 0 0 770 140 0 0 498 823 207 0 0 0 917 605 195 557 0 817 550 0 0 465 0 411 968 769 217 529 242 124 0 382 707 768 921 0 219 837 943 0 373 917 251 134 0 0 412 397 968 221 0 824 523 0 155 0 351 225 519 813 855 290 567 129 381 111 91 0 260 600 725 484 24 658 0 638 548 641 122 651 876 412 0 514 0 0 511 0 0 148 27 0 0 361 519 272 829 132 813 978 811 12 0 576 11 924 975 0 759 118 627 201 758 294 0 0 359 0 407 0 334 0 0 409 190 834 0 538 180 973 177 424 812 0 0 765 0 113 164 910 205 31 501 756 0 50 182 423 743 668 468 581 925 492 223 0 785 0 119 451 62 744 336 735 421 302 793 262 921 96 614 529 210 298 848 571 0 296 622 468 184 747 847 254 0 847 61 664 657 0 25 0 0 126 381 0 0 0 0 167 464 194 0 919 0 0 429 624 901 121 0 22 743 426 0 91 798 727 0 994 587 678 819 67 0 0 547 649 944 
177 183 585 378 244 0 0 303 433 0 469 458 867 0 957 0 766 567 0 529 160 0 0 616 865 323 0 168 202 149 234 440 0 620 0 526 135 221 0 0 0 0 56 416 987 677 984 225 800 518 549 788 829 965 366 0 262 834 855 110 227 320 717 0 0 688 644 857 601 108 524 274 970 0 614 668 771 648 906 220 891 245 0 945 0 0 864 0 417 966 0 462 710 630 560 80 0 968 0 56 819 956 245 0 0 566 903 0 0 905 18 18 196 361 118 0 0 249 911 12 78 848 0 176 0 824 203 542 0 169 129 0 152 953 202 555 0 796 829 0 354 84 0 0 980 462 872 207 0 567 777 231 664 111 559 0 99 0 586 259 72 485 0 0 0 745 474 677 705 0 0 970 710 738 560 722 0 615 301 420 241 785 0 0 0 0 76 647 960 509 854 297 0 694 960 0 115 349 334 479 0 0 0 0 783 712 280 0 420 772 0 348 878 943 3 209 409 349 229 0 420 389 330 854 347 833 0 297 990 5 0 906 0 830 935 789 36 0 334 408 378 168 0 904 144 753 633 822 0 166 769 0 0 758 0 997 854 996 906 56 263 118 673 0 434 957 0 433 0 15 920 215 398 665 0 0 412 0 0 231 547 903 695 963 754 357 689 890 787 854 0 91 448 0 834 823 948 82 0 490 70 99 903 592 720 707 818 135 928 0 641 32 400 908 542 
0 841 92 931 215 576 478 0 193 105 708 654 94 957 0 362 943 0 646 247 310 964 954 402 0 65 0 333 500 0 412 383 365 0 202 0 777 113 532 515 0 0 21 0 972 0 331 951 103 667 358 815 651 845 537 0 542 438 172 598 309 26 0 152 645 780 330 714 909 473 0 0 513 672 293 0 0 624 0 225 904 914 34 517 0 796 323 555 833 0 903 17 721 453 0 388 0 164 645 724 384 0 194 467 719 391 277 0 0 729 0 564 416 476 210 576 659 813 454 319 0 966 11 151 77 44 0 0 0 965 0 459 959 178 0 183 686 321 0 607 691 735 346 72 0 959 215 0 0 261 0 319 0 0 43 0 137 147 651 454 0 200 899 935 913 42 558 993 33 0 671 404 319 130 882 917 940 58 0 474 0 49 0 951 208 0 195 916 291 465 611 248 671 0 0 0 174 959 0 120 528 569 253 65 942 642 447 973 778 483 0 613 0 0 25 682 267 730 987 404 416 748 601 0 955 0 968 177 487 868 732 905 110 196 259 78 896 14 797 0 436 217 611 237 255 750 883 37 541 534 324 97 0 239 0 202 398 796 410 705 480 0 517 739 241 362 0 275 178 0 0 729 0 914 0 351 68 0 0 646 0 544 0 663 582 934 0 621 189 0 801 653 0 121 275 843 0 654 406 453 665 0 248 918 0 670 279 88 280 0 146 209 0 856 0 
978 597 0 772 0 130 658 48 0 29 911 265 912 0 362 0 804 38 363 0 103 375 0 0 257 21 221 37 943 183 482 953 52 253 1 829 208 0 68 452 838 42 0 0 16 475 600 10 0 737 168 778 653 0 321 524 0 845 312 253 482 765 61 36 61 824 854 785 773 741 802 0 7 587 0 52 595 206 914 0 485 328 0 160 0 444 0 120 66 120 0 0 0 0 0 300 960 617 168 318 142 494 825 0 423 0 0 583 0 497 335 505 197 951 0 0 712 89 400 306 121 187 38 281 464 0 771 632 240 667 47 763 819 660 926 0 442 373 361 295 0 0 462 418 0 526 684 0 218 12 0 0 0 423 928 0 156 0 533 0 744 0 951 443 0 809 580 0 531 325 535 210 741 940 874 34 447 67 532 350 0 222 303 854 643 576 757 924 470 236 781 102 612 688 642 331 159 451 337 452 316 886 0 155 193 686 161 109 881 977 957 0 796 418 584 123 0 385 853 0 425 363 505 885 0 0 340 0 190 868 542 672 338 186 755 693 0 866 0 0 859 983 981 0 0 0 381 507 289 924 63 903 859 589 0 0 293 288 871 0 0 724 5 0 502 657 612 0 571 815 878 325 66 158 960 786 874 0 0 947 63 666 648 0 290 314 41 398 636 922 653 502 420 101 682 409 348 688 113 684 29 362 420 691 323 522 310 700 548 979 0 452 164 196 344 
479 255 16 794 307 403 741 207 901 693 515 0 351 766 943 804 0 880 379 0 36 813 913 718 41 0 790 920 396 278 0 517 238 720 762 0 271 964 982 0 0 0 824 34 0 453 121 541 343 739 65 0 237 860 363 0 14 412 998 792 0 393 527 0 651 105 466 448 0 0 0 467 926 245 0 545 342 420 323 779 705 995 0 720 809 723 26 127 57 76 241 0 820 4 0 976 0 0 998 176 13 490 121 595 0 93 0 521 0 151 187 0 205 0 0 0 312 80 272 256 0 0 4 793 139 0 438 570 911 332 785 0 886 0 43 773 771 93 0 994 828 0 271 10 543 0 0 0 529 0 586 976 0 28 219 43 0 571 549 286 0 0 927 192 69 626 846 63 509 19 361 0 0 672 964 779 35 605 625 0 484 169 0 0 731 25 628 192 772 283 0 0 499 436 0 86 0 433 367 624 831 0 171 81 12 697 0 30 74 671 161 0 928 403 427 0 0 216 856 46 900 221 0 181 758 423 465 0 470 358 895 0 464 0 853 905 0 67 466 571 177 816 0 610 320 386 923 55 0 0 0 259 299 482 38 117 747 0 126 0 781 0 175 0 943 666 0 349 532 177 77 0 56 475 507 0 110 0 23 370 604 0 492 104 837 0 340 115 222 0 745 0 271 0 197 0 0 513 296 0 309 90 537 401 446 239 0 0 430 0 805 440 185 743 178 
503 0 909 340 375 877 0 0 734 906 915 0 679 567 0 38 880 0 697 511 137 718 0 942 452 0 854 945 0 0 558 113 353 107 19 0 225 0 0 274 294 270 843 0 243 581 105 0 92 29 992 875 765 0 517 293 622 301 822 9 462 0 442 781 75 958 4 19 754 0 604 249 54 732 114 98 520 317 530 0 696 304 0 375 0 288 923 626 0 0 0 422 0 0 741 783 65 831 560 857 28 0 0 769 690 747 395 779 81 0 984 833 0 690 998 742 582 0 236 700 823 0 661 0 0 207 254 144 868 119 273 0 262 0 431 881 625 582 0 236 993 228 180 115 851 401 220 263 955 524 0 727 691 766 0 576 520 848 854 413 882 0 836 451 0 18 414 839 283 0 0 394 0 292 973 0 761 721 740 225 0 630 395 0 967 456 636 458 328 644 534 801 492 651 783 0 511 0 719 912 0 0 658 971 654 397 0 0 788 202 808 0 531 759 655 0 39 303 292 0 683 548 848 0 22 936 0 568 203 764 0 595 151 23 65 858 111 580 786 94 152 494 16 0 636 319 718 0 75 858 0 19 16 0 741 600 849 920 0 245 577 938 28 170 226 0 161 232 350 791 927 925 0 488 741 24 803 276 0 924 694 0 887 207 930 500 849 974 0 168 362 145 207 143 0 0 263 938 707 0 0 0 0 0 123 0 0 0 778 70 259 307 52 788 0 
532 635 947 411 913 128 0 373 172 58 0 199 0 0 646 363 379 697 0 379 673 88 244 0 0 559 136 874 878 134 701 439 832 726 783 188 439 873 174 138 742 289 591 0 419 182 0 311 685 0 286 910 612 29 375 623 0 397 561 0 0 527 326 14 405 604 422 510 424 335 131 942 673 997 695 0 172 454 0 67 319 706 29 284 333 913 852 529 449 555 866 456 582 191 343 655 422 861 532 0 0 834 140 0 65 724 332 516 0 276 923 0 882 0 950 846 0 333 399 635 268 79 566 371 0 356 0 816 735 692 958 671 0 103 888 913 452 0 0 42 289 61 530 726 413 603 533 787 0 45 90 20 40 229 343 738 231 738 6 623 989 872 330 921 771 154 224 0 0 656 841 0 213 123 0 880 392 348 476 0 324 649 464 0 0 345 0 0 205 866 666 997 958 95 137 161 398 0 93 503 0 952 0 0 0 0 628 0 840 424 0 352 884 526 733 437 91 246 243 836 391 198 547 427 0 0 480 429 416 0 0 47 624 69 593 971 987 0 758 0 543 180 6 252 0 230 73 264 0 0 0 992 961 696 242 0 578 168 0 0 259 0 692 999 150 93 998 810 0 126 950 0 0 569 0 165 790 159 756 515 509 280 583 196 0 275 32 457 441 678 0 328 237 582 0 826 878 0 137 228 0 783 0 244 495 191 211 269 543 325 352 890 80 192 0 
749 524 933 94 104 469 51 545 0 0 713 729 854 529 247 0 0 511 379 0 411 592 645 615 247 241 495 585 171 6 536 761 837 0 989 236 776 473 504 175 11 93 474 15 381 0 789 924 125 618 0 801 830 130 490 65 0 0 0 0 83 0 895 211 696 67 929 225 149 575 0 0 0 607 247 0 83 0 990 651 566 0 948 231 468 215 694 0 831 623 336 103 470 490 504 131 0 506 227 553 0 328 243 535 498 0 760 0 630 289 0 324 80 0 0 487 554 506 0 603 0 0 412 120 382 591 495 0 72 195 0 382 452 887 0 828 0 0 0 0 145 445 813 118 0 0 0 468 525 978 485 854 398 4 138 0 0 0 951 854 673 708 585 0 398 0 0 283 381 360 144 0 0 948 0 697 638 697 999 367 743 0 0 0 679 311 690 54 0 789 203 415 510 0 237 422 802 832 505 393 533 859 856 446 825 822 447 0 902 371 256 110 987 145 975 0 367 991 599 22 254 0 650 484 657 0 0 322 0 917 0 838 134 455 961 175 200 396 716 563 362 134 822 374 0 712 690 347 411 0 891 18 311 177 337 0 662 382 34 467 350 951 769 0 878 81 84 441 22 195 0 705 0 130 455 158 55 0 27 799 941 213 303 0 401 886 577 0 562 697 224 584 522 0 0 563 39 0 0 423 107 206 491 733 314 966 997 666 92 74 940 560 0 273 198 
872 458 249 454 611 119 0 0 758 142 0 0 0 160 310 103 36 137 673 411 0 812 690 970 0 180 674 770 751 484 0 663 86 670 0 150 434 23 471 122 595 248 229 0 108 740 0 301 0 0 646 133 0 215 461 0 0 690 914 391 748 72 187 413 783 856 404 272 329 0 792 515 619 470 289 814 0 777 0 130 733 301 0 0 836 735 0 0 648 0 311 303 321 0 9 995 977 675 424 128 0 65 377 197 0 0 502 0 480 76 788 0 0 33 208 0 730 335 0 0 866 720 8 27 766 0 850 176 822 219 0 905 640 918 716 709 744 181 998 310 754 483 27 146 325 409 409 768 644 695 865 0 760 190 0 641 3 486 683 630 0 0 811 0 33 116 931 169 0 0 0 0 390 712 298 860 470 341 308 306 0 733 91 664 248 0 738 394 488 364 56 791 0 205 315 0 0 356 0 970 778 145 247 7 367 0 0 390 742 884 352 731 721 131 553 0 676 0 112 0 0 0 0 981 87 0 536 425 668 118 0 877 963 638 0 240 302 0 749 437 798 135 673 516 0 994 134 221 888 868 957 4 823 476 828 0 0 51 908 194 623 395 0 413 154 5 263 196 482 0 0 937 247 108 402 0 276 0 0 24 286 0 167 939 905 342 30 291 918 67 867 982 0 159 407 926 0 924 299 285 902 0 0 587 151 815 0 791 0 989 92 959 744 187 496 
865 20 0 0 0 0 0 730 239 0 410 803 627 0 964 375 813 718 88 592 812 0 214 638 865 0 209 908 143 0 141 174 553 47 440 949 853 301 0 589 363 0 566 957 0 398 241 31 848 967 0 823 565 217 112 0 0 0 715 526 881 357 361 0 821 241 430 553 941 674 92 316 0 150 386 999 852 900 30 973 355 0 267 0 933 883 0 169 0 169 0 946 0 298 0 916 823 551 85 235 0 820 512 0 69 270 4 122 0 582 18 150 926 673 437 850 22 0 0 0 805 40 779 879 0 527 372 0 578 968 325 657 195 413 691 150 208 255 848 72 370 40 933 528 275 887 0 589 0 485 438 0 216 0 616 86 898 968 855 876 931 0 77 0 403 53 422 871 56 235 0 227 619 625 844 960 205 146 10 247 418 261 0 0 333 142 410 0 0 308 0 0 467 339 0 838 176 624 661 979 492 310 334 22 636 160 475 714 0 847 486 511 951 140 712 507 0 658 0 163 0 0 0 719 991 219 103 426 605 189 0 99 534 332 0 618 397 0 80 0 0 950 498 603 228 803 752 143 0 525 782 0 972 877 318 471 0 0 0 588 821 598 398 0 0 155 560 0 383 431 0 254 419 29 836 619 703 0 393 99 61 892 952 708 471 699 687 732 586 537 479 667 225 726 578 0 0 0 165 254 515 619 399 244 83 205 366 257 874 178 523 902 343 74 0 
526 0 53 956 993 0 855 0 0 397 157 0 957 0 954 0 913 0 244 645 690 214 0 61 691 356 130 660 0 731 0 0 0 153 0 261 38 847 532 0 62 0 954 112 283 0 0 587 50 0 863 495 98 699 163 0 0 681 13 0 542 0 526 60 306 686 0 0 724 0 835 0 735 770 0 89 636 289 0 0 90 0 957 42 679 0 652 808 198 985 786 159 511 727 720 509 803 517 208 35 92 372 0 421 0 391 163 641 771 537 422 370 426 812 785 590 62 420 0 480 79 918 49 47 809 973 0 426 0 933 379 713 0 651 476 824 886 862 0 0 0 297 0 0 0 864 172 292 739 848 187 900 829 631 146 761 521 0 0 0 760 688 0 469 0 786 726 588 590 346 0 850 0 53 416 575 610 328 0 782 0 958 609 0 456 203 788 0 545 396 842 818 0 650 227 0 893 578 492 298 394 207 0 741 995 480 824 280 0 663 910 365 0 103 858 598 779 814 0 282 0 212 0 976 0 239 252 259 0 549 254 285 608 267 952 633 740 983 617 997 768 0 653 0 986 730 448 0 0 150 779 262 0 0 69 304 0 394 0 43 382 927 0 386 794 0 897 545 0 0 68 885 712 744 605 0 899 814 648 0 957 302 81 65 803 0 587 0 884 445 752 0 379 409 914 0 477 620 0 70 862 785 752 0 0 848 0 359 860 866 72 801 278 929 263 
313 490 0 720 947 716 0 318 924 967 456 209 0 616 402 0 718 942 0 615 970 638 61 0 425 713 550 406 311 818 819 257 791 833 0 0 861 713 993 0 174 792 123 717 733 837 92 0 206 842 963 75 441 640 160 580 401 0 158 375 34 866 780 503 949 263 0 0 0 434 734 307 4 0 990 793 186 0 0 0 347 511 0 0 428 0 73 654 328 477 856 253 61 903 588 50 683 760 0 491 989 158 481 0 0 243 459 810 132 159 830 78 0 442 0 0 92 849 324 51 452 779 0 0 733 502 540 677 560 507 210 947 0 18 75 160 115 557 685 0 486 0 497 982 0 555 194 0 381 931 0 411 875 788 136 884 627 473 277 412 740 664 362 0 589 0 504 688 938 174 231 0 953 607 0 175 495 72 0 12 539 676 0 0 714 489 589 200 0 20 208 948 0 841 254 409 332 0 0 0 201 855 34 266 366 469 14 20 119 171 464 0 550 557 0 0 659 0 130 161 677 0 0 0 0 495 297 227 529 819 824 633 607 910 0 0 0 575 842 864 0 821 303 116 668 0 0 164 31 0 112 318 451 0 123 812 981 768 438 0 878 62 0 680 713 737 0 429 68 746 938 238 0 0 969 122 108 320 718 0 703 449 183 0 492 182 207 865 0 343 608 158 0 979 0 0 282 961 0 294 871 505 386 18 831 0 802 0 649 716 574 427 0 0 865 
911 943 35 186 745 71 630 988 877 715 410 663 669 865 0 257 41 452 0 247 0 865 691 425 0 597 757 906 437 357 289 173 123 0 67 593 227 992 24 340 0 470 618 898 687 865 0 664 730 111 389 0 890 0 190 0 179 821 0 586 109 0 0 0 306 974 798 218 715 963 135 173 9 849 0 730 44 217 861 615 578 614 0 757 899 855 18 993 510 586 0 526 299 0 20 0 465 0 156 191 293 0 0 786 0 285 963 297 464 846 0 805 393 502 0 385 12 678 28 445 732 0 137 22 807 703 187 848 0 763 242 460 233 565 523 424 340 812 588 194 319 217 211 362 861 667 163 0 510 733 938 536 0 0 0 325 31 364 617 0 311 0 422 384 0 117 0 539 0 768 252 498 521 181 0 0 897 115 341 378 17 556 678 777 94 719 94 57 300 0 268 314 576 0 271 373 0 565 863 0 921 743 877 871 0 923 467 900 136 150 849 0 392 331 721 728 0 0 0 0 540 0 890 781 431 164 263 835 757 0 0 0 863 584 142 0 69 332 4 856 323 175 408 0 0 633 860 201 296 433 9 0 210 0 851 0 583 871 301 58 826 0 0 349 629 0 338 997 44 943 192 206 894 65 879 88 507 0 0 720 297 962 302 297 758 0 0 141 934 591 0 0 380 671 0 0 728 0 652 472 0 0 490 0 93 845 740 0 430 988 112 431 196 464 236 
0 67 22 690 608 536 304 693 388 309 0 849 826 323 65 21 0 0 559 241 180 0 356 713 597 0 435 0 429 293 562 720 0 0 0 0 265 0 0 23 558 58 423 618 838 407 0 49 197 0 631 353 143 0 718 439 41 0 635 222 0 574 514 192 906 277 778 0 921 130 0 0 10 288 641 162 973 310 0 762 680 689 155 0 441 271 507 113 0 20 91 0 156 0 0 36 634 515 42 58 30 512 885 188 992 0 26 386 615 0 208 877 0 739 527 0 139 20 778 177 859 968 0 211 717 105 236 521 0 774 0 930 489 944 288 788 919 0 574 0 248 106 167 0 635 455 901 39 123 377 0 358 0 144 621 104 365 810 300 27 70 592 425 0 550 783 0 352 402 268 350 0 728 682 0 179 724 617 0 137 771 23 718 0 432 984 0 89 366 749 837 715 975 756 949 323 393 322 539 33 815 114 475 0 287 817 709 210 264 47 0 208 483 63 11 277 10 997 0 957 0 0 596 159 562 190 404 805 457 927 416 823 554 813 963 0 0 238 997 831 642 0 651 198 0 946 0 60 42 85 0 0 339 196 923 532 331 0 934 0 0 0 486 163 422 0 393 52 436 664 234 915 24 443 372 951 634 583 930 753 269 176 0 0 621 798 726 0 912 148 119 682 466 639 0 0 0 800 801 174 441 790 0 261 0 882 368 866 816 360 916 352 528 519 0 
992 589 0 762 819 496 547 301 272 941 0 891 989 0 0 221 790 854 136 495 674 209 130 550 757 435 0 918 735 0 926 716 330 363 591 260 443 387 21 793 152 0 0 0 387 833 711 200 123 0 200 0 781 783 0 482 532 728 0 0 813 688 460 680 296 801 374 22 893 460 48 0 814 171 361 792 640 291 902 503 642 185 939 461 286 586 304 246 536 40 998 0 103 372 0 497 0 411 506 7 949 0 224 767 955 867 43 236 0 938 750 529 941 700 311 729 0 709 269 338 0 706 0 816 836 134 0 360 0 211 588 152 0 284 105 983 13 711 0 698 823 0 141 0 745 844 644 533 972 347 884 0 788 0 597 659 0 120 0 127 504 741 128 43 64 0 0 589 0 0 189 0 184 386 0 276 197 752 73 221 0 0 491 0 546 0 991 0 965 0 633 0 0 50 628 0 193 140 0 0 0 0 0 0 25 17 831 208 987 571 749 410 347 0 670 259 958 369 152 37 37 962 357 268 0 707 807 100 630 0 996 440 902 198 637 957 312 0 483 491 607 0 674 576 131 39 437 892 652 0 0 752 0 248 0 806 555 0 292 581 884 0 406 0 756 138 886 519 753 693 12 0 341 0 874 965 123 524 202 387 0 758 0 0 449 63 0 160 0 525 0 376 0 0 275 298 639 946 0 422 531 401 331 0 328 0 0 956 343 574 321 320 537 497 0 
671 954 891 285 0 486 972 404 502 502 86 0 959 168 333 37 920 945 874 585 770 908 660 406 906 0 918 0 0 536 0 704 0 386 586 560 324 313 456 0 0 0 262 728 929 490 0 595 313 0 711 915 893 675 585 698 0 0 172 0 96 281 667 898 0 43 268 0 0 0 619 636 774 604 905 279 0 0 736 0 712 763 0 478 314 0 0 956 261 83 758 156 577 459 210 196 747 0 184 0 971 821 35 464 0 569 0 0 0 781 495 61 0 706 0 540 662 10 507 809 596 5 12 0 879 126 0 423 0 0 705 270 198 973 134 304 716 487 951 185 246 520 849 230 834 0 308 291 0 0 386 0 0 0 856 650 0 481 0 49 805 0 45 998 0 0 133 631 14 687 127 725 333 0 691 894 92 0 876 637 0 0 508 692 930 893 25 55 797 0 779 36 775 0 822 850 0 99 686 0 767 410 97 0 0 0 918 254 226 926 559 928 0 573 0 602 209 992 518 631 78 0 492 17 35 0 216 955 295 0 530 0 1 845 585 0 907 89 329 55 0 418 101 307 469 486 0 0 0 760 890 134 614 580 0 927 442 898 799 762 464 0 0 0 367 740 146 0 732 868 811 203 435 886 0 302 480 0 111 795 213 0 0 883 340 591 222 907 741 860 936 825 618 493 618 951 625 994 0 512 897 800 957 574 262 533 980 0 829 112 786 161 318 309 0 
968 0 574 184 586 0 320 0 331 611 695 665 0 202 500 943 396 0 878 171 751 143 0 311 437 429 735 0 0 737 683 982 9 0 173 848 775 543 44 564 0 50 630 0 910 299 0 456 727 0 907 0 719 0 477 742 441 951 845 917 654 0 356 0 455 320 0 33 0 866 0 0 989 84 669 91 960 100 680 803 809 0 974 28 237 209 0 287 623 938 0 590 96 534 0 29 0 392 598 0 716 229 296 0 637 788 535 639 709 0 641 0 166 191 0 0 0 0 0 438 520 897 0 560 937 16 744 680 972 466 230 820 117 448 0 758 0 496 291 220 0 0 655 0 0 37 630 821 0 107 0 717 369 0 0 837 0 520 0 709 528 695 371 27 868 522 108 889 0 0 587 0 0 426 75 0 817 933 949 0 814 175 550 207 684 0 0 135 961 75 260 644 878 241 143 0 422 437 547 0 756 630 959 227 367 0 624 369 434 86 188 824 0 534 664 751 0 554 923 484 559 241 134 476 377 961 798 5 0 795 859 0 652 0 110 0 0 483 0 477 971 755 153 93 846 837 375 580 710 0 363 923 680 644 0 517 0 0 95 875 609 0 441 248 0 628 917 185 575 0 991 0 301 667 686 384 0 324 721 213 0 450 0 579 0 36 847 0 503 122 879 188 0 645 328 570 0 189 361 124 49 186 496 371 497 768 0 0 818 0 599 151 117 578 58 
608 150 0 846 356 261 0 593 252 341 14 163 861 149 0 183 278 0 134 6 484 0 731 818 357 293 0 536 737 0 7 120 753 579 982 771 844 574 798 935 0 40 0 470 541 830 323 427 268 315 409 925 0 299 752 845 542 974 671 472 203 396 554 140 131 658 891 798 0 216 225 0 623 783 757 0 321 670 0 550 0 0 90 0 699 0 894 0 200 0 432 803 675 448 231 659 211 0 484 91 145 958 0 490 761 31 842 602 172 0 0 461 0 985 727 288 232 0 168 231 359 25 353 0 582 0 0 280 550 561 153 752 307 103 946 541 107 0 211 0 747 168 499 0 840 868 630 0 580 0 80 0 333 283 496 632 354 933 493 462 98 309 660 0 0 329 560 153 744 171 0 0 359 300 966 133 529 0 518 612 930 746 829 274 817 0 111 683 0 273 571 928 0 33 647 112 365 0 825 22 409 0 0 860 411 0 0 406 727 681 265 99 983 293 833 327 808 992 260 128 823 262 850 886 0 0 643 0 791 367 0 962 0 813 753 930 722 201 476 746 564 609 730 616 933 0 238 940 0 161 971 133 755 459 0 0 6 743 12 762 277 754 284 435 942 0 0 720 0 884 637 0 462 95 255 446 0 734 866 0 0 204 560 215 425 315 840 774 541 905 754 985 40 0 0 995 0 0 291 50 240 608 708 300 268 19 330 83 0 832 808 820 544 786 522 
728 161 0 705 426 593 45 935 483 4 82 185 549 234 412 482 0 558 701 536 0 141 0 819 289 562 926 0 683 7 0 957 306 266 773 258 0 787 689 548 105 477 0 793 662 783 710 0 0 372 930 0 728 686 881 722 439 899 194 0 0 0 0 71 295 0 700 301 183 387 0 222 697 489 0 96 0 56 0 827 256 888 561 247 228 756 107 0 121 275 0 561 41 0 0 481 765 191 0 479 933 33 687 0 0 415 415 151 866 173 49 887 0 554 198 0 666 98 816 0 284 288 686 0 0 810 997 628 647 812 783 961 0 815 850 522 0 796 449 80 0 75 845 792 0 158 581 451 419 0 385 0 425 216 117 0 255 320 887 796 602 479 572 676 145 269 0 579 354 54 109 883 0 255 0 0 0 260 655 589 938 379 70 73 0 447 25 0 0 425 250 42 456 0 321 688 528 655 642 53 762 221 0 235 327 124 481 0 397 267 658 44 0 263 115 708 339 315 77 0 593 167 621 672 311 90 690 793 943 512 416 10 0 664 328 159 281 431 943 390 599 208 0 521 191 0 374 429 0 0 788 977 172 399 30 0 117 921 915 491 0 184 775 187 660 0 579 465 0 834 620 118 0 852 472 742 874 520 60 488 939 360 890 0 239 0 999 87 428 0 31 38 0 318 0 434 42 0 0 738 0 0 452 433 997 130 728 883 0 167 204 269 503 825 308 
963 909 369 0 819 342 942 0 0 918 0 936 0 440 383 953 517 113 439 761 663 174 0 257 173 720 716 704 982 120 957 0 556 237 442 911 0 551 520 897 880 680 0 0 488 0 983 746 242 212 985 76 818 745 151 0 629 618 168 632 653 504 0 190 439 287 541 677 52 497 0 897 0 795 573 811 0 0 933 0 706 756 0 0 0 0 0 0 0 874 945 242 432 228 0 642 0 941 897 97 164 912 828 936 768 461 971 747 611 0 566 0 376 0 394 481 0 267 524 681 100 965 716 463 125 0 0 753 965 892 0 806 561 542 139 819 778 87 0 463 34 456 597 0 219 0 0 0 537 960 0 504 535 2 0 141 761 359 0 72 406 953 667 670 0 880 178 253 462 722 886 985 248 3 137 626 0 825 2 614 683 0 802 0 0 781 233 850 113 836 0 0 0 253 861 0 253 0 0 549 156 137 95 181 0 679 951 259 831 0 933 0 466 213 0 619 0 427 329 0 0 670 656 774 0 841 880 141 0 538 721 52 237 828 550 38 0 812 514 0 0 389 662 104 0 0 886 0 157 652 272 931 945 993 0 0 265 896 784 198 120 353 34 607 0 336 874 0 110 0 0 484 754 525 0 832 335 46 874 0 0 283 394 952 401 278 0 374 0 0 915 363 851 178 495 921 834 647 0 750 191 411 87 0 716 840 9 0 28 192 0 939 463 269 780 
323 741 814 790 469 887 886 0 625 171 511 138 648 0 365 52 238 353 832 837 86 553 0 791 123 0 330 0 9 753 306 556 0 859 514 400 378 971 379 515 577 309 0 146 499 922 0 468 557 669 0 682 528 227 208 643 941 572 0 0 423 376 699 432 351 149 0 227 825 402 706 238 142 664 0 817 424 539 288 0 971 937 64 869 374 522 0 694 179 924 346 57 759 428 648 300 0 923 0 570 0 376 252 293 119 443 447 0 259 309 873 616 386 0 0 104 801 835 32 592 683 485 217 515 351 991 0 697 404 868 254 0 934 630 583 143 623 0 534 342 315 647 183 243 564 569 0 0 490 0 792 234 0 0 818 124 678 0 0 94 274 778 286 104 668 985 644 678 0 752 516 82 37 0 0 155 0 0 0 866 514 342 895 61 0 637 598 0 159 991 0 193 0 673 0 392 0 540 616 584 951 938 366 873 735 0 8 123 290 397 455 173 516 0 697 0 0 405 203 311 59 848 0 760 823 645 188 796 833 265 0 0 607 0 873 0 683 587 0 30 211 773 238 598 349 109 3 406 0 0 0 647 896 743 0 0 292 42 0 0 426 652 579 420 0 941 319 36 0 241 982 670 116 346 663 299 30 671 359 727 0 969 0 471 511 0 711 236 781 186 765 0 111 0 372 0 870 647 13 0 202 195 847 353 557 34 715 92 328 196 114 649 470 0 0 
0 965 701 540 0 0 145 434 275 207 0 0 0 620 0 253 720 107 726 0 670 47 153 833 0 0 363 386 0 579 266 237 859 0 898 395 458 648 249 0 391 515 171 820 341 248 429 367 191 504 0 0 0 0 0 242 0 0 0 422 0 0 615 0 216 701 44 952 856 0 0 174 466 134 987 0 65 876 959 364 876 9 680 0 0 752 939 975 0 111 0 0 653 189 629 369 0 52 0 34 420 606 0 606 965 464 99 0 0 913 803 344 407 60 563 907 76 0 0 516 462 0 0 86 273 841 0 268 108 959 0 0 0 155 58 959 345 242 60 0 994 160 420 0 269 196 177 26 455 781 0 3 353 0 848 343 998 0 884 771 0 0 100 610 740 687 244 157 0 0 826 820 1 632 318 226 863 957 723 48 518 355 575 828 917 22 563 862 166 599 892 436 352 655 735 985 370 0 0 0 0 513 827 0 935 752 604 0 548 0 204 370 814 868 326 0 0 610 204 544 797 199 90 396 0 828 529 78 157 652 812 763 0 0 398 621 754 581 510 297 452 0 140 907 176 629 8 436 784 0 0 427 92 792 0 401 174 726 838 361 175 215 844 148 875 0 141 342 0 702 900 0 218 812 323 0 616 893 549 718 0 130 512 864 0 0 192 487 428 585 361 110 873 0 811 796 0 589 80 43 927 896 0 560 798 0 664 95 827 527 512 426 290 0 645 
783 168 388 598 624 162 0 0 497 669 299 855 164 0 202 1 762 19 783 989 0 440 0 0 67 0 591 586 173 982 773 442 514 898 0 747 762 0 962 0 713 751 341 0 651 950 561 394 941 646 825 198 13 0 526 746 0 980 178 559 947 0 702 456 504 522 850 534 398 0 712 0 32 0 731 456 218 990 143 0 917 0 710 0 0 994 581 915 852 577 0 998 133 552 269 554 463 0 782 263 904 708 232 76 708 0 0 751 0 215 507 94 229 667 43 816 904 281 550 410 210 665 0 223 645 0 51 358 0 681 0 0 457 693 0 64 125 249 115 928 0 827 634 443 762 161 407 21 860 135 843 24 479 113 0 0 535 595 209 0 283 767 133 512 903 695 987 930 355 606 110 0 130 671 0 0 0 0 463 912 0 146 971 112 573 904 921 0 916 558 0 907 443 0 163 0 0 253 675 0 215 651 886 0 0 61 125 960 461 0 0 698 781 864 218 0 505 429 101 844 988 0 403 394 0 117 107 0 0 176 0 923 0 793 0 0 906 0 329 0 487 630 152 699 0 548 951 301 977 559 480 657 0 100 752 775 321 0 849 0 0 61 221 607 0 0 0 0 990 761 986 30 299 630 526 0 0 673 107 624 546 0 0 22 0 711 0 110 888 665 0 818 952 0 238 0 297 0 605 710 476 0 425 514 825 334 548 275 191 286 62 281 788 13 0 
869 222 173 387 515 0 534 51 475 0 942 476 189 526 0 829 0 0 188 236 150 949 261 0 593 0 260 560 848 771 258 911 400 395 747 0 719 837 667 890 305 635 155 724 922 0 612 776 286 45 944 766 0 368 0 0 346 637 901 903 448 573 0 265 582 0 0 269 0 433 0 11 940 469 797 29 649 215 147 163 142 991 613 0 179 0 810 0 490 51 0 481 415 0 465 350 0 377 0 0 535 150 144 423 358 733 181 109 63 944 0 0 961 313 789 951 666 302 926 0 923 504 184 0 4 0 412 777 631 949 485 143 467 296 518 0 417 603 69 23 575 856 820 329 680 810 183 316 202 633 690 628 620 0 694 0 0 459 369 711 0 950 592 0 0 0 0 603 0 73 5 0 472 740 425 725 92 142 958 0 20 873 576 147 771 217 652 87 87 0 903 0 50 670 0 924 361 537 657 0 555 0 106 0 978 354 314 0 742 625 252 609 420 0 457 42 0 707 692 844 124 139 0 722 848 856 0 394 0 206 476 897 784 177 0 66 725 250 449 777 0 0 108 866 147 914 641 892 727 267 0 181 396 579 977 94 424 479 947 488 2 629 0 194 973 409 37 0 500 174 0 2 0 1 43 224 0 380 0 163 0 960 76 127 400 171 642 0 416 233 0 603 488 0 314 0 0 708 0 742 350 0 532 4 348 340 0 614 863 460 239 237 627 569 180 
243 0 252 49 857 0 407 869 0 506 500 872 340 135 777 208 271 225 439 776 434 853 38 861 227 265 443 324 775 844 0 0 378 458 762 719 0 231 571 0 0 0 569 0 175 533 0 457 0 982 173 655 197 0 323 871 0 782 653 66 219 24 729 0 217 0 361 0 790 805 0 940 144 0 686 0 511 195 0 485 118 292 0 62 48 12 603 899 979 917 408 359 0 0 797 287 863 0 714 0 190 661 124 525 955 672 0 513 402 316 118 346 0 320 0 542 612 573 0 0 661 64 418 628 0 72 0 0 294 464 920 492 134 0 0 0 532 0 278 270 0 921 68 903 0 483 933 0 853 0 234 984 0 246 569 889 0 736 0 446 0 698 20 202 165 382 633 974 66 189 0 0 502 962 315 836 231 612 0 149 0 672 527 297 622 0 433 940 370 0 252 627 70 909 0 845 730 244 0 525 445 238 0 192 0 515 935 462 615 910 688 180 0 0 567 0 446 0 715 476 512 646 626 158 159 0 0 0 723 434 59 989 350 728 0 356 711 275 332 265 0 983 424 442 578 245 218 918 34 154 283 743 0 538 733 569 888 374 373 646 969 0 244 258 50 114 776 363 0 171 0 223 216 777 103 611 0 70 379 991 627 528 0 128 107 87 949 126 0 548 986 296 557 0 865 169 0 0 169 539 207 904 308 885 885 0 866 0 215 391 694 840 264 28 634 
