0 0 0 939 0 650 362 0 0 0 805 0 351 978 583 214 909 96 0 216 929 451 512 917 0 0 479 0 526 850 0 0 235 324 206 431 138 0 885 650 310 626 830 932 542 0 468 318 379 88 482 128 341 825 205 245 848 866 899 341 287 0 74 616 583 0 0 925 41 848 1 614 486 502 627 868 981 0 815 66 964 0 923 194 337 0 0 138 0 0 638 0 0 186 945 612 195 550 0 443 674 940 0 0 508 0 0 441 217 596 887 444 636 980 119 0 0 723 672 0 192 266 559 481 745 459 0 61 761 131 250 862 234 562 0 147 65 968 0 988 755 168 0 0 129 0 625 0 105 0 614 42 0 127 202 0 0 567 783 0 408 0 334 134 182 336 77 0 0 559 109 315 664 994 0 457 0 301 785 533 7 611 254 836 0 516 0 877 0 103 627 422 602 211 482 619 0 622 689 851 0 307 0 0 0 0 771 495 120 275 0 612 0 0 0 798 887 969 0 791 870 0 0 717 580 465 39 877 78 0 915 929 270 0 0 577 0 289 720 966 217 0 706 23 158 97 176 872 272 0 0 718 107 388 973 0 263 532 760 496 0 577 0 800 268 0 716 0 950 215 0 417 259 892 439 0 981 366 0 886 41 297 339 0 729 309 895 659 0 0 215 225 256 985 
0 0 24 41 640 423 521 848 0 353 0 564 0 319 0 341 0 506 0 0 222 943 0 424 941 0 163 252 689 0 0 806 502 0 0 0 496 296 715 711 823 804 295 153 58 0 161 725 868 0 494 683 585 996 418 976 0 318 804 748 50 53 364 811 189 538 331 924 718 761 574 604 350 0 0 984 390 848 0 0 440 651 907 303 0 0 0 489 66 654 455 965 0 260 0 722 950 440 981 86 816 142 128 0 575 344 122 0 329 290 951 653 457 118 902 827 32 853 305 837 508 533 946 723 0 159 0 908 31 0 0 0 664 0 0 282 424 963 285 897 168 146 0 848 750 0 0 189 93 97 55 626 468 12 535 674 853 411 660 128 355 652 422 519 0 957 0 0 990 354 609 917 620 91 111 0 608 0 957 589 573 75 465 112 697 954 135 709 201 829 263 595 137 676 791 789 782 258 0 505 282 770 0 477 0 35 278 503 0 549 0 510 0 166 401 0 0 699 0 0 558 60 473 607 533 29 186 426 332 807 0 489 811 360 44 617 169 201 0 0 0 0 821 77 302 0 876 0 181 873 498 342 0 0 535 529 899 759 0 719 618 0 601 89 0 989 0 555 557 904 794 0 389 451 569 0 187 0 0 141 490 672 0 868 844 408 546 0 0 461 929 83 0 900 
0 24 0 165 971 755 0 420 359 765 0 449 956 780 0 308 191 364 609 482 0 799 967 488 75 0 0 770 0 251 596 625 567 0 630 646 128 248 750 4 0 18 0 143 0 749 745 22 30 672 0 514 250 413 0 871 914 791 309 0 658 142 0 883 126 0 0 279 703 721 498 0 334 173 899 994 0 731 0 702 863 760 904 423 513 8 45 179 214 0 586 0 63 0 397 469 0 97 871 964 0 693 580 512 397 52 710 214 0 940 0 0 0 732 0 389 589 422 152 343 775 0 223 981 0 150 804 0 0 604 279 281 842 622 226 948 682 542 350 866 305 189 327 196 552 672 0 0 598 446 534 997 672 0 0 711 523 0 106 803 0 732 179 538 743 287 635 799 391 468 299 0 800 0 460 863 37 770 210 709 132 309 999 0 797 0 0 884 153 814 0 0 342 578 155 0 0 987 212 0 896 621 0 470 571 414 757 227 89 0 0 0 172 36 300 887 445 0 525 901 88 858 705 118 662 86 0 856 0 512 490 904 192 589 644 969 544 256 652 564 0 248 493 0 402 0 144 364 763 470 684 226 421 100 622 0 882 658 0 0 701 289 985 128 0 0 0 203 151 258 0 865 0 215 772 0 657 573 202 758 0 504 985 534 257 473 875 968 293 375 12 479 283 0 
939 41 165 0 660 649 377 0 993 0 283 333 0 997 369 222 280 845 217 604 978 48 290 0 78 56 883 849 588 0 0 746 500 0 190 550 98 122 707 140 0 642 0 442 0 871 0 456 51 732 115 777 226 736 965 496 4 0 801 616 64 51 558 956 896 106 0 810 577 0 261 452 661 443 252 673 663 138 981 0 36 0 801 767 260 908 0 609 150 192 0 988 907 112 890 309 82 0 813 910 446 482 0 676 893 0 392 0 319 933 131 669 32 251 106 0 0 897 245 330 503 559 367 541 73 442 466 864 279 0 573 768 700 0 184 789 0 680 743 429 0 573 0 983 154 0 274 836 0 0 0 901 0 392 0 216 0 0 0 669 502 413 0 776 723 229 0 0 629 497 0 197 124 120 479 0 462 88 578 952 760 0 0 0 325 901 952 0 0 380 0 464 952 372 218 0 207 250 145 547 6 287 0 117 328 502 598 310 390 120 26 431 941 686 962 0 193 157 0 102 838 582 0 475 390 0 957 475 484 221 0 820 0 0 0 913 466 401 663 378 137 661 383 306 384 301 0 617 703 0 384 743 0 527 155 712 418 0 797 513 843 0 0 216 0 651 832 864 285 352 855 994 586 0 164 0 417 0 0 0 186 493 258 472 540 0 374 626 34 916 90 0 288 663 
0 640 971 660 0 0 0 631 785 479 101 273 207 0 194 0 0 0 300 375 269 733 833 0 0 149 0 749 837 0 633 80 446 27 567 0 0 614 0 0 152 500 0 3 284 460 609 765 293 353 675 776 6 485 0 0 260 9 762 681 0 673 554 277 328 0 0 849 0 0 0 945 668 0 0 624 674 604 576 0 0 0 143 969 394 0 0 348 412 0 232 0 0 607 429 48 0 167 57 278 334 0 963 0 868 0 189 111 403 952 507 461 814 652 905 0 436 54 235 18 807 218 0 244 985 583 38 69 0 233 0 188 598 0 438 881 213 999 359 918 188 903 830 160 819 210 140 428 46 675 502 139 348 367 559 83 416 0 0 0 67 0 371 473 150 703 0 0 235 571 0 0 599 427 892 876 330 0 500 0 0 740 0 573 147 961 0 889 599 730 598 0 877 0 229 264 950 544 861 0 0 0 219 872 943 0 0 284 345 579 182 822 26 439 684 126 0 0 432 382 3 134 641 429 0 898 371 0 0 0 151 239 332 886 0 591 625 0 389 252 925 0 474 907 130 0 404 625 181 883 0 353 155 0 0 98 753 524 191 587 516 519 0 885 751 322 0 0 0 993 0 789 0 995 506 141 688 896 704 0 0 0 198 0 610 189 895 0 24 944 0 0 424 199 
650 423 755 649 0 0 825 44 926 0 0 694 170 541 283 924 901 58 208 847 256 68 54 597 729 60 552 268 91 0 851 0 878 39 0 172 751 0 0 362 509 58 612 0 289 25 0 626 909 901 0 0 0 910 361 156 790 0 0 0 489 0 305 0 200 427 450 333 935 426 0 834 311 156 490 597 0 262 425 184 547 644 630 646 452 38 615 414 402 0 943 0 783 429 341 0 0 0 788 102 358 367 140 0 352 973 441 88 0 169 547 0 434 278 510 0 610 0 546 705 512 419 756 309 322 724 0 462 0 608 301 0 6 163 619 508 31 136 29 913 512 0 189 226 34 404 216 0 568 681 318 0 839 11 289 615 60 857 659 591 311 0 313 22 544 0 503 21 347 873 934 449 37 717 929 0 349 317 0 955 123 980 884 0 0 0 902 933 0 93 502 857 754 0 708 256 0 345 0 0 172 733 0 363 175 978 785 0 162 524 0 0 0 0 796 549 129 0 43 16 0 488 0 709 721 828 0 15 399 0 918 843 851 24 556 0 233 0 0 735 887 0 102 0 288 937 762 0 999 0 964 0 743 318 841 0 108 208 134 0 715 961 989 247 136 866 323 885 712 0 0 698 617 409 0 569 32 355 389 254 0 393 335 70 0 599 501 9 171 940 631 49 409 0 
362 521 0 377 0 825 0 727 580 402 0 38 693 891 52 647 668 704 995 0 0 941 98 0 452 860 0 942 736 19 107 0 805 483 7 601 0 254 496 0 468 194 20 0 323 160 347 59 584 890 720 809 870 769 312 60 0 563 904 295 948 715 0 557 395 398 53 968 0 294 405 963 198 23 0 0 690 971 905 510 241 230 739 307 246 375 792 330 0 994 0 0 877 0 951 0 968 665 29 916 549 557 253 0 646 838 833 521 652 480 0 0 0 261 101 124 0 521 955 818 248 193 848 747 432 907 0 0 0 0 22 245 388 259 162 151 533 0 634 0 908 0 970 0 0 70 193 545 972 617 463 502 202 625 280 459 716 0 223 6 940 456 495 69 291 625 63 470 0 0 0 895 776 331 0 0 180 806 131 345 634 0 310 0 270 898 365 0 530 829 857 867 290 410 346 0 607 425 0 398 371 653 496 340 345 0 783 725 819 665 845 0 0 0 583 69 555 441 575 0 456 0 734 367 708 0 978 952 260 163 370 663 676 362 379 852 304 555 163 188 642 433 46 870 448 0 440 889 583 0 701 574 92 494 635 234 956 722 362 0 0 839 652 0 581 0 60 262 987 323 383 0 642 139 506 510 965 0 566 0 527 135 311 703 0 132 0 623 191 615 0 0 737 238 
0 848 420 0 631 44 727 0 1 726 451 991 424 0 711 748 162 856 150 883 608 453 0 0 692 752 0 159 0 195 714 613 857 464 399 516 222 706 844 896 671 203 0 0 811 465 899 791 769 820 0 205 0 963 80 691 0 0 0 0 403 0 0 550 14 0 349 0 578 0 195 417 0 879 281 292 0 676 941 658 239 640 244 193 810 0 788 762 343 865 0 0 652 761 424 647 158 384 0 541 996 0 484 380 0 950 0 794 0 231 0 426 0 327 825 659 0 283 0 354 0 617 0 341 295 0 639 0 984 277 614 0 0 923 478 611 576 118 140 253 746 456 750 770 159 973 615 701 428 914 635 369 971 256 0 117 801 565 146 106 461 143 0 0 166 238 665 554 0 516 114 139 370 588 0 737 0 411 593 0 828 451 0 710 62 379 0 246 311 222 526 0 19 154 161 950 0 951 0 619 0 563 501 0 871 732 541 241 218 656 407 452 927 0 629 494 793 839 532 564 521 5 713 766 904 539 839 404 403 508 736 101 444 936 417 471 437 0 234 625 0 0 84 996 593 918 929 323 538 357 0 784 378 647 792 562 192 0 0 892 0 0 135 999 0 258 0 743 0 803 343 869 0 0 485 435 283 0 536 861 0 0 798 0 373 0 720 204 921 398 598 576 540 97 
0 0 359 993 785 926 580 1 0 944 881 0 438 931 562 867 757 0 0 346 221 880 821 248 177 617 880 0 494 542 808 994 833 0 38 274 421 587 335 890 0 471 138 0 490 832 980 40 876 463 0 403 971 49 896 60 341 150 885 0 876 26 0 293 357 0 50 281 0 610 535 493 319 182 703 0 428 0 1 0 911 398 618 449 0 156 127 0 228 166 671 292 686 74 126 85 91 0 691 991 0 926 65 893 872 711 0 151 0 0 417 37 0 700 469 136 622 638 9 193 0 995 893 0 252 758 791 604 0 0 568 0 0 344 134 0 810 0 100 916 507 47 650 807 557 110 225 0 379 138 0 384 0 23 139 0 236 0 71 475 305 155 470 516 0 525 527 663 282 0 108 380 843 168 0 0 0 0 72 0 605 324 0 198 0 461 842 435 194 56 620 0 845 98 523 119 391 0 70 400 621 0 0 824 557 558 15 0 0 464 107 0 271 647 166 0 0 604 330 688 807 833 0 149 223 12 208 130 253 315 862 469 350 801 411 106 429 0 0 686 750 497 856 43 478 515 278 534 0 0 23 15 955 0 0 0 0 919 754 962 176 406 870 813 984 576 435 0 354 550 676 734 589 832 408 0 122 910 834 709 0 599 204 615 94 160 0 801 876 0 277 842 0 365 
0 353 765 0 479 0 402 726 944 0 11 276 926 0 0 645 0 937 507 136 164 635 137 80 0 803 383 941 228 460 433 132 0 0 0 705 0 0 303 992 192 891 569 0 0 644 0 0 526 984 707 252 594 0 0 0 364 68 308 0 0 529 568 989 417 316 879 0 865 490 384 563 990 0 0 0 345 0 903 869 460 242 592 144 0 728 27 0 0 614 221 141 866 0 922 774 261 0 919 689 451 161 555 0 837 355 949 697 455 963 585 0 480 370 0 0 134 228 985 239 691 637 919 63 668 317 0 530 372 393 469 0 958 24 0 368 0 771 223 235 864 0 400 398 886 0 381 0 51 0 550 128 956 0 0 754 293 858 0 176 806 0 718 0 660 287 0 238 0 0 529 323 410 305 351 265 0 105 0 0 0 663 160 0 524 0 450 881 29 448 809 815 0 576 970 636 0 37 115 239 0 824 307 946 0 0 16 0 300 613 288 757 0 0 727 298 730 0 792 74 895 851 824 86 186 3 379 0 897 496 665 415 460 294 0 87 0 0 311 505 217 929 0 841 0 779 0 366 684 935 117 854 44 689 158 587 0 131 895 511 498 617 971 974 0 0 478 0 871 286 784 0 785 824 800 66 53 652 22 214 161 0 60 0 0 0 321 475 306 0 668 27 884 0 
805 0 0 283 101 0 0 451 881 11 0 964 0 754 0 462 0 986 699 0 790 13 0 929 129 672 531 0 0 751 174 245 502 0 522 902 0 0 0 605 0 305 142 243 115 962 564 0 503 659 423 934 212 121 222 919 916 387 0 438 616 349 272 418 421 0 161 0 23 0 165 0 559 105 919 118 0 819 0 770 46 756 59 186 820 140 0 0 0 848 884 304 117 276 958 0 0 100 777 0 721 675 11 845 808 867 324 469 165 68 782 320 0 650 718 195 419 394 856 266 144 119 0 0 121 0 320 239 109 217 0 625 0 586 464 196 0 31 994 0 0 441 736 867 557 0 762 313 855 0 0 124 48 108 125 685 994 292 720 242 0 353 628 821 131 0 694 151 148 306 374 34 210 809 5 127 381 0 358 561 0 700 20 40 919 493 0 799 295 426 310 374 157 34 0 307 383 519 224 0 244 476 177 723 158 341 0 0 173 446 0 0 806 0 200 622 587 946 0 0 715 915 905 463 22 424 937 47 0 0 364 335 288 0 454 846 640 662 245 593 507 757 655 605 835 485 0 513 422 0 275 356 0 651 0 543 776 671 10 0 362 592 250 167 0 445 329 0 737 612 183 840 736 0 175 55 152 127 0 0 373 914 0 974 752 0 470 222 0 568 978 0 0 549 
0 564 449 333 273 694 38 991 0 276 964 0 457 851 523 246 93 732 837 694 0 134 117 353 469 0 804 0 192 105 437 857 738 829 241 141 476 0 551 934 530 400 943 801 132 0 736 345 284 0 0 911 78 723 471 762 645 0 793 999 691 779 0 38 0 0 666 340 977 64 214 364 745 0 112 0 0 394 0 926 243 998 0 0 56 796 0 897 907 57 0 0 0 428 668 0 0 0 0 502 380 928 0 260 671 364 986 0 0 592 3 953 630 858 896 591 385 111 56 71 870 713 189 0 0 132 556 997 693 499 552 678 179 937 0 437 0 635 0 813 764 0 354 0 172 501 303 191 87 0 861 695 914 259 735 313 0 0 867 698 380 517 157 587 191 786 192 0 696 871 48 641 0 494 695 0 733 765 520 0 133 0 789 743 0 921 630 158 943 97 676 0 0 0 525 560 947 317 15 942 267 173 687 210 0 813 0 0 0 0 812 580 280 0 788 139 503 408 0 531 830 635 0 216 0 563 0 259 121 294 212 445 0 120 0 380 949 212 0 998 83 861 498 285 0 772 5 365 9 693 2 0 243 0 0 57 729 813 924 0 0 786 986 283 286 203 466 0 641 348 831 149 456 209 943 0 687 0 425 628 66 0 416 311 928 844 803 523 846 258 392 361 0 0 
351 0 956 0 207 170 693 424 438 926 0 457 0 158 506 392 679 658 486 302 412 0 130 297 143 0 0 887 0 0 0 697 786 776 419 34 185 73 0 542 193 64 0 759 713 911 684 0 268 956 0 0 849 0 0 939 0 931 494 62 0 622 611 140 969 891 475 569 836 0 0 852 0 831 0 0 774 477 149 0 589 370 961 74 268 0 0 585 763 872 0 0 0 942 559 656 230 0 442 167 447 831 744 0 623 910 982 533 0 50 745 657 209 521 800 433 521 267 240 76 629 0 747 0 65 59 451 0 475 0 131 675 953 873 0 120 0 0 984 126 636 470 943 540 286 0 127 15 0 0 0 0 534 78 533 0 878 822 673 479 119 0 785 86 682 513 266 579 669 389 0 407 0 22 840 661 7 152 0 301 773 469 806 0 199 0 431 154 0 755 242 44 924 669 855 0 0 896 585 309 0 131 559 385 62 0 239 0 706 611 655 258 653 273 0 555 762 91 0 0 567 94 0 623 979 820 0 203 285 322 0 554 0 209 0 79 252 419 0 40 411 559 245 820 230 522 275 304 325 528 985 0 885 0 889 455 667 991 55 0 170 810 707 0 0 718 795 0 50 558 459 874 153 880 276 59 356 0 95 104 13 0 471 966 0 106 0 0 0 86 335 0 457 54 
978 319 780 997 0 541 891 0 931 0 754 851 158 0 0 804 253 536 876 701 570 620 476 632 23 725 0 0 403 447 839 0 0 746 871 957 970 201 547 437 0 24 210 973 249 0 0 325 105 134 0 367 649 0 0 56 14 999 847 323 217 0 940 309 0 256 0 648 366 0 188 0 705 10 567 723 947 672 0 309 945 59 0 132 511 0 423 133 563 254 0 739 0 414 0 703 494 537 331 427 0 256 124 145 230 367 308 151 521 894 17 0 421 476 0 315 0 216 835 565 878 0 220 0 0 0 692 413 648 53 746 993 372 0 41 0 0 0 929 275 0 784 985 536 0 0 315 624 533 622 0 439 0 516 614 908 0 186 466 116 330 843 186 236 502 651 807 443 0 325 92 78 656 409 0 400 0 0 0 708 736 393 789 0 0 64 94 0 284 0 930 0 296 0 394 0 0 515 710 155 0 936 901 745 678 0 0 0 388 604 0 465 914 970 138 363 430 784 0 704 648 384 730 944 246 202 0 571 274 133 900 0 108 0 377 653 167 581 25 196 881 0 0 780 372 276 0 0 907 429 990 0 619 0 0 382 333 401 443 0 67 712 432 438 0 220 468 695 0 0 866 681 0 221 0 231 434 344 98 0 0 0 385 0 31 621 775 428 652 622 309 846 277 621 
583 0 0 369 194 283 52 711 562 0 0 523 506 0 0 898 29 60 0 836 231 598 394 273 0 0 173 10 991 0 416 338 0 0 0 137 933 535 207 335 516 77 0 423 0 890 0 0 484 0 0 835 0 0 964 873 646 771 126 353 592 572 0 744 0 151 0 902 652 727 0 570 931 612 86 70 898 0 758 977 320 0 856 421 54 759 752 877 0 636 397 483 90 0 0 448 609 209 409 239 569 160 706 224 68 472 285 0 370 0 408 0 0 0 163 369 197 857 186 0 856 11 514 963 601 417 794 277 641 79 111 0 5 649 216 195 326 462 656 0 457 362 809 479 0 126 320 630 439 0 709 0 943 0 0 833 0 742 398 339 0 492 0 0 364 200 787 497 0 488 52 521 506 511 0 824 0 275 865 0 0 118 144 502 361 0 0 0 194 0 119 0 980 769 0 0 131 810 210 444 664 0 0 839 0 798 929 573 874 0 176 854 211 949 156 429 137 0 0 0 814 165 0 296 323 0 678 720 0 844 973 834 497 183 0 174 0 101 675 920 107 334 687 0 997 43 0 0 941 586 0 897 608 215 0 140 156 450 860 665 0 0 727 907 0 750 566 300 371 538 658 697 961 669 580 540 721 0 150 0 623 0 674 281 0 0 585 0 52 0 392 679 0 329 
214 341 308 222 0 924 647 748 867 645 462 246 392 804 898 0 0 901 0 0 0 388 944 229 249 151 468 240 354 501 157 0 494 0 0 241 917 0 0 0 519 0 221 622 516 515 27 239 870 610 857 437 277 983 0 511 446 803 0 241 0 0 0 360 34 693 585 0 0 675 670 887 741 25 271 423 654 0 0 0 746 526 352 685 828 552 514 311 275 191 962 667 617 766 987 251 510 192 476 0 981 131 817 820 698 0 662 960 667 245 566 187 226 41 572 395 0 650 505 369 344 746 143 0 340 934 0 878 954 452 108 954 0 455 565 232 774 377 8 476 906 295 995 0 161 0 159 758 114 706 260 306 297 247 301 836 956 0 827 0 844 0 244 542 192 475 0 635 631 805 0 737 5 195 347 892 37 721 915 390 352 902 800 242 0 265 753 575 0 0 693 0 0 255 0 973 0 316 0 287 0 572 222 629 0 0 709 550 257 146 0 0 990 62 668 607 5 528 718 169 315 517 585 356 995 0 0 47 576 0 262 831 489 134 0 915 0 894 584 364 683 306 518 138 651 723 231 685 137 653 0 561 303 182 29 266 0 735 1 424 608 606 0 0 256 161 137 792 0 0 842 202 0 0 882 885 123 0 972 365 889 98 568 921 843 438 26 0 70 0 218 395 0 840 
909 0 191 280 0 901 668 162 757 0 0 93 679 253 29 0 0 79 813 669 0 859 0 419 977 764 573 0 0 632 486 300 824 712 0 673 0 909 0 928 732 969 895 274 0 407 0 0 120 417 245 0 400 7 163 371 764 534 28 232 34 616 0 807 0 616 232 0 340 980 0 281 0 6 438 121 924 602 660 314 919 826 0 977 220 844 751 599 0 341 275 833 0 0 62 131 0 45 870 975 395 0 0 592 987 947 0 848 534 84 413 576 966 0 0 499 869 845 328 555 570 517 0 587 524 810 676 252 0 0 367 632 228 23 0 0 0 0 30 0 761 770 0 0 525 441 0 465 80 90 200 933 0 1 170 0 398 357 287 747 905 651 126 141 341 508 649 67 387 330 312 270 224 0 466 875 908 211 0 531 766 392 106 0 0 734 301 663 0 227 611 610 381 0 0 434 834 861 47 274 262 623 915 0 264 0 830 817 501 0 98 371 300 564 0 0 247 0 537 0 602 399 984 217 0 680 596 452 0 0 0 0 310 43 643 470 574 0 671 0 618 0 945 914 84 593 743 903 50 941 0 0 765 191 551 491 537 203 300 626 0 440 0 952 754 204 335 299 0 0 68 88 151 0 0 955 275 439 217 32 306 747 0 0 771 3 0 818 0 508 0 323 265 0 
96 506 364 845 0 58 704 856 0 937 986 732 658 536 60 901 79 0 872 35 106 0 315 0 0 277 93 492 708 557 715 128 234 148 714 20 155 0 249 0 680 614 936 270 0 587 500 848 817 129 14 898 742 97 498 0 875 516 0 0 504 511 133 38 859 806 47 556 0 571 997 0 649 565 953 432 14 859 749 0 772 0 464 0 190 0 884 993 0 0 924 0 236 531 500 714 713 301 946 316 0 0 166 377 698 909 0 148 0 735 0 506 366 777 0 0 77 0 0 182 624 0 637 692 0 318 109 104 0 185 0 772 805 162 0 0 561 0 629 0 281 0 858 245 451 914 0 551 680 794 601 798 7 693 0 0 972 0 674 163 264 293 677 376 468 618 47 602 50 0 0 196 705 298 728 976 267 693 0 436 975 641 106 91 615 0 378 0 211 404 0 0 132 0 0 229 0 763 503 494 0 887 778 747 0 526 797 789 0 231 76 378 670 378 370 0 355 514 898 0 0 517 401 0 0 844 533 642 314 330 584 883 989 0 417 0 727 462 582 879 0 182 290 236 709 0 829 327 552 854 0 881 0 759 0 419 593 671 781 404 932 560 398 454 545 305 562 813 799 711 696 196 313 205 662 835 681 358 392 0 63 0 0 406 367 677 998 0 563 0 950 162 0 717 
0 0 609 217 300 208 995 150 0 507 699 837 486 876 0 0 813 872 0 632 745 464 455 925 8 783 590 24 0 815 0 0 145 335 542 729 734 726 624 878 567 997 226 0 0 847 445 755 456 287 375 348 38 121 985 157 0 311 0 875 210 326 0 815 715 142 923 513 125 0 752 386 508 34 85 404 865 72 535 610 311 304 0 343 0 574 0 640 0 48 872 826 608 988 0 0 81 162 995 0 497 822 914 0 679 559 6 0 132 0 74 221 249 181 85 0 651 41 0 519 0 711 932 279 571 857 169 804 157 701 572 123 195 226 11 651 932 0 549 329 580 580 390 796 0 0 539 910 388 947 193 873 357 0 919 933 882 626 691 132 659 86 620 0 551 201 862 229 660 627 957 758 594 845 253 806 681 0 303 870 0 282 532 0 668 322 583 806 94 364 406 399 848 56 519 185 842 387 0 7 397 0 134 0 268 0 517 0 0 941 490 385 338 254 0 866 86 744 0 841 149 176 737 724 88 0 948 0 574 870 156 0 758 414 291 916 205 182 0 450 943 450 625 79 246 143 971 626 124 519 681 0 874 678 513 126 976 33 0 245 653 0 0 894 89 293 0 572 0 0 0 358 531 47 0 856 0 0 481 0 522 746 963 62 936 0 612 534 646 46 366 103 66 317 
216 0 482 604 375 847 0 883 346 136 0 694 302 701 836 0 669 35 632 0 916 887 827 108 512 138 103 464 849 0 56 0 100 664 718 0 624 323 511 397 647 529 594 677 466 734 24 0 248 0 65 507 383 571 617 535 440 538 69 976 0 298 990 0 0 0 21 0 619 199 443 73 996 325 976 518 320 809 615 0 0 934 881 917 0 0 0 167 400 600 368 211 682 645 0 940 708 672 238 488 51 619 717 746 582 0 520 735 0 0 717 527 511 68 0 416 0 0 993 902 16 0 770 0 256 415 29 833 578 845 355 884 0 111 48 891 184 0 226 742 841 366 545 720 0 629 679 552 0 953 150 734 259 374 552 0 110 995 21 595 400 829 360 340 82 345 987 0 44 120 0 759 0 0 997 904 506 610 835 165 944 5 593 0 0 0 619 0 696 659 235 0 135 555 57 557 213 0 930 408 354 124 951 134 554 277 771 0 461 429 86 0 841 281 127 887 15 309 143 222 757 519 882 544 365 677 0 139 194 765 673 0 560 0 361 481 426 609 324 0 0 0 865 85 0 346 407 963 0 577 744 239 467 283 969 691 906 389 0 627 347 793 705 0 0 867 0 174 214 921 0 89 829 261 65 891 0 165 63 989 0 554 792 991 667 778 865 171 875 177 700 0 211 0 
929 222 0 978 269 256 0 608 221 164 790 0 412 570 231 0 0 106 745 916 0 932 476 495 597 105 931 398 281 0 416 922 0 0 108 0 38 745 168 719 225 689 0 223 818 0 0 203 0 29 0 0 0 0 0 295 48 0 351 3 121 0 99 647 61 0 444 0 239 391 533 536 527 0 41 0 936 791 0 166 422 394 740 179 674 0 991 63 38 107 0 745 104 180 0 0 0 0 834 462 0 0 99 319 0 597 0 0 316 759 830 820 710 621 618 807 699 574 0 811 193 0 265 368 226 659 199 78 0 0 308 902 0 61 39 0 970 67 284 0 568 0 223 688 126 582 745 219 0 435 570 0 0 842 218 0 264 404 862 878 810 43 816 0 69 0 945 0 0 0 0 0 0 517 498 889 298 0 803 0 859 273 834 507 0 0 387 295 307 496 0 33 433 545 805 0 0 844 822 0 299 234 197 614 0 248 0 324 647 57 421 0 87 765 701 255 830 351 44 0 460 733 0 0 809 0 97 430 468 950 706 991 67 0 784 974 67 783 569 954 0 780 244 718 34 0 569 636 0 887 728 0 664 581 8 185 552 570 0 719 64 815 447 746 572 0 395 0 221 0 275 628 574 0 471 487 540 755 745 0 559 546 616 907 625 983 991 0 0 753 439 0 620 0 
451 943 799 48 733 68 941 453 880 635 13 134 0 620 598 388 859 0 464 887 932 0 325 760 880 583 36 98 281 814 811 818 733 731 20 841 337 42 925 0 45 624 788 172 362 0 0 0 0 0 976 0 364 709 931 0 982 0 627 0 0 480 0 392 0 0 191 247 51 0 405 953 754 0 289 57 992 164 82 288 472 729 0 924 28 0 782 226 496 0 95 0 81 984 384 492 383 382 891 779 656 436 197 61 802 954 943 141 176 364 189 603 630 120 0 0 234 152 558 452 990 806 722 504 0 0 0 573 0 919 459 0 183 760 0 752 0 0 892 282 547 610 0 440 986 456 492 673 163 0 574 789 391 30 142 0 946 141 502 0 768 577 0 671 0 49 569 925 768 334 715 188 338 384 734 21 603 741 124 212 1 0 0 46 0 93 0 0 754 637 0 767 0 866 0 0 193 595 608 173 0 0 234 201 159 0 139 79 309 208 0 264 702 737 692 738 112 0 55 347 0 892 691 781 590 352 306 0 97 877 845 0 531 375 608 0 166 0 0 194 899 585 301 918 45 114 534 705 414 378 919 0 143 288 949 101 702 435 672 100 816 348 817 0 800 0 806 0 753 67 695 0 415 426 0 197 616 477 295 766 0 682 356 19 756 632 0 879 781 994 365 480 561 381 
512 0 967 290 833 54 98 0 821 137 0 117 130 476 394 944 0 315 455 827 476 325 0 736 0 758 0 19 241 374 0 461 483 445 0 24 633 0 0 0 801 533 149 839 944 205 14 277 0 81 375 88 59 309 497 618 0 216 20 513 12 89 0 0 438 613 0 651 0 988 0 0 0 127 0 325 501 141 876 0 361 724 0 120 0 560 826 0 0 761 0 0 0 0 0 425 831 679 739 566 319 809 0 614 282 440 0 82 370 236 440 47 784 596 817 953 955 293 404 910 404 625 519 0 381 442 242 58 9 0 801 180 0 543 586 91 0 0 0 96 951 0 0 292 0 77 678 326 891 887 0 0 364 535 858 675 880 811 155 994 0 60 391 887 742 804 0 0 209 0 30 0 358 821 0 810 446 155 0 475 133 0 419 700 395 901 801 633 0 0 26 0 449 752 381 563 260 119 379 0 595 385 668 0 993 973 30 43 813 809 0 741 0 308 958 593 335 0 535 365 369 563 997 0 35 518 907 926 964 0 345 0 680 0 165 849 0 722 688 724 0 5 0 0 531 887 652 541 710 999 0 590 130 0 526 368 0 323 962 741 0 0 113 0 398 0 631 204 385 0 771 383 998 0 0 748 40 406 76 152 41 599 0 0 173 134 535 218 0 262 886 851 417 137 
917 424 488 0 0 597 0 0 248 80 929 353 297 632 273 229 419 0 925 108 495 760 736 0 340 902 160 551 618 611 35 500 778 971 552 893 417 537 0 104 0 610 460 196 868 195 484 434 430 0 912 0 170 932 770 229 849 0 352 0 712 0 327 0 847 702 0 425 818 533 0 631 0 24 929 0 317 360 910 608 49 0 29 649 267 43 0 300 252 755 0 991 356 0 721 189 345 847 0 250 0 384 550 709 734 510 645 0 978 0 921 403 562 356 114 587 845 298 991 272 0 577 78 388 479 850 242 757 0 0 0 979 170 0 208 24 0 563 136 0 0 512 35 196 413 0 113 755 247 475 540 996 0 557 153 0 0 352 299 851 606 284 624 829 0 274 730 0 0 0 70 0 0 0 743 268 709 0 775 787 374 0 232 0 315 603 476 507 512 936 0 0 501 516 0 23 480 389 795 986 789 982 372 989 697 226 0 447 0 540 0 0 616 0 0 828 0 182 0 849 107 378 820 332 229 647 378 0 906 806 856 759 0 0 958 595 605 848 58 0 0 0 140 270 389 0 633 5 979 681 0 868 967 0 254 0 165 328 676 726 488 822 442 0 0 146 326 729 32 530 282 0 0 549 131 0 18 973 0 68 205 216 237 174 0 14 461 643 679 0 743 749 59 818 
0 941 75 78 0 729 452 692 177 0 129 469 143 23 0 249 977 0 8 512 597 880 0 340 0 225 956 845 731 689 0 850 507 216 824 625 224 580 0 251 0 4 0 380 317 671 0 0 274 743 154 688 0 0 649 0 222 109 0 644 243 700 149 597 0 782 317 0 550 588 295 0 498 0 992 0 560 710 0 698 451 0 807 911 280 797 944 795 941 608 690 0 0 0 769 813 563 976 0 0 189 822 729 803 420 581 0 491 20 0 0 0 0 0 769 0 142 799 873 921 0 850 0 986 672 926 817 716 0 0 316 370 0 0 758 191 0 0 301 386 0 0 836 437 0 914 0 743 354 441 625 373 539 0 105 0 328 689 662 241 715 0 778 141 0 0 0 299 215 515 681 274 0 0 0 344 297 415 505 353 771 394 0 416 187 0 980 321 842 256 207 801 895 0 836 678 538 821 793 837 834 0 65 943 470 0 0 975 0 150 59 700 941 931 611 602 726 824 979 0 671 255 0 587 0 0 396 796 526 0 0 650 752 207 293 885 0 0 945 0 168 614 440 28 626 0 271 871 846 247 625 0 0 76 975 861 28 590 806 462 92 739 0 82 19 0 0 177 0 984 0 0 0 998 133 0 526 159 107 342 151 0 0 0 0 831 793 102 371 10 935 171 962 465 
0 0 0 56 149 60 860 752 617 803 672 0 0 725 0 151 764 277 783 138 105 583 758 902 225 0 0 514 0 0 0 230 823 357 0 0 105 0 965 403 543 417 0 750 209 101 0 909 678 449 125 127 0 619 369 833 540 560 224 0 74 483 534 991 70 176 0 750 0 833 122 625 843 483 884 87 447 869 0 941 234 0 53 514 525 652 602 611 575 0 294 768 247 854 920 396 234 0 227 123 0 858 971 528 723 274 460 439 0 0 0 291 371 0 0 87 114 765 152 635 713 238 216 855 444 0 0 819 0 653 633 0 435 622 36 984 0 0 80 47 433 611 222 25 552 206 106 614 906 554 864 587 366 230 0 51 212 130 287 716 0 0 318 0 642 0 439 120 486 0 192 0 980 436 761 194 631 326 156 195 941 264 480 838 218 270 0 0 328 0 525 29 144 63 869 489 156 760 0 0 0 522 888 233 824 85 903 878 211 558 570 471 230 599 0 569 441 0 723 258 642 584 371 0 443 586 755 0 497 928 882 19 0 823 0 327 842 0 126 0 55 908 403 137 370 629 588 0 407 0 0 0 0 0 387 50 264 389 859 696 508 861 365 581 154 904 130 0 0 230 0 802 206 537 0 460 0 317 867 0 660 745 621 918 679 0 346 463 428 239 358 713 604 291 
479 163 0 883 0 552 0 0 880 383 531 804 0 0 173 468 573 93 590 103 931 36 0 160 956 0 0 561 805 755 0 24 0 0 0 184 488 0 961 223 0 0 904 630 0 0 602 669 255 0 0 0 0 0 965 513 496 413 604 203 474 265 950 104 752 12 391 465 984 274 0 314 97 542 603 968 4 0 346 0 747 0 861 0 408 561 541 0 528 972 0 0 93 269 0 664 0 0 0 0 810 242 13 0 997 411 6 114 186 267 0 901 0 0 497 670 291 0 284 0 834 656 150 431 0 652 249 0 0 7 0 887 287 353 203 0 463 888 125 208 152 637 544 0 924 167 531 749 731 438 0 601 969 389 85 0 309 144 385 894 714 178 0 319 0 0 136 279 0 38 961 91 612 0 620 414 575 990 0 203 986 0 460 311 707 615 873 61 57 487 160 0 538 998 671 774 0 0 372 0 0 468 0 48 505 275 613 686 0 387 0 649 818 838 75 0 0 0 245 0 841 537 302 116 0 795 24 0 420 260 0 748 477 164 720 0 491 365 0 0 0 770 211 0 557 339 320 0 0 0 0 664 376 39 427 743 0 325 126 300 330 86 787 721 355 946 55 640 690 748 55 724 892 644 519 0 846 979 286 523 961 62 195 823 0 512 345 268 542 471 718 0 633 435 
0 252 770 849 749 268 942 159 0 941 0 0 887 0 10 240 0 492 24 464 398 98 19 551 845 514 561 0 139 76 131 418 594 0 0 299 0 991 0 204 920 199 932 0 959 200 465 0 0 422 200 644 19 0 0 0 0 147 211 481 365 690 431 981 0 731 708 857 804 0 390 371 785 0 0 294 962 0 911 901 97 245 526 840 771 836 0 929 0 435 177 0 162 654 82 592 797 0 702 0 0 174 38 0 0 844 343 0 876 801 442 92 374 876 315 650 0 159 462 132 326 997 636 854 0 436 26 444 224 510 78 203 954 1 607 845 987 0 376 23 958 756 19 473 0 421 0 0 0 945 0 468 379 471 991 624 0 763 630 598 344 714 120 308 109 113 791 508 942 0 639 752 0 671 764 144 3 186 943 184 224 417 0 847 166 916 137 168 46 80 687 887 0 0 534 926 208 776 731 0 969 581 0 0 48 876 155 994 0 188 0 984 669 504 864 671 682 248 803 931 413 672 0 900 374 109 783 0 956 872 715 133 0 0 0 364 494 806 766 645 0 0 426 210 476 0 797 839 674 10 0 795 0 0 296 221 770 897 0 445 648 601 369 790 691 841 238 52 0 91 0 824 995 514 768 177 349 550 439 194 0 0 599 514 804 273 0 769 178 0 423 132 23 503 
526 689 0 588 837 91 736 0 494 228 0 192 0 403 991 354 0 708 0 849 281 281 241 618 731 0 805 139 0 370 411 279 67 480 178 794 830 425 923 250 562 155 519 930 0 242 772 901 958 115 481 822 438 583 0 0 65 321 117 343 952 224 651 0 275 117 172 116 848 129 837 0 1 0 559 235 547 185 129 384 0 948 337 241 206 946 363 812 0 980 232 784 251 838 542 36 432 0 302 942 205 0 0 601 231 553 0 87 0 803 352 0 0 0 724 0 277 0 54 0 701 501 0 421 65 997 890 749 570 702 0 0 299 638 0 800 338 368 582 0 176 783 462 511 564 0 891 546 0 274 0 727 928 0 0 644 847 65 995 226 4 0 0 0 670 581 735 0 267 0 826 860 793 710 590 0 772 158 304 804 463 778 0 979 0 281 205 799 299 0 69 555 686 179 193 147 153 780 204 692 0 525 610 605 502 754 0 0 377 0 145 574 680 954 678 927 178 304 803 951 79 240 829 0 0 89 0 801 496 0 199 627 573 854 395 184 264 512 619 609 374 751 765 0 739 389 157 158 560 109 417 0 354 991 960 271 0 0 768 0 0 0 127 279 0 824 547 641 403 639 721 94 426 795 985 227 0 249 171 117 569 0 233 931 891 0 574 337 211 62 321 96 79 0 
850 0 251 0 0 0 19 195 542 460 751 105 0 447 0 501 632 557 815 0 0 814 374 611 689 0 755 76 370 0 171 572 196 971 897 814 836 0 242 465 0 0 911 414 0 716 397 0 108 565 990 0 614 299 882 0 0 619 310 897 0 238 366 22 0 172 262 694 0 162 853 929 0 675 828 215 747 765 571 0 830 0 693 0 231 684 320 0 498 0 0 0 0 365 273 0 0 836 991 430 220 897 451 0 13 0 0 493 0 652 293 0 554 126 882 226 683 65 244 811 893 110 209 0 695 831 57 34 294 102 0 750 845 959 0 96 914 700 76 673 393 826 0 887 543 945 662 0 658 0 0 210 481 0 952 172 0 490 551 953 193 200 0 0 577 608 149 201 967 0 487 0 747 389 705 789 0 705 579 817 505 317 350 955 256 660 0 463 0 682 0 929 18 0 302 171 766 0 74 208 400 15 373 201 949 0 8 0 0 0 329 4 962 0 0 969 0 0 83 747 753 0 894 329 244 549 884 743 0 377 148 727 0 792 866 576 894 0 603 9 0 202 0 165 19 835 9 609 0 0 520 482 788 481 22 478 133 162 0 765 421 645 0 278 289 845 805 0 723 0 0 327 0 573 944 749 212 208 425 636 528 0 0 660 533 672 622 581 300 0 0 116 671 0 
0 0 596 0 633 851 107 714 808 433 174 437 0 839 416 157 486 715 0 56 416 811 0 35 0 0 0 131 411 171 0 277 0 206 517 0 146 0 585 440 0 710 809 15 593 992 219 649 0 0 89 455 463 735 0 958 560 831 306 0 190 850 45 346 898 776 801 686 989 966 0 566 345 0 508 0 744 350 0 330 0 153 232 747 0 445 659 380 272 756 660 0 635 498 839 534 0 430 416 0 189 118 394 0 733 992 28 364 76 215 356 306 0 664 889 0 441 0 400 523 0 523 0 794 326 0 646 820 628 687 593 154 279 0 207 265 859 241 187 0 0 726 322 484 419 28 342 273 0 902 0 321 984 704 103 322 704 627 0 868 25 67 749 0 940 802 755 71 972 579 0 847 862 0 637 757 227 980 0 0 123 0 732 370 101 0 303 0 865 0 636 474 926 262 887 881 310 0 658 726 0 0 10 654 3 0 678 654 498 657 665 0 575 724 0 819 270 536 174 996 799 740 710 320 552 461 469 0 0 0 0 3 495 0 0 0 301 716 349 0 883 635 158 246 0 153 302 0 406 917 0 0 464 0 239 210 951 0 200 730 0 0 711 263 202 0 0 335 450 494 0 786 317 664 0 398 643 224 0 0 516 947 448 0 681 23 559 195 702 383 912 783 771 630 
0 806 625 746 80 0 0 613 994 132 245 857 697 0 338 0 300 128 0 0 922 818 461 500 850 230 24 418 279 572 277 0 467 662 240 4 409 0 31 21 0 0 677 828 728 0 798 0 0 0 741 807 862 0 185 402 0 851 278 893 540 855 938 722 280 163 0 179 566 0 96 200 351 79 368 766 886 192 0 0 0 474 812 387 629 0 372 812 983 534 0 497 0 369 356 151 655 228 798 103 611 167 179 62 803 578 0 629 0 292 53 966 0 332 950 232 0 860 539 10 833 0 155 944 877 788 88 832 835 691 849 0 0 0 702 116 0 943 266 226 0 642 553 0 183 33 117 0 0 643 680 686 588 750 420 596 471 118 428 452 175 650 946 405 0 675 0 653 523 0 0 430 132 855 636 0 35 45 725 503 0 80 206 0 663 742 834 86 848 429 41 140 305 876 761 643 515 136 318 0 0 51 867 546 188 657 253 575 0 323 0 0 649 0 338 848 535 245 410 0 883 537 971 407 0 842 0 118 0 372 683 455 0 26 224 961 621 849 0 424 0 487 0 0 558 0 884 889 0 129 748 116 0 944 935 259 637 567 0 647 286 0 842 381 708 0 314 0 509 439 917 0 198 750 0 170 29 745 13 0 0 816 0 0 119 315 413 0 0 769 451 395 44 0 
235 502 567 500 446 878 805 857 833 0 502 738 786 0 0 494 824 234 145 100 0 733 483 778 507 823 0 594 67 196 0 467 0 580 0 740 0 0 128 786 50 0 882 356 565 0 20 243 0 658 0 180 46 0 387 469 749 0 589 0 0 922 332 0 0 11 269 914 0 423 409 0 0 733 607 875 976 91 923 326 188 0 0 798 161 958 0 696 0 932 499 848 334 0 2 365 0 759 643 870 470 371 167 0 679 677 785 872 79 712 323 0 0 383 0 716 245 0 0 7 0 608 502 596 0 659 276 614 808 963 0 376 543 0 254 153 213 352 903 245 255 664 463 229 960 720 347 790 285 564 909 488 75 815 669 157 0 0 341 299 204 154 272 922 608 0 0 838 0 165 0 926 114 0 539 820 494 754 635 476 744 745 486 861 998 919 899 301 620 947 0 458 142 382 318 309 142 251 657 394 533 279 139 203 0 577 603 0 120 265 456 0 0 207 407 218 197 619 0 0 891 733 0 949 0 683 76 241 808 697 143 419 966 878 0 358 685 62 856 820 493 227 518 466 913 0 0 303 0 923 0 151 333 267 323 537 383 439 0 344 884 409 623 0 0 0 360 842 933 656 164 650 477 0 309 533 371 368 290 454 880 0 788 0 935 287 112 635 0 998 403 274 0 0 
324 0 0 0 27 39 483 464 0 0 0 829 776 746 0 0 712 148 335 664 0 731 445 971 216 357 0 0 480 971 206 662 580 0 547 708 811 0 574 295 85 0 734 139 780 475 0 184 331 0 407 754 352 0 0 966 121 35 633 186 828 0 39 9 232 705 0 0 895 763 777 424 0 283 0 576 745 966 672 589 0 779 0 866 544 0 0 0 10 657 968 434 17 0 502 892 348 150 342 557 734 479 423 0 0 750 757 854 884 754 3 159 0 563 270 837 530 167 244 941 872 309 932 33 12 0 288 842 26 174 0 890 734 255 884 493 799 762 864 594 0 253 0 0 0 549 947 576 0 0 280 671 0 192 348 0 0 778 352 178 929 0 960 953 943 0 0 0 891 423 0 295 0 0 331 460 0 0 0 0 0 602 809 0 0 707 524 679 478 713 739 531 0 642 836 964 0 555 998 657 433 478 274 0 0 253 883 442 150 215 369 742 682 0 45 687 27 587 0 891 295 780 0 0 94 236 154 755 723 955 0 322 596 950 971 554 0 673 0 58 346 734 0 254 266 0 30 0 320 615 0 504 0 77 0 375 659 280 589 298 0 0 0 847 727 13 979 149 0 873 795 0 0 594 619 0 1 921 0 0 340 997 884 910 0 79 962 400 0 878 134 0 71 632 
206 0 630 190 567 0 7 399 38 0 522 241 419 871 0 0 0 714 542 718 108 20 0 552 824 0 0 0 178 897 517 240 0 547 0 0 319 0 0 268 0 0 237 286 649 512 51 339 0 590 911 605 492 652 973 98 847 0 0 0 0 849 179 800 0 943 688 352 787 643 420 907 321 173 0 347 0 69 616 69 80 219 905 580 924 189 0 462 973 649 0 0 0 555 466 744 0 486 178 405 0 0 0 700 85 210 646 41 276 37 332 0 0 0 358 555 180 0 117 254 692 789 966 484 0 0 909 388 52 341 829 634 832 804 0 119 238 274 0 339 119 969 108 0 456 0 89 979 0 429 891 26 671 409 0 233 726 792 527 483 693 495 0 980 841 548 474 669 30 354 873 0 0 0 317 729 878 765 894 882 431 245 953 581 772 636 726 22 707 0 911 0 938 0 722 138 839 456 492 692 0 821 871 732 466 726 0 225 786 999 68 0 797 391 676 415 0 718 424 801 740 275 186 906 737 11 0 105 145 577 0 0 457 634 293 445 842 975 248 0 747 0 286 388 294 646 0 0 122 0 3 72 538 452 926 0 381 994 474 0 519 823 255 0 520 200 0 315 0 587 794 0 887 985 803 819 195 231 438 884 131 0 748 319 0 492 203 35 0 0 735 447 0 0 
431 0 646 550 0 172 601 516 274 705 902 141 34 957 137 241 673 20 729 0 0 841 24 893 625 0 184 299 794 814 0 4 740 708 0 0 581 31 549 492 396 285 910 436 908 422 558 0 86 645 729 0 0 614 339 924 709 252 29 704 421 234 0 665 619 510 0 640 0 832 684 717 144 138 624 354 276 0 251 0 888 0 81 707 0 0 758 815 350 992 309 288 726 515 574 80 0 870 596 866 0 782 825 0 0 9 0 727 886 705 636 149 879 475 822 0 320 929 0 652 419 0 513 141 0 693 319 123 915 148 392 0 827 637 167 562 809 582 216 691 606 698 310 0 868 540 145 971 689 892 43 97 659 612 132 951 49 679 272 0 0 0 147 98 695 927 703 0 0 202 746 0 738 972 830 0 0 490 231 284 768 571 361 0 0 887 253 0 644 0 317 0 845 513 0 532 897 140 0 0 131 923 0 293 26 280 0 0 168 721 277 710 667 186 0 0 831 192 642 709 466 0 108 985 31 981 352 307 176 770 0 0 825 203 336 0 549 89 871 100 386 301 353 884 16 0 251 60 0 104 0 473 0 937 366 145 967 476 996 0 291 442 695 683 0 0 802 758 992 797 540 0 0 55 0 859 145 679 365 0 998 0 64 0 0 244 964 18 351 572 0 335 510 197 
138 496 128 98 0 751 0 222 421 0 0 476 185 970 933 917 0 155 734 624 38 337 633 417 224 105 488 0 830 836 146 409 0 811 319 581 0 0 494 99 49 0 967 392 870 615 0 0 587 699 60 0 701 800 488 0 922 0 44 159 109 622 585 138 366 0 468 260 0 0 965 0 0 568 0 0 540 44 0 852 798 0 290 61 987 537 578 497 628 0 0 487 443 764 602 0 106 513 0 309 523 301 0 139 524 408 555 785 599 395 211 0 568 839 725 545 0 0 55 34 424 753 494 83 0 786 951 78 712 0 52 915 827 975 211 0 117 601 999 949 357 663 971 43 615 150 167 863 507 455 934 0 701 620 0 0 729 932 404 292 380 156 0 0 0 330 0 539 462 0 237 799 506 946 570 227 70 576 0 946 412 407 0 0 798 0 0 0 679 0 0 0 0 919 0 639 54 0 303 804 892 0 715 34 0 592 104 0 280 843 53 597 1 0 5 24 834 381 62 911 0 617 49 843 511 728 630 652 690 0 0 951 397 77 0 608 537 927 468 906 0 0 398 678 0 274 0 0 219 313 476 999 704 0 133 592 242 384 0 181 0 0 0 0 450 221 853 46 292 382 251 295 0 963 0 519 621 452 302 136 0 0 0 634 790 0 465 684 0 575 64 642 0 325 
0 296 248 122 614 0 254 706 587 0 0 0 73 201 535 0 909 0 726 323 745 42 0 537 580 0 0 991 425 0 0 0 0 0 0 31 0 0 111 441 592 331 82 0 0 874 0 941 236 863 883 183 37 0 995 0 512 678 390 493 0 867 943 0 865 532 911 474 0 378 0 496 643 598 782 980 0 194 674 764 0 128 289 0 346 0 550 438 8 17 567 677 38 0 411 0 909 0 467 295 565 146 805 105 984 0 0 0 974 0 907 0 573 557 161 891 729 424 472 255 0 48 603 533 733 0 0 0 646 649 0 668 457 0 795 381 0 190 280 0 297 864 870 865 0 290 0 847 0 339 0 561 0 849 0 878 630 558 97 688 497 858 476 0 472 0 423 0 669 90 23 0 0 0 992 995 150 621 840 667 0 113 774 790 834 0 658 831 216 37 289 0 180 780 465 632 642 0 0 619 240 978 250 173 159 537 597 267 221 0 446 52 937 439 334 428 691 0 3 28 0 0 356 424 300 913 0 0 317 160 820 0 962 856 4 0 609 472 316 145 0 0 19 342 937 769 878 0 491 0 0 0 62 0 359 343 0 179 630 0 651 832 803 0 273 269 105 0 0 900 168 340 0 697 781 38 0 0 657 948 941 189 732 141 71 467 860 292 0 552 569 193 516 429 
885 715 750 707 0 0 496 844 335 303 0 551 0 547 207 0 0 249 624 511 168 925 0 0 0 965 961 0 923 242 585 31 128 574 0 549 494 111 0 242 627 626 488 555 701 351 423 148 817 540 949 398 0 0 0 687 0 423 537 951 729 745 0 173 280 0 721 793 677 269 739 748 453 975 196 0 0 420 0 329 130 984 0 414 997 127 915 529 0 244 112 0 325 381 0 179 39 0 50 979 255 124 74 669 314 430 987 0 954 701 23 0 0 37 507 284 315 0 170 0 567 956 486 600 560 0 263 368 544 0 910 247 490 178 0 0 455 0 420 141 874 0 324 990 699 741 743 362 0 0 995 0 603 0 725 881 125 0 328 658 508 0 287 503 116 189 0 204 964 549 277 149 845 337 0 0 0 248 396 596 927 0 0 724 412 0 280 0 791 376 636 431 307 0 698 318 391 380 0 869 734 903 777 93 986 232 78 112 0 56 126 64 988 994 876 0 0 0 0 0 115 48 0 967 675 178 437 617 467 65 178 202 724 313 0 0 292 0 0 90 249 823 0 645 702 0 144 0 858 702 111 437 0 105 742 341 831 160 580 332 905 612 0 386 927 680 0 603 0 386 62 0 0 199 770 924 0 694 510 784 525 479 372 967 0 740 0 0 177 642 771 0 136 95 
