0 118 96 880 569 202 0 119 0 675 395 241 802 906 438 974 77 0 814 858 540 0 181 751 768 565 57 14 840 0 0 939 0 0 237 794 626 0 680 245 856 812 770 144 272 193 41 0 375 278 654 50 388 0 145 779 211 0 587 678 108 756 399 288 370 190 578 0 789 622 799 464 258 304 219 84 466 573 0 980 2 190 423 0 899 0 794 982 113 907 576 193 186 851 545 484 234 443 634 255 825 648 868 0 651 400 233 970 99 0 978 430 0 943 422 512 854 129 426 641 582 804 300 0 88 904 0 758 0 246 456 377 374 0 0 0 0 710 492 823 594 0 851 708 0 0 270 236 0 238 123 246 46 657 0 814 518 0 630 712 612 899 822 981 548 0 514 194 
118 0 0 0 579 291 864 246 539 815 199 694 151 688 0 728 283 603 856 958 708 713 750 878 736 209 0 727 447 0 335 281 0 221 952 764 837 458 359 778 353 957 303 755 14 912 0 29 0 0 434 0 0 897 0 805 0 374 147 945 191 243 364 0 0 473 986 315 578 542 969 0 87 686 0 910 0 8 517 365 932 540 490 0 608 970 486 213 675 959 3 745 622 174 170 939 0 101 0 330 498 57 589 927 674 924 622 80 831 475 733 391 244 930 315 129 672 0 763 906 0 227 787 337 425 0 0 6 123 995 229 780 138 249 0 867 995 526 924 0 849 789 452 0 560 987 0 176 873 45 258 574 282 915 355 158 464 346 648 935 805 606 0 600 101 831 933 0 
96 0 0 60 411 60 296 238 956 0 981 0 424 999 0 833 409 905 696 892 476 0 0 593 0 5 809 0 66 428 254 0 72 811 239 0 384 0 757 48 678 238 0 780 0 0 0 565 539 696 565 346 610 780 0 0 748 820 0 651 842 555 46 871 976 740 786 313 547 0 91 940 284 962 898 0 151 945 0 976 932 927 835 426 454 764 0 586 703 143 768 662 773 0 839 0 443 907 77 140 841 384 230 763 124 954 311 277 749 260 391 35 714 0 392 504 153 913 139 669 943 439 943 782 901 520 949 436 823 146 13 0 593 577 689 0 45 0 0 0 164 185 583 577 318 392 642 0 0 310 608 0 584 945 0 470 815 173 124 672 49 0 317 0 196 552 743 250 
880 0 60 0 155 861 377 496 626 540 716 632 671 762 455 436 49 825 943 814 305 804 915 441 963 0 0 349 617 774 807 0 405 817 718 828 0 129 771 326 48 0 235 845 351 987 0 943 666 504 0 318 103 0 756 439 0 321 0 712 358 0 632 126 176 1 668 0 345 910 0 999 70 0 874 873 725 0 450 200 278 467 865 517 672 23 0 142 125 402 578 0 259 0 0 905 0 0 450 126 864 73 987 287 831 230 780 0 476 684 0 625 0 192 736 885 357 734 352 16 0 329 0 136 633 301 15 102 537 80 0 479 499 992 776 134 0 776 52 0 545 0 664 609 61 0 516 132 430 0 67 911 519 417 588 0 184 0 357 704 817 175 94 642 931 963 0 669 
569 579 411 155 0 752 0 219 0 712 0 366 469 708 29 522 575 435 0 768 944 0 0 137 931 875 290 492 781 226 0 0 0 839 805 850 0 837 311 271 0 642 0 0 592 681 259 373 560 536 679 461 147 283 230 0 192 369 254 782 116 882 775 896 421 534 950 63 440 764 937 136 21 500 210 77 714 0 91 491 641 740 0 0 610 763 0 893 928 0 94 75 0 720 95 266 426 13 462 0 0 281 394 222 977 390 557 782 837 896 939 932 0 0 496 16 320 31 213 0 0 0 573 321 994 0 582 625 26 581 144 921 0 105 0 958 47 0 431 0 0 0 487 266 0 179 660 84 477 99 110 475 126 504 337 489 300 798 0 0 216 325 508 0 928 999 0 0 
202 291 60 861 752 0 394 0 448 0 52 0 345 0 0 629 741 563 447 288 298 285 0 481 520 906 172 284 819 199 525 51 638 630 0 0 0 0 683 912 660 0 134 0 287 84 0 537 0 59 269 0 989 42 339 967 180 0 614 561 271 0 971 665 532 70 0 0 792 0 729 529 0 851 679 910 0 0 235 148 790 84 541 377 0 316 341 40 197 623 0 568 0 311 0 0 790 451 0 70 487 190 743 192 779 0 655 916 342 0 951 814 173 0 366 860 807 0 0 598 0 915 687 0 0 55 72 837 12 0 133 707 700 745 137 139 67 81 0 0 912 395 414 0 284 0 380 988 892 804 408 0 688 527 571 199 0 928 20 497 497 372 349 0 0 47 0 605 
0 864 296 377 0 394 0 0 559 731 886 315 902 567 0 674 578 967 775 871 692 0 728 329 346 381 633 525 0 0 0 259 356 240 957 81 655 718 0 603 0 0 532 961 198 387 292 526 0 0 767 68 783 0 361 0 555 337 795 243 692 0 0 0 594 856 634 104 527 441 0 0 0 492 0 0 899 0 754 320 626 560 769 287 238 459 652 820 173 205 374 991 0 439 693 170 740 0 943 378 776 124 146 655 853 0 578 0 367 497 0 644 994 174 560 487 228 24 783 233 507 0 601 0 554 349 365 490 847 530 47 788 0 0 778 544 288 941 878 867 746 483 214 0 540 284 0 758 0 0 0 786 368 691 72 847 0 509 241 620 0 551 166 987 670 610 799 743 
119 246 238 496 219 0 0 0 280 681 260 697 495 148 749 679 196 207 685 889 842 909 944 785 636 0 642 30 991 0 463 873 0 465 0 0 937 0 981 0 807 0 905 465 0 0 216 57 233 886 243 247 0 762 596 229 0 183 678 0 48 387 496 977 0 514 958 452 989 750 0 777 137 158 413 23 210 954 643 657 527 103 603 0 988 384 0 603 950 179 744 362 385 683 451 65 401 0 0 845 596 262 401 454 0 0 32 212 524 55 918 901 321 130 80 997 0 625 193 589 682 327 0 16 95 388 32 367 0 0 88 231 357 384 323 0 821 988 857 0 0 892 703 0 618 821 479 0 831 415 732 590 770 0 157 0 286 0 895 676 848 548 558 614 99 0 0 204 
0 539 956 626 0 448 559 280 0 318 0 36 590 812 470 134 179 0 677 682 122 943 917 990 0 0 855 0 592 141 930 647 382 0 0 245 0 371 920 0 866 298 798 404 319 239 712 833 918 889 632 592 39 111 147 270 352 0 796 64 322 195 877 608 966 659 156 261 622 75 6 515 0 494 293 671 678 0 855 0 433 0 601 976 0 40 0 731 0 565 616 640 719 0 818 0 132 285 488 598 52 850 818 544 521 619 716 643 78 757 646 79 0 464 507 485 64 343 0 422 0 0 472 750 145 247 1 385 0 108 230 0 462 0 0 536 873 419 25 0 700 330 628 0 739 860 751 687 608 0 588 228 773 0 12 403 739 0 0 12 305 301 438 725 673 967 0 601 
675 815 0 540 712 0 731 681 318 0 0 983 725 898 691 270 0 823 608 222 319 931 111 966 477 958 72 761 608 0 844 461 838 0 380 785 534 0 511 33 146 0 663 653 7 46 0 693 0 492 0 235 53 0 570 610 902 151 578 885 0 835 0 644 386 182 0 954 0 311 0 242 994 262 813 913 0 198 463 777 0 0 454 32 295 872 925 0 72 807 739 29 0 60 588 616 382 452 802 218 727 635 0 0 254 898 0 0 531 0 0 552 600 0 623 74 141 731 965 136 0 0 4 65 691 866 379 627 0 614 926 330 956 858 605 808 603 119 157 0 54 851 307 0 0 0 886 115 0 241 0 0 976 586 86 598 810 0 0 362 808 35 384 0 104 587 0 450 
395 199 981 716 0 52 886 260 0 0 0 0 938 393 0 98 822 0 32 0 293 672 0 323 612 746 44 886 350 0 68 634 743 196 730 0 0 372 0 80 515 357 846 273 631 0 0 253 0 675 395 0 518 627 905 839 0 22 608 450 356 10 52 0 147 0 0 0 0 293 143 0 0 867 461 322 357 406 16 252 831 975 913 159 142 73 268 0 162 489 81 302 192 0 455 66 776 795 0 484 948 246 274 418 97 434 739 0 7 0 472 930 0 205 0 118 597 159 820 387 0 358 139 687 390 0 677 617 167 623 985 0 0 757 455 36 294 250 614 0 429 0 226 0 885 998 0 446 166 69 45 888 0 929 296 0 722 0 0 553 112 0 0 527 228 434 571 0 
241 694 0 632 366 0 315 697 36 983 0 0 521 321 0 231 344 292 544 266 194 190 234 361 964 698 0 312 499 764 869 272 435 782 42 106 523 0 571 608 0 0 0 0 957 606 0 0 0 255 157 325 663 420 347 203 759 500 0 606 193 565 449 369 0 476 0 862 170 340 926 0 404 754 0 16 142 183 0 226 571 0 906 485 0 400 179 538 783 907 0 908 202 93 0 58 855 698 770 813 170 982 0 582 643 246 252 270 864 696 286 338 293 367 566 570 981 705 855 736 687 597 973 502 0 0 399 0 401 251 218 619 271 203 329 97 0 0 295 0 0 17 497 0 30 9 759 229 137 183 943 0 0 596 827 272 101 376 0 835 211 166 0 0 0 0 992 337 
802 151 424 671 469 345 902 495 590 725 938 521 0 256 34 0 665 526 0 0 344 267 381 404 120 211 0 0 502 131 0 477 712 508 888 309 738 334 845 565 751 901 572 513 0 0 0 952 429 430 964 880 996 244 897 725 984 438 440 108 0 926 98 595 823 602 470 0 394 273 357 0 466 336 645 364 0 286 907 594 119 177 0 925 706 0 418 676 943 666 146 373 0 0 925 0 177 0 129 479 0 0 631 0 865 297 0 737 874 0 876 242 214 985 16 0 0 87 0 620 604 353 256 374 528 0 748 391 992 657 774 674 586 577 225 855 0 746 0 931 544 445 763 807 352 0 0 931 0 722 453 683 0 956 746 0 450 0 0 0 71 0 189 311 0 298 653 0 
906 688 999 762 708 0 567 148 812 898 393 321 256 0 157 736 0 602 111 0 173 43 484 26 0 848 312 0 0 0 156 992 944 0 0 604 528 448 0 847 0 984 358 559 2 0 0 161 63 745 1 645 0 353 229 946 327 0 0 0 0 0 749 987 0 9 151 930 401 0 0 478 0 826 619 98 5 0 924 377 69 500 569 0 71 364 908 0 275 355 434 0 0 1 826 569 571 450 308 82 640 671 168 124 359 734 779 738 559 238 0 132 479 120 560 333 493 3 0 683 873 962 454 192 323 844 585 0 558 0 999 943 0 199 435 867 0 0 968 0 0 770 807 696 0 837 0 104 895 460 0 794 940 690 810 0 0 515 0 591 493 542 0 917 290 397 330 606 
438 0 0 455 29 0 0 749 470 691 0 0 34 157 0 215 935 707 100 18 405 691 644 508 81 245 0 0 673 124 984 476 0 0 208 251 926 0 651 659 492 835 514 964 567 535 0 156 346 158 111 0 964 178 500 704 407 26 663 44 841 266 991 217 674 634 580 385 0 652 0 928 87 784 387 333 621 743 423 656 731 0 179 791 233 589 772 0 116 340 29 787 783 952 776 482 0 716 665 760 152 552 0 99 924 21 510 405 230 609 714 403 4 344 767 188 370 101 0 0 404 836 258 190 114 0 591 786 461 281 195 0 743 0 0 333 326 411 652 531 0 514 633 684 477 130 748 8 288 612 938 0 666 288 0 705 0 828 676 213 0 278 118 670 666 457 251 0 
974 728 833 436 522 629 674 679 134 270 98 231 0 736 215 0 129 263 0 784 422 0 667 565 142 585 707 5 671 251 64 305 896 0 694 839 369 869 59 858 359 0 198 806 947 0 397 409 934 0 0 824 948 163 562 0 797 574 394 717 514 256 164 959 609 428 518 151 553 3 178 370 875 597 0 0 0 0 0 283 600 189 0 367 0 0 170 984 878 246 100 228 0 876 178 342 23 870 675 497 0 0 479 887 753 241 0 707 791 0 137 714 114 404 0 788 119 881 0 925 750 104 450 0 0 0 0 393 926 0 0 0 103 979 764 0 0 410 556 393 534 311 20 310 0 0 199 371 0 0 0 292 649 660 855 481 609 816 265 495 542 0 696 707 416 0 85 0 
77 283 409 49 575 741 578 196 179 0 822 344 665 0 935 129 0 185 0 337 492 770 492 0 366 0 172 0 230 0 971 747 617 0 848 864 233 0 727 170 0 935 232 838 642 553 299 740 0 329 0 0 876 48 253 523 970 29 846 777 902 321 946 401 0 672 0 124 653 0 298 383 0 947 630 0 647 648 0 343 759 644 0 532 0 0 0 0 378 583 435 0 0 0 115 0 604 0 372 95 770 498 203 894 296 25 547 810 607 749 0 935 347 80 552 914 0 0 0 449 864 563 987 187 179 253 0 541 0 121 0 0 242 91 164 654 154 203 0 771 0 317 282 257 261 720 466 416 852 0 653 628 944 337 575 0 891 57 0 538 234 96 416 0 0 506 375 493 
0 603 905 825 435 563 967 207 0 823 0 292 526 602 707 263 185 0 757 0 0 398 591 494 474 54 237 692 929 0 692 800 488 279 777 912 0 0 948 756 333 563 153 0 0 711 0 83 768 822 10 749 0 733 925 715 0 420 820 523 775 279 211 133 450 400 306 560 181 170 796 695 0 0 413 227 0 265 623 13 740 0 0 412 897 437 184 548 697 762 804 523 469 383 521 537 0 92 546 900 0 334 573 508 786 209 921 335 0 516 505 284 465 242 730 737 262 0 682 485 0 375 30 524 950 113 561 841 168 472 0 930 317 48 911 90 951 717 996 953 741 0 0 133 11 12 987 919 243 904 0 787 393 469 0 278 67 0 674 77 0 0 888 382 720 156 0 84 
814 856 696 943 0 447 775 685 677 608 32 544 0 111 100 0 0 757 0 97 964 0 828 178 71 639 300 0 0 346 345 318 620 636 534 963 392 0 138 507 970 328 703 571 237 536 190 828 0 245 0 0 0 670 478 627 225 0 0 0 679 448 0 480 429 0 286 0 218 755 211 257 421 967 208 0 544 0 0 933 353 0 0 592 44 0 852 36 949 0 56 633 691 0 173 664 0 0 203 129 753 269 95 126 429 105 785 0 723 742 746 546 185 0 0 617 353 961 872 295 550 938 980 877 435 948 0 956 403 0 965 0 0 266 562 621 990 760 0 408 497 821 159 615 0 0 74 502 0 466 60 948 955 126 0 283 503 775 0 93 0 188 804 884 108 0 987 101 
858 958 892 814 768 288 871 889 682 222 0 266 0 0 18 784 337 0 97 0 95 280 797 255 669 124 0 588 87 348 147 428 0 242 779 975 257 609 0 676 647 983 0 0 231 142 856 130 0 587 0 0 759 493 124 0 956 298 901 0 546 940 595 490 0 0 0 230 823 138 296 175 183 535 546 37 862 80 724 0 225 720 26 955 0 860 926 0 633 870 798 247 851 961 139 249 922 0 567 325 0 0 436 104 0 135 223 281 0 87 381 0 0 0 42 438 851 640 544 176 531 872 0 282 289 277 537 0 272 192 327 643 142 884 878 706 0 370 856 908 78 113 805 188 271 0 894 0 477 673 973 411 437 20 561 957 0 282 0 813 603 19 380 478 0 681 310 347 
540 708 476 305 944 298 692 842 122 319 293 194 344 173 405 422 492 0 964 95 0 140 262 0 712 845 676 293 640 252 26 302 33 426 301 0 702 0 0 500 713 645 250 324 207 133 0 448 387 904 941 998 135 901 0 343 413 585 833 988 82 755 771 120 395 999 0 470 416 0 915 0 200 0 0 719 634 366 456 0 431 0 549 43 870 482 955 346 607 899 222 232 131 55 671 291 0 45 725 0 458 0 0 0 7 104 559 865 0 200 649 0 614 994 0 388 207 178 442 0 284 0 0 0 947 0 984 0 340 677 979 654 643 202 0 510 539 495 86 44 176 833 619 434 585 492 134 318 112 215 820 109 875 0 929 809 757 730 0 951 90 315 0 455 0 949 340 899 
0 713 0 804 0 285 0 909 943 931 672 190 267 43 691 0 770 398 0 280 140 0 675 0 189 0 203 788 0 0 604 343 0 156 589 279 546 647 467 379 526 345 331 928 45 470 960 683 367 792 467 488 564 354 557 565 0 11 840 0 800 0 218 183 807 532 0 784 235 278 0 0 581 114 819 333 330 534 940 0 320 51 0 114 0 862 0 883 700 833 36 65 257 137 0 551 409 823 733 0 27 0 0 0 246 459 879 48 18 485 975 74 17 0 954 0 297 110 0 4 743 0 27 0 886 0 0 266 0 0 437 0 484 0 576 912 843 277 0 0 271 1 134 303 333 0 0 51 0 682 782 0 344 675 609 984 137 299 0 0 0 283 401 783 0 53 546 293 
181 750 0 915 0 0 728 944 917 111 0 234 381 484 644 667 492 591 828 797 262 675 0 237 0 0 98 0 776 164 859 368 827 0 803 0 354 527 900 60 602 948 56 0 118 572 466 432 0 994 0 976 919 893 288 0 728 734 0 675 0 633 0 325 987 325 234 0 0 707 0 576 39 0 812 0 0 86 896 299 561 426 0 874 922 849 212 295 0 214 566 403 0 229 980 155 0 0 256 89 68 70 68 903 0 0 604 0 748 546 509 309 766 510 856 420 790 865 804 891 0 856 926 0 363 902 0 103 666 718 0 247 0 0 356 367 301 0 114 441 446 584 299 0 850 56 809 676 570 733 808 235 0 0 0 85 115 0 636 0 0 537 0 121 747 0 725 572 
751 878 593 441 137 481 329 785 990 966 323 361 404 26 508 565 0 494 178 255 0 0 237 0 456 264 0 527 243 303 196 871 0 110 612 0 540 0 525 516 19 128 0 956 534 316 851 319 989 430 938 0 709 743 61 143 0 189 956 427 854 86 647 721 593 21 591 271 0 0 348 564 0 0 0 0 644 92 548 532 972 510 0 0 0 650 520 344 253 0 31 611 812 664 980 0 710 518 452 649 364 304 413 635 378 593 106 721 313 748 962 0 0 0 495 499 89 0 786 612 638 0 0 226 0 364 446 935 0 518 723 616 0 884 316 697 981 68 841 853 0 181 299 0 713 174 850 401 3 0 0 769 128 568 930 717 192 0 880 326 652 229 107 714 0 42 0 917 
768 736 0 963 931 520 346 636 0 477 612 964 120 0 81 142 366 474 71 669 712 189 0 456 0 0 0 401 719 43 261 447 407 0 613 928 46 13 583 245 276 700 471 730 359 0 269 0 371 229 905 577 380 905 974 523 63 0 641 898 658 801 323 0 0 469 356 0 0 993 822 0 214 649 839 526 9 0 794 137 199 795 913 743 895 0 0 15 216 795 477 0 0 238 844 0 540 727 250 10 306 556 0 291 13 627 155 80 493 0 0 471 132 72 944 0 76 639 176 591 0 0 0 0 0 836 952 890 18 0 58 97 893 107 335 582 0 130 0 311 0 4 470 0 603 102 883 166 330 14 97 93 489 0 205 461 704 0 456 8 0 873 596 426 114 128 173 0 
565 209 5 0 875 906 381 0 0 958 746 698 211 848 245 585 0 54 639 124 845 0 0 264 0 0 0 203 0 407 348 221 951 236 666 0 0 92 152 0 334 734 763 707 123 620 0 909 407 235 439 0 445 651 0 361 0 803 633 0 365 833 422 920 94 0 36 0 0 115 490 0 897 511 373 399 0 0 0 554 463 884 317 167 910 369 622 351 298 1 200 567 0 125 531 0 611 144 746 638 416 616 62 19 482 232 803 932 0 809 650 947 30 523 195 38 533 826 784 938 360 0 227 203 687 522 0 437 594 126 993 12 0 870 0 885 410 0 421 0 0 420 939 0 0 397 0 0 973 0 0 732 541 0 619 715 0 388 239 328 822 691 0 0 921 730 0 0 
57 0 809 0 290 172 633 642 855 72 44 0 0 312 0 707 172 237 300 0 676 203 98 0 0 0 0 277 932 504 0 802 965 0 831 623 0 640 0 0 0 277 201 429 0 915 164 999 399 0 422 266 281 95 96 710 642 651 993 483 936 504 0 749 0 477 502 532 0 0 311 0 836 951 309 0 405 504 538 164 515 131 0 204 78 317 959 156 81 705 368 0 7 304 222 445 570 126 81 827 8 286 631 710 405 624 811 0 378 761 501 0 935 467 881 0 131 573 985 184 55 70 489 607 0 61 562 966 211 26 688 60 0 333 925 256 613 453 927 0 0 445 708 673 457 333 100 282 431 916 732 836 820 0 359 316 0 395 706 0 270 770 0 872 0 602 691 612 
14 727 0 349 492 284 525 30 0 761 886 312 0 0 0 5 0 692 0 588 293 788 0 527 401 203 277 0 411 422 654 543 0 720 317 173 0 467 0 923 181 119 0 0 872 5 0 0 953 0 22 0 998 691 805 0 946 15 648 603 195 188 914 302 140 203 0 375 0 201 604 33 199 303 380 539 369 134 985 902 443 333 0 15 207 425 563 0 124 686 357 681 46 73 0 0 141 907 716 0 0 426 143 317 73 5 926 0 0 878 27 209 0 0 105 538 160 0 904 572 77 0 964 467 609 444 632 926 856 0 803 855 620 289 93 176 684 631 0 665 134 801 0 0 402 3 507 622 465 282 789 674 0 933 828 304 359 0 0 0 0 336 910 332 882 744 930 51 
840 447 66 617 781 819 0 991 592 608 350 499 502 0 673 671 230 929 0 87 640 0 776 243 719 0 932 411 0 958 248 0 114 598 920 0 237 0 139 9 190 0 88 321 635 417 659 603 0 724 569 881 739 52 445 242 733 87 864 420 241 522 0 859 263 23 0 0 409 893 630 294 0 963 725 0 990 725 93 630 749 630 274 362 536 817 979 346 68 782 20 890 0 21 233 721 105 78 597 0 0 183 0 185 768 0 341 0 56 328 732 0 668 955 661 0 887 479 445 0 653 863 674 459 0 0 104 428 253 307 708 276 700 274 90 0 589 752 0 834 281 0 157 498 23 87 202 484 163 733 132 813 482 949 578 773 0 278 0 855 0 343 127 940 0 858 699 293 
0 0 428 774 226 199 0 0 141 0 0 764 131 0 124 251 0 0 346 348 252 0 164 303 43 407 504 422 958 0 947 757 0 732 869 314 542 464 0 690 0 0 687 502 0 989 535 0 52 0 570 0 933 609 133 735 672 64 505 676 568 0 618 43 304 164 195 749 221 200 0 634 0 0 848 646 33 941 165 0 119 0 795 0 654 972 446 747 82 556 2 698 0 418 984 386 375 109 602 0 0 251 540 520 237 343 0 299 850 0 271 972 378 0 698 0 0 0 671 466 769 0 369 258 452 296 929 953 0 626 367 696 0 538 0 809 29 836 984 811 925 898 126 802 0 605 307 0 622 0 0 269 0 770 0 566 124 172 10 146 413 728 347 565 79 0 719 34 
0 335 254 807 0 525 0 463 930 844 68 869 0 156 984 64 971 692 345 147 26 604 859 196 261 348 0 654 248 947 0 767 301 347 0 294 133 0 328 968 895 943 93 0 926 375 0 255 831 0 0 0 588 116 993 0 558 570 44 889 36 0 0 863 942 370 52 519 0 860 0 344 0 0 727 0 893 541 958 319 642 367 305 740 644 203 36 701 589 0 0 932 372 30 646 0 0 945 0 457 0 0 547 379 470 334 0 769 0 181 0 33 171 0 0 0 507 713 216 73 358 411 995 249 0 998 0 0 116 0 103 0 619 0 361 86 105 921 325 0 380 0 460 349 903 901 805 682 536 0 0 24 775 99 152 764 427 812 0 0 273 753 466 0 0 184 582 417 
939 281 0 0 0 51 259 873 647 461 634 272 477 992 476 305 747 800 318 428 302 343 368 871 447 221 802 543 0 757 767 0 338 742 872 932 278 0 582 769 862 87 413 177 948 555 455 175 228 0 0 148 561 0 0 112 0 194 477 251 659 442 118 153 0 931 133 248 576 288 0 844 0 482 117 899 530 460 52 15 0 571 35 0 981 0 416 684 422 849 735 672 0 360 787 379 445 742 985 606 133 0 590 103 365 671 672 692 253 0 291 374 131 0 466 641 0 172 101 0 0 229 0 259 565 560 0 0 0 712 280 0 84 122 548 774 354 456 234 437 114 33 595 0 48 850 0 0 0 523 0 286 832 561 459 0 65 486 0 14 48 503 131 500 13 681 387 962 
0 0 72 405 0 638 356 0 382 838 743 435 712 944 0 896 617 488 620 0 33 0 827 0 407 951 965 0 114 0 301 338 0 821 770 874 516 0 0 212 682 883 0 549 740 0 766 871 0 845 0 189 891 788 245 995 490 384 375 865 758 999 28 335 983 459 797 0 513 830 123 908 0 627 264 344 67 313 845 723 608 229 589 898 153 564 446 823 226 928 0 905 171 327 373 778 836 0 0 0 840 345 498 936 13 878 783 259 969 521 0 9 918 772 644 45 239 0 417 886 545 222 667 367 129 38 36 563 798 260 0 0 0 158 28 578 0 58 644 252 598 772 408 637 287 0 0 381 290 184 284 0 31 517 0 96 0 586 0 0 766 166 422 943 171 579 224 170 
0 221 811 817 839 630 240 465 0 0 196 782 508 0 0 0 0 279 636 242 426 156 0 110 0 236 0 720 598 732 347 742 821 0 142 223 0 96 411 104 890 396 945 0 198 405 562 543 496 220 224 724 948 0 127 346 993 406 0 322 539 972 303 262 111 622 0 492 634 591 429 359 653 989 718 898 0 0 886 876 669 952 14 0 0 156 189 26 0 0 0 175 0 755 722 977 0 213 0 857 952 0 570 0 0 747 511 280 0 532 162 546 651 956 0 640 0 474 2 715 768 839 887 277 287 641 558 0 849 0 778 502 713 373 910 634 0 883 0 255 363 769 2 76 0 59 482 884 732 0 0 801 17 873 100 480 272 202 0 0 995 725 344 515 812 206 655 272 
237 952 239 718 805 0 957 0 0 380 730 42 888 0 208 694 848 777 534 779 301 589 803 612 613 666 831 317 920 869 0 872 770 142 0 927 73 189 602 0 827 413 643 17 346 486 665 310 684 0 725 0 791 944 0 0 0 0 0 178 0 711 0 0 30 324 0 607 413 420 131 384 696 0 822 962 380 0 302 75 253 0 234 996 862 0 0 283 0 0 0 309 361 393 0 0 326 30 372 19 618 934 271 975 766 201 117 599 935 633 0 841 0 899 162 347 491 332 0 203 642 509 0 17 471 205 388 857 0 94 301 80 0 962 403 595 209 681 734 719 0 0 0 588 543 784 885 45 925 165 626 890 102 475 0 19 583 77 977 188 808 205 547 211 104 113 997 0 
794 764 0 828 850 0 81 0 245 785 0 106 309 604 251 839 864 912 963 975 0 279 0 0 928 0 623 173 0 314 294 932 874 223 927 0 814 384 0 77 144 147 543 0 632 670 0 983 9 680 457 42 712 0 495 128 883 45 277 924 345 0 492 368 0 0 930 656 0 35 319 201 762 0 410 705 0 747 764 784 82 551 726 326 0 916 464 772 361 543 215 951 497 292 417 0 378 219 800 668 0 403 0 0 0 760 305 38 665 389 313 250 19 0 680 779 900 156 493 0 894 379 298 109 588 210 306 829 281 0 191 13 0 392 858 934 376 41 791 0 18 124 577 913 395 80 759 441 0 295 182 904 536 0 840 0 310 690 777 837 541 0 0 395 846 489 865 204 
626 837 384 0 0 0 655 937 0 534 0 523 738 528 926 369 233 0 392 257 702 546 354 540 46 0 0 0 237 542 133 278 516 0 73 814 0 0 301 0 589 419 336 188 579 922 0 584 862 70 17 0 0 667 93 0 0 556 759 414 298 274 0 181 0 0 492 0 300 602 275 334 812 245 0 0 133 863 639 0 0 564 109 221 492 0 646 501 335 396 873 0 0 684 754 189 0 0 617 0 216 756 625 238 916 991 200 388 744 0 557 346 80 892 0 538 0 0 0 762 815 644 800 0 0 39 194 421 752 798 705 203 0 897 591 645 0 462 58 847 900 61 624 0 894 326 473 0 0 0 573 229 316 600 519 136 0 301 881 0 515 260 382 0 975 54 703 0 
0 458 0 129 837 0 718 0 371 0 372 0 334 448 0 869 0 0 0 609 0 647 527 0 13 92 640 467 0 464 0 0 0 96 189 384 0 0 784 445 590 21 938 908 465 201 717 0 0 0 479 749 0 483 0 0 0 461 845 65 0 479 114 421 981 0 984 0 0 0 885 596 88 310 478 214 91 982 542 0 284 673 712 105 445 0 828 778 0 523 554 0 0 281 0 970 638 54 377 805 464 0 195 260 935 294 87 714 219 0 986 498 290 307 433 219 905 675 257 0 0 549 958 702 220 814 464 382 0 161 703 383 633 587 0 666 314 0 0 0 478 840 686 13 669 101 3 358 0 761 842 383 826 4 0 0 434 80 570 498 0 561 0 839 836 44 701 776 
680 359 757 771 311 683 0 981 920 511 0 571 845 0 651 59 727 948 138 0 0 467 900 525 583 152 0 0 139 0 328 582 0 411 602 0 301 784 0 0 907 528 442 681 781 981 108 201 46 0 0 32 333 282 699 0 2 246 0 0 0 649 0 115 243 58 768 335 0 828 0 755 0 563 634 323 869 242 231 459 0 214 0 0 605 122 460 389 148 149 0 48 180 360 405 511 144 149 851 500 55 830 41 503 0 50 56 0 687 709 169 919 0 391 422 180 18 0 649 64 124 552 106 0 0 0 455 450 194 122 157 0 0 694 0 94 441 0 441 269 421 969 828 0 298 939 270 0 0 0 279 846 0 261 631 235 234 0 849 751 0 125 982 0 357 705 0 0 
245 778 48 326 271 912 603 0 0 33 80 608 565 847 659 858 170 756 507 676 500 379 60 516 245 0 0 923 9 690 968 769 212 104 0 77 0 445 0 0 164 687 538 464 427 827 913 557 0 728 540 0 0 590 873 154 915 894 437 222 0 65 681 574 543 320 344 382 0 112 406 957 963 530 467 0 790 94 0 0 32 0 689 524 97 521 438 0 0 354 378 347 44 0 342 630 801 0 678 47 265 983 875 0 363 0 702 714 669 0 699 0 561 566 0 397 0 610 55 0 316 0 588 970 418 847 264 291 34 0 402 468 805 129 972 355 0 479 773 0 993 29 0 0 417 0 56 872 355 672 976 636 602 0 388 749 0 486 304 997 0 424 129 421 776 811 0 668 
856 353 678 48 0 660 0 807 866 146 515 0 751 0 492 359 0 333 970 647 713 526 602 19 276 334 0 181 190 0 895 862 682 890 827 144 589 590 907 164 0 446 0 589 313 389 0 568 442 219 391 29 547 843 37 391 599 0 0 0 788 434 160 32 0 792 520 930 0 352 290 0 440 733 201 290 0 0 794 717 329 196 0 898 587 30 663 0 318 125 195 95 20 267 222 466 0 921 0 2 537 483 930 536 540 794 844 776 254 940 565 417 557 191 241 228 697 0 553 488 0 480 0 691 0 193 214 784 528 0 362 838 156 626 0 338 11 890 0 409 586 679 64 509 0 0 88 0 521 0 747 953 239 254 525 684 0 745 518 544 462 643 923 439 761 924 527 0 
812 957 238 0 642 0 0 0 298 0 357 0 901 984 835 0 935 563 328 983 645 345 948 128 700 734 277 119 0 0 943 87 883 396 413 147 419 21 528 687 446 0 277 589 656 801 327 218 248 146 0 339 362 849 260 979 289 354 700 0 739 890 787 427 0 647 0 274 195 364 272 745 0 651 400 0 32 308 498 0 69 377 473 766 0 295 448 0 0 0 512 832 946 0 987 492 215 0 296 95 512 299 698 913 835 434 0 474 840 559 0 0 953 0 0 470 26 981 0 877 464 668 516 906 0 455 190 80 235 266 413 0 0 798 0 0 531 116 672 247 501 0 765 609 0 0 128 168 45 348 746 741 747 0 914 587 532 765 57 969 0 0 0 493 784 433 759 282 
770 303 0 235 0 134 532 905 798 663 846 0 572 358 514 198 232 153 703 0 250 331 56 0 471 763 201 0 88 687 93 413 0 945 643 543 336 938 442 538 0 277 0 0 336 456 14 524 0 272 0 0 361 290 617 195 624 748 564 125 756 433 546 138 67 423 0 27 758 312 0 0 421 365 563 2 942 0 151 25 0 0 123 886 988 88 0 821 785 891 0 332 448 825 642 905 43 0 0 159 469 743 508 0 0 0 158 200 468 0 662 492 248 198 0 0 321 560 790 331 340 852 383 0 10 0 425 0 0 0 677 929 600 0 657 259 976 0 432 477 449 0 111 0 65 308 0 47 578 686 0 984 565 649 161 838 82 323 613 351 65 0 163 232 299 385 207 597 
144 755 780 845 0 0 961 465 404 653 273 0 513 559 964 806 838 0 571 0 324 928 0 956 730 707 429 0 321 502 0 177 549 0 17 0 188 908 681 464 589 589 0 0 852 830 442 590 713 0 844 282 452 231 335 425 157 0 0 982 69 290 146 434 0 634 956 559 0 33 86 571 456 752 884 527 0 0 733 0 392 857 0 0 0 189 672 0 331 359 337 890 594 0 381 176 473 801 481 501 674 60 675 0 641 557 0 758 0 814 971 809 0 620 795 210 102 507 324 583 933 0 0 736 0 0 0 333 0 0 4 686 691 849 785 565 371 0 0 559 484 364 237 584 484 368 471 824 46 67 344 86 813 0 595 749 601 0 0 0 504 0 178 0 798 494 89 854 
272 14 0 351 592 287 198 0 319 7 631 957 0 2 567 947 642 0 237 231 207 45 118 534 359 123 0 872 635 0 926 948 740 198 346 632 579 465 781 427 313 656 336 852 0 534 67 547 0 546 97 0 947 903 465 32 63 925 0 600 0 984 978 374 136 746 33 525 643 0 5 515 308 260 379 718 45 0 412 0 445 604 55 0 346 6 129 974 888 570 341 726 429 506 203 832 593 722 151 250 336 0 654 346 0 158 77 716 782 197 309 0 962 0 592 836 0 959 241 0 0 637 854 0 356 51 226 673 529 302 0 618 0 31 522 0 354 382 92 933 0 420 0 455 528 588 300 780 55 581 0 746 172 655 43 130 296 554 351 0 151 0 0 497 0 360 309 855 
193 912 0 987 681 84 387 0 239 46 0 606 0 0 535 0 553 711 536 142 133 470 572 316 0 620 915 5 417 989 375 555 0 405 486 670 922 201 981 827 389 801 456 830 534 0 0 454 683 0 420 711 649 351 649 0 309 379 11 831 0 429 990 995 244 873 0 33 469 0 970 831 0 907 687 665 333 467 240 0 0 106 605 126 778 447 0 599 758 168 24 0 577 197 724 714 548 426 276 726 899 590 305 461 134 218 0 548 0 472 125 301 0 286 396 0 789 529 855 942 543 0 186 0 0 0 917 256 0 0 615 107 850 0 0 0 775 0 0 447 150 149 0 912 938 699 120 716 290 45 109 0 0 3 543 95 29 110 911 97 201 714 0 280 919 5 0 834 
41 0 0 0 259 0 292 216 712 0 0 0 0 0 0 397 299 0 190 856 0 960 466 851 269 0 164 0 659 535 0 455 766 562 665 0 0 717 108 913 0 327 14 442 67 0 0 50 767 393 0 555 518 327 14 183 0 0 648 811 0 89 892 480 817 801 884 304 502 507 0 0 0 139 329 436 0 0 386 0 456 128 624 506 889 188 980 705 0 54 466 940 465 804 934 970 883 953 880 703 284 840 605 0 617 543 145 863 811 0 0 0 762 17 0 883 804 727 389 370 0 0 657 248 811 320 362 474 347 816 93 0 928 396 766 371 512 365 0 211 740 610 537 197 761 141 647 0 527 522 0 0 183 279 0 724 99 418 59 0 176 974 0 70 287 166 526 19 
0 29 565 943 373 537 526 57 833 693 253 0 952 161 156 409 740 83 828 130 448 683 432 319 0 909 999 0 603 0 255 175 871 543 310 983 584 0 201 557 568 218 524 590 547 454 50 0 429 599 575 169 927 784 868 0 714 228 892 440 355 73 133 169 140 0 326 135 979 637 325 21 368 442 469 741 700 0 844 94 393 338 0 672 0 674 474 231 0 726 146 232 0 890 0 858 511 846 0 474 0 203 0 681 0 0 0 55 510 829 0 14 0 520 293 530 454 81 775 654 23 282 852 357 635 0 7 766 114 949 806 701 0 21 388 569 607 153 977 0 0 366 761 0 0 549 483 408 674 521 287 525 794 57 439 122 59 0 0 0 712 0 660 194 537 338 952 86 
375 0 539 666 560 0 0 233 918 0 0 0 429 63 346 934 0 768 0 0 387 367 0 989 371 407 399 953 0 52 831 228 0 496 684 9 862 0 46 0 442 248 0 713 0 683 767 429 0 265 0 960 432 9 949 378 976 960 96 0 0 288 885 20 0 108 0 0 696 257 0 251 0 265 815 0 780 505 0 329 758 0 387 608 463 928 0 341 735 325 982 106 410 107 0 0 762 0 892 731 897 0 884 771 884 607 0 972 564 694 578 266 0 0 873 609 727 488 356 0 0 561 271 585 0 622 921 0 527 242 336 491 218 0 423 184 0 0 330 832 140 0 0 768 853 0 471 0 562 0 129 673 690 273 0 590 740 722 591 0 136 0 323 799 975 66 0 0 
278 0 696 504 536 59 0 886 889 492 675 255 430 745 158 0 329 822 245 587 904 792 994 430 229 235 0 0 724 0 0 0 845 220 0 680 70 0 0 728 219 146 272 0 546 0 393 599 265 0 864 741 967 207 0 956 937 704 68 897 389 836 825 255 905 0 193 927 205 977 406 699 952 128 736 138 333 808 973 0 0 944 0 574 75 594 533 617 72 852 940 331 675 686 943 0 14 0 0 0 787 496 89 987 998 887 0 665 354 926 743 928 344 25 588 832 63 693 326 0 0 127 719 630 337 974 890 330 938 34 175 806 0 124 21 484 114 13 0 269 924 79 962 733 434 825 0 415 0 95 968 12 189 956 561 876 803 710 262 602 276 0 958 935 69 751 0 0 
654 434 565 0 679 269 767 243 632 0 395 157 964 1 111 0 0 10 0 0 941 467 0 938 905 439 422 22 569 570 0 0 0 224 725 457 17 479 0 540 391 0 0 844 97 420 0 575 0 864 0 0 0 243 901 103 542 0 819 695 122 547 971 294 330 257 598 0 0 720 0 511 883 492 707 616 189 675 0 920 615 335 912 850 978 0 0 109 799 0 123 648 0 956 746 855 237 0 367 175 129 620 665 79 396 619 197 744 724 531 283 0 0 861 39 555 810 284 22 486 0 4 658 984 865 0 246 885 119 823 9 37 0 0 574 562 254 142 881 972 440 231 753 64 264 0 104 137 33 0 731 0 545 986 969 0 528 0 378 644 0 0 685 520 710 244 853 284 
50 0 346 318 461 0 68 247 592 235 0 325 880 645 0 824 0 749 0 0 998 488 976 0 577 0 266 0 881 0 0 148 189 724 0 42 0 749 32 0 29 339 0 282 0 711 555 169 960 741 0 0 459 0 903 843 679 490 756 305 991 0 583 205 713 152 625 0 840 654 31 391 998 998 0 660 631 306 753 681 533 238 763 0 66 514 0 682 111 0 701 890 814 71 0 0 6 675 0 73 0 22 408 220 415 265 0 284 495 233 562 5 764 0 336 0 115 385 49 0 139 225 447 0 326 0 906 0 238 443 906 852 782 0 537 329 478 999 80 93 628 0 0 0 613 196 939 312 786 0 431 0 0 0 0 923 263 734 648 558 258 583 0 0 24 730 485 467 
388 0 610 103 147 989 783 0 39 53 518 663 996 0 964 948 876 0 0 759 135 564 919 709 380 445 281 998 739 933 588 561 891 948 791 712 0 0 333 0 547 362 361 452 947 649 518 927 432 967 0 459 0 0 662 0 669 604 599 906 744 304 693 52 0 971 618 888 134 95 685 120 419 950 413 77 946 472 604 484 437 370 0 868 161 293 370 838 870 0 59 4 96 504 420 2 69 455 921 0 25 580 562 546 974 139 0 0 0 0 0 463 356 84 486 699 238 834 915 150 853 4 460 692 43 0 779 863 962 498 0 0 559 534 70 830 0 63 0 513 0 987 722 207 468 747 0 920 0 855 0 0 844 908 715 680 439 89 0 0 695 885 283 667 48 758 213 292 
0 897 780 0 283 42 0 762 111 0 627 420 244 353 178 163 48 733 670 493 901 354 893 743 905 651 95 691 52 609 116 0 788 0 944 0 667 483 282 590 843 849 290 231 903 351 327 784 9 207 243 0 0 0 349 0 344 28 215 561 338 211 996 726 0 261 0 530 435 156 0 32 783 0 701 649 204 516 164 353 387 867 281 0 0 122 531 147 665 636 0 944 209 0 880 0 47 874 955 0 0 0 247 0 828 0 941 435 855 320 435 354 588 665 478 273 151 829 939 241 324 838 1 867 80 798 238 689 896 641 0 241 621 87 0 850 781 283 149 78 904 449 0 412 33 389 674 210 785 0 670 712 13 0 721 323 478 0 57 447 945 384 101 828 8 679 346 845 
145 0 0 756 230 339 361 596 147 570 905 347 897 229 500 562 253 925 478 124 0 557 288 61 974 0 96 805 445 133 993 0 245 127 0 495 93 0 699 873 37 260 617 335 465 649 14 868 949 0 901 903 662 349 0 0 6 241 941 686 931 511 140 137 813 688 455 423 969 248 0 265 0 0 881 944 644 0 0 617 46 86 813 329 971 481 883 816 397 533 237 86 418 993 425 715 0 0 0 160 409 596 734 0 0 628 692 625 0 513 466 48 0 669 0 800 823 564 869 0 541 566 0 546 0 526 177 877 0 971 188 972 97 986 0 320 0 0 0 0 735 515 398 688 74 0 508 611 0 335 928 0 515 791 304 0 321 277 763 0 790 0 710 394 0 0 104 149 
779 805 0 439 0 967 0 229 270 610 839 203 725 946 704 0 523 715 627 0 343 565 0 143 523 361 710 0 242 735 0 112 995 346 0 128 0 0 0 154 391 979 195 425 32 0 183 0 378 956 103 843 0 0 0 0 934 337 537 0 0 711 474 282 919 247 0 0 516 9 275 0 0 286 0 0 111 645 82 318 165 270 0 86 620 381 63 5 250 0 765 0 108 464 525 354 595 583 430 0 866 207 0 160 195 194 908 574 847 105 0 0 203 401 0 467 156 0 412 435 170 0 903 654 670 353 0 250 292 912 0 395 259 663 0 911 208 481 252 0 857 0 441 0 334 0 715 0 0 555 161 879 0 718 0 325 0 151 0 57 111 92 513 479 799 0 743 520 
211 0 748 0 192 180 555 0 352 902 0 759 984 327 407 797 970 0 225 956 413 0 728 0 63 0 642 946 733 672 558 0 490 993 0 883 0 0 2 915 599 289 624 157 63 309 0 714 976 937 542 679 669 344 6 934 0 0 300 823 277 897 486 383 661 544 64 306 830 385 0 317 16 7 283 447 0 0 864 283 0 952 0 0 759 952 946 769 2 0 907 0 426 269 955 389 0 0 0 580 0 830 0 556 339 339 378 0 980 0 656 0 623 0 519 384 0 104 947 660 46 491 553 491 250 868 533 0 817 79 806 713 363 479 552 266 723 781 0 0 188 0 749 0 0 612 984 0 203 109 0 21 850 505 0 889 181 752 0 313 41 800 949 0 990 438 364 324 
0 374 820 321 369 0 337 183 0 151 22 500 438 0 26 574 29 420 0 298 585 11 734 189 0 803 651 15 87 64 570 194 384 406 0 45 556 461 246 894 0 354 748 0 925 379 0 228 960 704 0 490 604 28 241 337 0 0 987 606 880 620 0 574 286 361 778 759 0 514 430 871 851 0 0 0 668 479 338 684 0 0 89 340 270 0 799 0 702 878 419 922 706 0 0 795 933 0 24 267 944 213 0 0 0 882 0 970 989 336 0 340 774 602 687 454 267 569 217 0 199 0 430 654 437 564 168 397 0 0 360 847 239 972 789 370 675 0 718 89 709 3 609 534 115 397 120 677 57 26 969 0 422 823 756 998 0 0 806 36 334 0 308 344 256 998 764 0 
587 147 0 0 254 614 795 678 796 578 608 0 440 0 663 394 846 820 0 901 833 840 0 956 641 633 993 648 864 505 44 477 375 0 0 277 759 845 0 437 0 700 564 0 0 11 648 892 96 68 819 756 599 215 941 537 300 987 0 259 0 263 628 78 761 0 962 0 0 745 0 241 0 683 25 905 0 486 630 517 163 665 211 0 427 0 0 189 729 852 196 0 755 198 978 990 666 129 896 0 952 618 360 596 0 189 247 741 776 338 0 352 32 899 117 771 0 31 960 0 0 293 0 0 25 200 0 565 919 835 40 113 893 507 455 766 0 263 107 738 298 0 907 0 262 319 873 833 758 459 842 468 0 0 0 305 768 78 442 0 737 0 504 947 164 293 690 747 
678 945 651 712 782 561 243 0 64 885 450 606 108 0 44 717 777 523 0 0 988 0 675 427 898 0 483 603 420 676 889 251 865 322 178 924 414 65 0 222 0 0 125 982 600 831 811 440 0 897 695 305 906 561 686 0 823 606 259 0 514 89 25 282 794 0 82 0 859 155 349 851 120 417 280 94 0 589 478 0 9 0 698 0 81 243 0 991 774 447 0 788 907 123 244 513 797 988 374 0 0 616 544 385 572 464 0 316 163 0 897 90 92 0 0 50 740 0 0 945 885 644 0 614 939 15 201 0 0 481 0 239 0 0 538 0 0 985 54 377 562 826 0 0 0 986 0 615 608 851 252 0 0 0 349 798 320 262 991 538 650 0 127 0 323 489 0 440 
108 191 842 358 116 271 692 48 322 0 356 193 0 0 841 514 902 775 679 546 82 800 0 854 658 365 936 195 241 568 36 659 758 539 0 345 298 0 0 0 788 739 756 69 0 0 0 355 0 389 122 991 744 338 931 0 277 880 0 514 0 20 663 45 0 225 0 441 570 856 0 16 0 447 458 650 321 932 577 836 455 476 893 22 0 20 127 0 0 927 160 264 314 587 0 84 0 695 373 598 595 420 841 0 135 0 422 0 271 142 0 359 61 531 902 624 0 0 25 465 845 565 416 292 999 486 19 248 269 231 306 498 666 0 647 327 409 322 0 0 428 892 145 798 705 637 965 860 0 828 629 770 767 657 467 717 627 0 0 977 466 68 637 636 358 272 211 808 
756 243 555 0 882 0 0 387 195 835 10 565 926 0 266 256 321 279 448 940 755 0 633 86 801 833 504 188 522 0 0 442 999 972 711 0 274 479 649 65 434 890 433 290 984 429 89 73 288 836 547 0 304 211 511 711 897 620 263 89 20 0 975 643 0 859 182 989 0 943 266 0 593 602 6 89 847 122 261 0 199 87 537 943 530 593 0 646 323 591 316 697 88 294 0 648 672 180 840 0 63 0 901 0 284 561 927 0 827 256 457 958 611 683 0 787 436 660 68 0 615 175 0 579 682 515 0 884 209 0 0 363 39 725 0 952 914 462 147 0 214 687 20 40 840 17 0 900 68 220 290 557 438 516 758 344 929 42 305 397 559 417 0 0 803 0 230 0 
399 364 46 632 775 971 0 496 877 0 52 449 98 749 991 164 946 211 0 595 771 218 0 647 323 422 0 914 0 618 0 118 28 303 0 492 0 114 0 681 160 787 546 146 978 990 892 133 885 825 971 583 693 996 140 474 486 0 628 25 663 975 0 0 49 334 200 105 0 0 0 0 159 0 890 137 53 99 0 334 36 0 0 4 450 929 226 108 114 939 582 0 113 899 0 0 303 305 336 712 756 777 171 0 758 346 0 531 387 0 410 208 30 646 176 0 578 286 0 0 627 0 812 971 155 673 384 0 41 692 0 641 856 442 167 770 615 826 521 45 0 356 0 950 408 795 0 661 761 0 974 83 0 371 281 871 779 0 911 245 808 483 48 395 748 43 0 165 
288 0 871 126 896 665 0 977 608 644 0 369 595 987 217 959 401 133 480 490 120 183 325 721 0 920 749 302 859 43 863 153 335 262 0 368 181 421 115 574 32 427 138 434 374 995 480 169 20 255 294 205 52 726 137 282 383 574 78 282 45 643 0 0 553 173 841 313 968 132 692 0 0 398 132 448 388 545 12 364 608 112 0 507 0 562 0 677 461 83 655 409 655 0 465 812 858 614 317 600 0 744 252 0 713 111 0 867 792 11 960 948 0 969 0 0 135 200 0 703 77 398 0 0 266 0 119 673 726 926 0 368 709 162 0 382 0 948 179 730 145 225 597 0 787 608 396 0 0 321 69 91 991 576 57 0 809 369 234 0 456 224 0 620 733 136 687 0 
370 0 976 176 421 532 594 0 966 386 147 0 823 0 674 609 0 450 429 0 395 807 987 593 0 94 0 140 263 304 942 0 983 111 30 0 0 981 243 543 0 0 67 0 136 244 817 140 0 905 330 713 0 0 813 919 661 286 761 794 0 0 49 553 0 104 161 413 456 90 0 877 963 0 506 186 450 837 635 684 8 187 302 959 402 0 586 846 908 762 970 535 167 743 789 0 411 822 0 804 0 521 268 158 0 0 0 838 43 0 331 486 0 882 5 908 214 279 0 646 446 172 0 337 731 784 127 898 447 526 123 741 848 731 361 912 989 0 864 41 0 0 319 513 660 241 804 571 0 298 849 0 0 888 877 423 468 246 531 0 75 555 569 985 163 353 430 795 
190 473 740 1 534 70 856 514 659 182 0 476 602 9 634 428 672 400 0 0 999 532 325 21 469 0 477 203 23 164 370 931 459 622 324 0 0 0 58 320 792 647 423 634 746 873 801 0 108 0 257 152 971 261 688 247 544 361 0 0 225 859 334 173 104 0 759 832 835 289 0 0 959 0 17 49 0 0 726 0 984 539 231 0 358 865 843 0 0 0 0 883 899 345 392 223 495 587 124 296 0 0 128 909 385 294 913 0 887 153 347 909 480 645 651 74 0 883 663 381 538 897 821 681 985 310 0 0 0 139 0 859 105 786 441 435 0 138 692 0 0 860 749 135 35 284 144 64 740 226 113 544 631 45 151 902 63 0 667 55 0 613 0 487 690 679 604 0 
578 986 786 668 950 0 634 958 156 0 0 0 470 151 580 518 0 306 286 0 0 0 234 591 356 36 502 0 0 195 52 133 797 0 0 930 492 984 768 344 520 0 0 956 33 0 884 326 0 193 598 625 618 0 455 0 64 778 962 82 0 182 200 841 161 759 0 0 224 40 778 220 595 0 105 739 11 980 995 0 0 952 703 112 214 219 944 38 876 976 160 0 0 345 620 179 108 213 0 961 818 438 0 369 0 0 397 422 982 0 139 68 226 0 82 504 351 0 447 98 216 266 641 584 427 847 915 329 307 722 983 333 771 821 794 250 26 0 564 240 76 317 623 478 219 943 0 0 733 898 253 591 48 755 0 0 400 234 0 696 27 700 807 721 303 0 295 518 
0 315 313 0 63 0 104 452 261 954 0 862 0 930 385 151 124 560 0 230 470 784 0 271 0 0 532 375 0 749 519 248 0 492 607 656 0 0 335 382 930 274 27 559 525 33 304 135 0 927 0 0 888 530 423 0 306 759 0 0 441 989 105 313 413 832 0 0 16 214 0 0 730 365 454 955 798 638 559 0 210 197 434 995 214 766 560 578 0 263 983 190 817 0 0 805 637 563 782 24 0 0 828 111 162 0 730 0 563 314 297 19 495 298 636 96 632 503 535 716 579 920 746 708 175 3 763 114 980 729 0 96 581 881 710 192 652 559 671 174 0 287 0 0 190 1 459 647 730 882 797 198 21 538 271 786 903 630 242 24 603 696 269 888 102 637 786 0 
789 578 547 345 440 792 527 989 622 0 0 170 394 401 0 553 653 181 218 823 416 235 0 0 0 0 0 0 409 221 0 576 513 634 413 0 300 0 0 0 0 195 758 0 643 469 502 979 696 205 0 840 134 435 969 516 830 0 0 859 570 0 0 968 456 835 224 16 0 6 624 279 5 655 710 0 0 0 0 0 574 202 814 713 234 567 0 0 705 702 501 0 379 190 20 209 455 251 290 576 165 0 167 857 0 60 254 418 330 774 0 0 378 137 168 624 0 656 118 318 979 445 292 407 333 678 966 0 290 858 900 92 432 904 0 0 660 293 918 0 34 0 195 358 0 128 322 792 244 793 0 217 913 308 0 526 657 0 997 0 0 477 396 452 0 0 0 599 
