0 0 391 95 0 35 222 783 764 0 390 707 648 78 603 640 0 0 406 614 950 843 502 412 438 0 883 0 714 458 52 651 854 449 979 302 441 0 948 624 0 990 0 745 255 993 478 0 0 416 872 691 689 646 425 234 565 592 818 0 671 589 660 19 817 645 224 736 69 772 944 0 975 40 174 413 644 0 235 692 0 0 0 558 762 0 110 0 380 0 814 491 0 898 854 0 0 836 0 181 447 335 0 763 0 840 757 834 728 0 0 654 0 973 307 562 0 25 326 0 0 0 365 3 0 0 0 0 0 167 0 558 0 819 368 567 206 989 377 468 896 885 0 0 423 0 528 779 0 0 167 332 0 127 0 739 0 0 0 540 821 552 481 662 0 841 351 482 788 0 77 671 769 0 450 782 0 136 599 723 25 996 474 0 127 736 0 0 0 0 619 577 6 0 778 927 785 0 0 895 653 0 239 680 692 0 0 49 555 469 971 648 99 52 0 0 840 488 0 907 0 446 397 186 879 248 330 861 0 0 0 871 657 0 0 154 178 768 304 590 65 124 605 408 0 0 607 218 684 637 434 374 894 102 131 366 633 920 0 499 266 526 0 648 390 303 0 94 508 0 935 215 932 109 643 0 98 829 228 401 414 931 0 0 549 0 194 461 0 731 609 500 771 264 86 0 732 317 0 814 534 
0 0 168 175 943 0 0 0 157 392 45 274 154 318 477 364 838 755 229 180 0 40 0 567 478 0 888 362 422 37 294 219 0 896 184 0 706 700 88 234 206 602 0 710 908 224 109 602 184 295 112 314 0 0 0 0 536 201 0 470 69 214 135 0 43 0 435 730 0 13 0 615 0 668 178 764 548 312 73 479 593 890 170 340 0 331 0 884 0 539 751 900 0 375 0 764 676 897 226 0 0 590 542 419 784 511 801 287 0 358 598 894 794 347 399 232 185 822 500 0 457 545 537 600 909 0 13 523 426 96 749 717 175 545 58 340 614 454 989 763 21 432 559 0 794 219 906 0 817 602 864 296 332 478 432 0 381 808 126 314 810 330 872 0 802 0 192 508 797 382 613 213 461 532 722 0 0 0 154 988 424 956 954 231 92 533 491 839 918 587 701 317 129 855 596 777 820 572 646 331 64 541 0 773 0 0 0 821 0 681 815 515 455 0 753 325 20 0 915 151 246 828 516 315 849 0 607 39 0 889 0 940 482 0 0 571 0 97 978 377 130 0 874 998 666 288 657 0 901 986 0 768 693 346 0 528 0 962 892 479 89 0 413 733 733 555 600 0 434 471 106 0 235 740 25 181 420 512 0 917 331 127 54 39 108 469 219 913 65 367 793 247 212 753 0 331 999 342 133 0 0 
391 168 0 626 975 638 670 470 296 29 927 209 342 871 0 79 804 0 0 76 36 698 282 0 0 0 0 0 281 0 0 180 857 0 0 751 0 0 832 442 0 953 167 950 21 465 0 0 977 968 775 772 348 115 514 0 0 0 548 187 725 706 404 627 793 695 0 418 0 688 184 731 0 0 402 915 295 62 0 364 56 0 0 238 604 36 0 0 517 230 0 561 0 299 306 0 438 593 154 779 208 126 552 408 603 0 0 110 909 0 41 249 0 412 148 972 221 0 593 875 788 959 853 262 0 578 707 0 478 611 0 986 401 0 195 0 304 933 0 949 0 965 0 819 477 91 0 105 668 0 138 0 0 13 850 130 326 692 0 912 480 0 82 0 190 0 476 767 656 774 53 726 0 389 847 176 444 548 54 671 972 0 174 292 944 441 821 0 130 0 682 0 906 623 400 668 0 0 970 249 772 0 117 112 365 738 3 269 670 292 68 672 0 543 625 0 442 780 21 441 40 475 190 161 647 646 969 0 0 191 0 778 277 0 637 489 432 0 124 208 110 666 835 0 292 458 830 686 807 107 882 48 551 354 114 386 799 770 28 0 926 242 250 215 0 77 611 0 16 474 0 813 235 286 624 343 976 452 0 0 399 389 488 303 680 634 0 913 0 838 297 174 992 878 415 999 433 282 0 0 672 
95 175 626 0 513 395 0 0 0 0 842 0 0 0 437 184 469 315 0 743 776 630 71 0 336 876 997 824 555 367 0 521 647 800 777 507 183 894 330 0 617 825 0 169 268 533 824 676 0 0 406 902 0 0 314 3 637 578 0 0 828 391 904 158 581 0 858 920 418 931 0 586 0 0 252 405 585 703 553 203 845 616 0 315 831 422 704 184 0 518 636 0 462 0 601 992 0 361 214 187 0 55 203 862 836 143 74 919 0 503 643 929 0 271 825 18 0 0 687 0 405 582 19 418 904 941 0 745 795 428 0 275 629 693 479 601 298 485 0 493 53 0 984 614 0 0 588 834 495 0 0 0 0 171 0 19 422 0 934 294 180 572 0 0 362 0 174 799 14 890 0 365 206 153 0 536 951 911 654 514 0 674 9 199 192 506 421 245 504 439 774 132 0 326 78 0 0 500 0 0 517 0 264 0 368 801 601 663 836 115 385 772 0 0 503 992 682 0 630 0 0 614 836 0 662 475 0 0 489 343 546 121 456 0 458 720 82 0 617 357 0 969 148 696 839 951 0 628 203 978 89 63 878 0 0 546 24 0 339 677 500 959 0 305 0 38 856 351 0 0 555 909 255 924 0 202 866 318 942 368 723 664 863 134 940 998 962 0 0 853 48 832 680 0 379 0 367 295 109 0 544 
0 943 975 513 0 0 0 0 638 146 971 115 457 460 411 363 363 637 751 797 493 851 0 862 497 524 0 488 982 461 267 983 3 0 617 0 900 0 0 31 617 0 732 449 0 834 357 480 0 909 625 0 988 0 653 351 398 289 0 751 784 902 592 817 252 0 882 416 142 384 0 0 548 0 802 433 0 168 372 0 0 903 371 543 99 567 0 782 0 183 459 691 451 68 0 374 712 0 506 0 732 897 18 217 88 118 480 609 253 88 231 374 0 623 733 486 436 0 0 0 455 0 0 677 410 929 818 976 747 972 89 0 856 0 857 0 804 519 645 943 271 0 556 0 937 0 970 115 0 359 898 0 552 122 577 2 950 861 282 295 0 142 457 344 0 525 826 0 0 266 867 454 435 226 297 297 0 844 0 555 0 0 687 71 414 198 0 803 835 0 265 0 987 32 174 591 206 0 0 838 454 418 3 0 636 191 107 297 507 32 955 254 40 973 18 0 650 958 929 407 0 974 328 762 0 277 579 223 58 722 169 20 0 561 676 863 132 655 580 687 934 772 611 496 817 122 0 0 848 171 284 269 692 28 908 259 433 245 873 0 589 901 453 870 263 0 603 482 233 636 2 969 0 528 283 0 51 0 0 770 607 496 177 14 700 0 747 734 738 29 225 39 526 247 18 166 550 505 456 836 0 
35 0 638 395 0 0 172 0 742 645 180 684 405 30 0 0 952 291 90 140 324 0 162 40 89 941 0 0 52 748 556 726 914 202 780 49 0 825 169 0 723 158 0 942 738 379 501 0 514 464 442 76 0 640 588 358 444 437 878 865 187 439 0 199 0 954 29 0 450 27 0 901 208 763 222 958 20 0 0 0 649 106 68 304 492 55 564 173 50 432 590 450 155 186 157 860 547 916 410 0 0 200 627 863 558 259 0 0 627 135 0 743 1 0 475 0 272 616 924 289 701 386 296 0 0 0 994 0 147 843 415 0 123 819 352 0 0 0 0 1 0 261 0 0 513 6 270 943 691 35 0 946 414 0 654 0 0 628 706 740 0 643 282 222 740 166 861 0 138 0 0 0 283 0 964 341 643 729 729 0 333 150 950 810 408 375 252 0 619 931 0 589 0 267 519 973 538 0 815 891 993 695 281 347 738 102 35 37 628 444 0 146 470 3 0 757 875 242 206 945 646 604 409 0 502 328 256 461 737 82 949 667 0 453 771 0 287 0 0 0 870 280 0 955 344 411 74 0 613 539 0 213 0 905 218 155 860 643 387 497 443 192 821 522 21 720 0 928 0 100 0 682 0 34 751 306 0 571 771 0 286 110 679 845 522 782 0 0 824 0 901 0 743 0 931 0 498 616 0 0 391 
222 0 670 0 0 172 0 0 33 378 523 695 539 381 0 333 885 0 946 0 264 824 138 738 24 191 969 448 584 440 818 0 675 786 823 712 202 5 474 117 0 3 0 0 623 253 651 24 434 252 0 0 399 125 0 0 0 42 573 573 482 0 0 465 0 615 613 530 403 305 718 865 531 593 543 669 571 224 417 613 818 77 711 37 0 447 270 0 192 401 0 291 0 0 239 0 79 550 0 665 504 574 839 858 579 707 0 0 797 0 427 0 446 304 596 571 0 0 458 558 0 0 612 802 486 993 957 0 0 794 0 253 678 335 0 382 143 29 578 806 461 477 446 0 776 95 27 555 332 7 0 571 972 155 661 811 0 92 0 0 0 0 217 653 261 0 223 31 0 199 559 0 441 641 646 534 635 560 120 0 27 934 545 935 797 60 541 65 156 201 106 617 433 47 883 169 0 467 0 0 423 369 273 605 649 0 376 455 0 225 0 0 416 233 0 226 981 756 88 622 775 0 666 112 93 43 999 324 550 597 0 0 306 90 179 0 386 457 579 924 0 387 534 0 0 885 356 0 535 0 434 558 161 573 644 220 58 0 0 308 989 280 494 711 445 0 206 305 0 801 436 72 665 0 66 819 106 172 95 783 616 0 238 110 0 631 245 0 0 0 0 0 570 0 703 256 0 526 0 0 0 
783 0 470 0 0 0 0 0 76 0 310 607 73 977 409 150 0 192 0 563 259 132 193 304 558 0 398 975 183 641 0 682 354 0 235 934 0 91 246 595 704 68 0 977 0 0 291 211 0 356 784 0 593 824 408 557 0 199 760 379 593 223 350 987 597 372 0 697 357 0 868 944 0 0 0 427 392 831 0 831 493 0 265 317 775 178 597 0 791 0 982 180 664 777 618 57 101 558 0 586 333 453 0 599 0 208 631 42 443 366 0 0 0 423 0 480 278 430 539 0 576 593 662 0 0 424 208 0 0 72 0 226 54 928 0 161 766 345 241 820 602 260 0 799 684 0 911 96 751 481 0 0 290 854 810 19 0 109 242 38 459 311 126 0 814 986 167 0 262 499 111 0 918 0 113 278 967 762 245 643 300 904 0 265 895 0 461 0 0 0 906 95 654 669 744 576 0 703 106 206 0 0 277 392 725 838 990 0 978 286 812 288 0 0 174 258 765 415 826 136 815 474 556 661 726 0 235 131 946 0 78 968 542 629 601 0 639 0 369 945 660 448 67 694 274 920 0 0 474 533 879 0 337 271 362 388 910 0 731 549 130 160 0 997 637 501 230 585 32 864 278 0 0 292 293 0 0 419 326 960 970 0 437 657 848 610 232 22 583 810 0 0 65 843 117 0 564 141 399 930 442 
764 157 296 0 638 742 33 76 0 446 0 179 0 435 999 235 0 731 22 0 141 917 165 0 896 724 0 0 0 980 614 580 431 0 837 927 705 273 362 0 455 0 0 862 743 215 0 572 287 435 581 835 479 0 14 0 0 940 802 300 874 0 0 0 938 223 507 507 886 414 720 221 223 0 0 479 839 365 0 392 429 817 0 438 638 410 0 151 576 422 479 968 698 0 808 106 24 860 62 957 0 468 387 671 0 810 253 6 0 0 560 531 520 700 0 550 619 0 522 0 357 594 25 191 515 658 259 887 0 0 0 328 938 703 0 335 0 999 34 575 0 819 232 350 66 697 0 918 730 472 268 297 755 731 954 923 268 602 774 809 0 569 989 414 366 0 419 937 0 340 320 865 363 729 130 237 0 43 741 129 903 0 508 858 220 986 108 354 6 0 600 492 0 25 651 103 615 0 0 386 214 907 520 612 907 488 402 261 752 0 0 984 281 0 184 506 508 599 503 144 358 180 978 0 20 522 587 252 52 0 771 187 674 722 271 280 0 587 860 156 0 752 840 388 652 806 64 860 768 569 0 656 47 0 339 0 734 0 634 22 964 0 0 586 0 901 0 598 561 0 481 0 603 583 181 70 0 91 986 225 0 656 771 324 467 412 386 0 156 303 407 0 436 0 0 663 0 116 89 472 380 
0 392 29 0 146 645 378 0 446 0 514 489 0 893 746 506 81 127 471 0 0 534 479 874 153 935 955 0 35 871 707 0 994 0 0 968 757 478 0 666 494 863 874 0 0 372 127 182 652 319 0 0 347 619 314 168 0 19 512 0 902 957 48 299 0 453 882 401 331 454 783 129 302 824 760 51 538 589 674 0 882 661 701 556 365 496 526 349 692 360 428 0 634 251 760 698 354 700 164 899 0 742 278 365 748 648 343 394 949 0 911 690 56 164 0 677 938 655 945 0 721 460 320 496 0 0 881 49 0 750 943 142 321 506 0 497 54 452 224 692 414 598 805 355 228 575 184 753 680 156 858 285 317 818 0 1 320 667 472 545 0 925 916 226 985 449 377 858 891 0 13 897 922 0 872 57 112 136 283 580 702 182 593 852 0 0 0 525 306 187 46 654 198 249 899 438 221 577 843 559 0 0 350 599 808 906 959 0 0 886 0 891 345 259 907 375 341 0 0 767 539 420 913 609 477 949 701 117 545 232 382 26 913 884 172 410 0 985 656 297 415 186 553 850 801 695 804 607 203 345 0 454 0 420 696 928 137 127 0 965 570 0 0 539 881 92 714 0 491 861 528 550 411 997 907 403 745 928 447 677 342 0 242 897 0 0 0 574 384 254 141 0 0 869 991 509 876 0 531 0 682 
390 45 927 842 971 180 523 310 0 514 0 829 780 663 0 884 908 649 831 1 243 303 541 0 0 217 0 741 199 349 0 728 801 0 349 0 838 669 249 297 20 706 661 680 854 0 674 0 563 553 0 0 166 986 0 814 407 33 205 639 671 171 0 813 0 0 373 103 0 904 285 0 970 550 556 74 0 0 996 499 598 360 768 155 0 890 352 116 962 903 54 196 362 0 409 946 24 63 314 0 647 622 0 0 0 63 585 0 509 0 188 451 903 502 295 374 310 292 0 57 0 639 519 108 0 674 382 899 623 409 109 249 844 299 21 0 978 488 402 102 0 0 0 915 303 0 398 86 341 151 714 231 0 747 0 114 177 645 724 22 705 640 0 0 578 0 0 3 0 697 361 685 72 0 466 778 280 0 0 337 0 640 0 872 0 0 406 0 949 553 488 0 0 0 183 390 802 545 197 62 469 0 564 998 683 186 0 488 349 833 419 668 394 206 949 866 0 0 0 0 657 565 725 0 179 639 423 3 201 0 0 213 682 155 624 0 0 0 817 169 189 0 263 0 0 899 805 21 686 0 174 372 392 665 324 788 600 0 260 0 0 429 507 480 685 0 0 357 514 922 249 941 628 650 0 448 545 951 379 0 0 0 0 610 932 236 191 0 658 294 379 0 602 326 937 479 908 20 573 596 90 
707 274 209 0 115 684 695 607 179 489 829 0 0 0 0 646 555 0 0 488 833 0 926 980 0 0 97 0 0 0 611 944 451 451 0 263 539 757 182 169 290 0 411 0 524 760 0 348 596 62 120 388 0 0 0 74 231 0 0 193 515 891 438 694 0 0 735 894 839 0 330 0 610 27 631 0 705 512 0 870 431 0 835 878 0 977 473 779 434 699 292 755 506 995 63 908 911 66 999 0 55 203 185 0 0 783 168 0 60 0 923 615 140 0 482 16 384 278 7 789 913 0 701 806 112 642 0 333 48 444 283 802 764 174 131 885 0 416 495 977 493 0 834 418 0 112 935 0 262 0 957 899 757 567 735 0 758 0 855 0 388 874 452 985 501 998 39 873 86 845 317 596 155 203 0 975 0 651 0 947 81 612 102 0 829 997 993 54 834 810 714 245 0 571 0 15 896 830 0 55 0 260 358 13 0 226 414 73 694 678 146 971 153 416 556 0 956 572 457 704 597 889 116 499 32 266 0 204 659 559 807 922 119 156 711 581 0 791 828 425 893 333 571 119 0 0 810 0 554 0 982 0 167 501 393 412 960 0 399 657 0 0 0 782 979 0 0 146 981 289 317 362 803 631 803 855 43 93 0 773 879 0 731 235 0 679 318 672 469 0 297 0 475 0 114 732 755 0 613 383 0 
648 154 342 0 457 405 539 73 0 0 780 0 0 301 302 236 234 901 105 23 943 0 0 733 182 0 69 0 231 424 920 981 0 633 0 441 898 291 686 739 194 397 537 719 858 379 91 79 778 0 562 849 165 0 392 923 0 638 356 413 616 660 569 0 0 648 271 526 348 0 0 0 688 759 763 956 0 134 724 333 147 230 272 0 0 828 78 331 286 855 994 939 998 715 331 0 915 109 75 31 0 434 886 516 16 0 0 250 208 706 559 0 974 193 504 160 113 726 76 16 527 0 0 822 0 0 306 623 331 62 254 323 177 401 207 738 0 0 0 692 441 0 12 863 544 880 0 38 371 0 708 307 697 208 184 836 592 81 448 967 0 259 489 325 897 0 621 836 795 0 523 633 674 598 752 300 554 389 840 0 655 952 0 519 312 872 762 757 558 503 0 576 419 421 997 394 134 0 335 137 623 789 778 0 403 480 0 0 872 397 668 968 782 506 785 0 570 157 30 0 576 438 757 557 868 368 885 684 530 418 680 88 0 848 177 11 564 29 989 839 958 935 686 724 0 606 0 972 146 0 698 117 641 11 386 762 765 245 645 486 0 92 194 0 0 838 909 793 580 0 199 552 132 0 844 69 123 0 294 243 60 169 0 0 923 251 50 0 652 250 815 626 859 551 820 427 420 969 206 621 810 
78 318 871 0 460 30 381 977 435 893 663 0 301 0 109 430 604 0 0 798 107 0 256 856 0 135 446 256 734 0 531 587 173 640 821 546 311 97 321 767 468 603 0 0 64 728 832 123 750 507 0 0 375 754 0 285 535 324 0 859 654 816 783 952 23 121 43 908 121 54 744 982 746 563 0 980 485 237 268 748 598 477 896 432 638 206 870 0 173 0 361 939 12 521 0 783 611 0 0 207 947 130 0 0 455 246 466 531 780 0 879 38 883 715 693 0 719 432 933 378 548 167 183 0 957 0 886 658 794 0 916 425 648 260 376 608 925 286 0 0 744 0 479 857 434 303 753 310 833 0 373 0 0 275 0 0 514 954 209 773 464 0 121 299 195 0 622 725 931 755 0 43 93 796 221 884 122 781 769 79 420 0 748 482 701 619 228 950 356 742 365 0 0 57 883 405 232 509 496 643 519 886 165 177 266 740 426 70 0 464 0 0 0 0 612 968 607 428 743 0 0 354 574 0 965 726 0 254 875 963 859 0 306 456 102 633 658 0 0 72 0 0 0 38 389 0 802 689 0 400 523 407 0 0 782 0 654 453 0 620 339 0 722 0 0 0 19 109 0 0 660 349 477 619 369 0 0 647 21 813 37 534 95 0 520 484 617 739 841 0 696 0 147 637 915 508 0 411 0 292 541 
603 477 0 437 411 0 0 409 999 746 0 0 302 109 0 972 297 543 0 741 870 366 18 0 185 587 953 678 0 191 475 781 507 515 363 471 248 880 0 138 0 481 505 887 970 798 113 0 809 859 122 583 242 0 515 67 803 0 121 702 772 32 842 536 0 866 729 0 0 966 389 292 567 840 110 203 811 769 847 45 179 0 0 870 378 597 912 0 659 0 852 466 94 0 552 209 148 36 738 796 174 589 890 951 0 315 605 396 886 682 651 25 232 252 203 788 378 0 785 0 0 0 814 317 0 576 43 53 0 726 630 0 0 0 0 140 0 569 0 0 629 834 316 0 346 0 23 0 0 672 0 134 0 188 56 588 464 291 249 908 860 316 49 625 598 936 567 0 920 977 144 409 735 760 0 0 404 500 812 464 0 580 330 0 931 427 762 321 966 145 392 420 257 676 0 42 368 539 558 78 219 974 818 431 199 941 770 891 776 584 0 0 93 0 898 917 91 646 41 990 715 0 0 0 427 718 0 673 0 639 716 0 791 812 0 559 0 463 401 417 633 9 0 182 0 489 965 0 847 619 186 906 220 512 0 112 677 0 599 0 0 0 891 992 0 0 268 864 85 263 371 980 247 445 350 380 465 147 243 0 668 576 133 211 95 350 310 0 39 102 451 649 836 167 574 0 963 429 152 618 755 
640 364 79 184 363 0 333 150 235 506 884 646 236 430 972 0 935 0 313 532 632 573 589 151 438 25 0 783 0 112 609 29 0 973 903 914 165 862 47 40 402 94 725 0 686 676 56 705 0 0 0 506 721 197 318 0 0 510 433 666 645 157 923 772 0 0 471 843 0 689 786 700 933 0 792 172 0 990 346 217 926 47 0 0 376 601 711 794 837 430 600 0 211 0 0 342 423 102 746 251 644 534 758 562 0 872 0 691 746 488 475 728 150 712 375 787 0 552 142 0 594 0 369 851 0 919 0 815 0 0 655 523 525 54 0 328 356 379 0 938 167 0 553 0 307 253 670 497 554 571 727 565 582 154 193 0 0 437 998 56 754 161 0 0 48 242 694 563 291 791 510 81 396 221 839 557 0 0 258 739 412 398 0 25 884 892 812 295 921 899 4 0 729 926 856 432 286 663 68 65 564 763 290 275 0 802 248 958 320 166 149 112 895 111 691 20 67 0 768 605 784 92 809 122 920 268 552 546 459 187 0 949 607 645 372 346 842 0 505 0 0 736 42 504 0 175 799 515 0 692 249 0 659 0 513 779 35 0 397 874 732 669 0 201 284 851 958 92 882 0 919 0 873 446 902 640 356 784 114 0 0 139 0 469 854 0 0 871 0 276 154 0 580 0 730 0 921 627 914 376 0 
0 838 804 469 363 952 885 0 0 81 908 555 234 604 297 935 0 0 954 922 608 837 0 200 814 0 214 843 0 0 859 666 0 744 0 351 576 844 514 947 543 875 626 0 283 3 0 347 962 578 0 0 924 107 193 0 635 214 0 0 238 0 0 0 311 837 74 0 242 288 120 164 0 968 750 539 742 419 435 256 92 683 0 0 0 0 110 797 0 515 358 0 340 219 453 483 0 995 0 361 777 911 257 990 593 0 51 864 820 133 0 177 935 0 510 791 536 540 138 756 736 933 800 928 407 0 0 549 0 0 0 387 64 254 569 0 62 0 356 163 569 19 0 0 141 860 911 488 407 259 0 41 581 0 199 562 688 67 0 0 0 0 98 0 413 207 624 603 499 0 0 429 570 0 119 494 951 0 0 249 439 0 851 0 528 0 449 775 71 24 745 456 978 823 91 178 477 254 252 322 143 635 397 949 0 997 882 468 258 291 0 868 55 0 322 433 72 0 684 0 0 227 0 0 477 440 302 0 531 253 673 174 759 631 0 907 0 761 495 0 0 357 225 577 942 0 825 0 506 914 253 475 397 958 119 387 0 166 787 900 715 857 104 958 550 0 974 827 179 945 79 248 57 336 294 0 819 487 0 883 868 0 301 434 0 327 0 0 211 0 0 576 566 100 0 138 0 0 373 0 261 
0 755 0 315 637 291 0 192 731 127 649 0 901 0 543 0 0 0 261 351 100 0 439 778 770 143 307 903 18 78 257 989 464 419 301 556 780 570 485 92 984 978 938 398 593 0 693 29 0 0 0 369 231 480 320 404 0 65 0 305 162 0 0 823 33 337 0 227 621 24 275 0 0 0 852 48 873 296 454 0 0 242 0 569 0 0 685 0 978 115 0 514 666 836 873 113 603 400 740 580 854 0 705 482 0 408 880 0 639 0 447 318 409 786 987 410 999 154 857 378 878 834 0 913 390 97 497 325 0 0 315 0 573 367 530 372 583 604 0 986 0 607 49 0 182 626 673 274 603 410 376 767 180 517 878 89 50 922 0 207 0 0 685 0 906 366 0 0 889 792 233 817 956 29 0 950 335 978 0 0 989 488 687 0 497 625 791 0 335 86 915 299 731 519 0 344 461 0 857 485 0 820 0 954 679 330 653 678 704 558 17 283 0 48 709 0 0 707 876 0 617 769 227 876 147 0 0 671 0 444 343 55 457 955 0 960 357 660 0 891 231 805 798 180 22 261 662 595 0 645 885 950 615 654 267 734 498 253 927 560 282 375 0 782 624 801 580 191 500 487 0 720 0 0 650 0 596 680 0 39 471 0 0 0 11 0 325 12 866 914 775 563 0 289 100 937 496 0 397 1 521 
406 229 0 0 751 90 946 0 22 471 831 0 105 0 0 313 954 261 0 789 323 826 0 0 211 0 760 706 988 610 102 160 86 282 410 854 614 426 175 470 756 138 0 494 916 729 834 0 111 0 0 957 287 363 0 300 523 522 0 756 359 116 148 852 614 0 489 0 270 75 503 0 0 13 557 0 0 0 352 785 106 861 0 5 649 0 124 246 665 560 0 0 565 678 167 41 636 798 201 328 0 769 0 993 0 51 966 838 323 739 66 335 741 39 694 404 959 0 0 194 997 0 939 789 517 386 617 67 773 107 442 0 371 0 759 350 903 0 0 348 166 508 552 354 404 0 785 819 222 772 455 0 0 120 0 173 0 147 367 99 264 270 935 761 432 0 806 137 174 586 953 0 242 0 0 611 257 0 0 107 915 0 428 869 0 525 237 928 102 254 755 531 368 174 74 157 572 911 76 966 309 0 23 528 0 655 320 375 157 370 0 220 810 706 858 48 0 402 912 814 275 332 615 720 0 82 499 328 0 0 131 0 0 854 0 806 611 126 837 450 593 0 928 950 387 618 0 179 670 0 952 728 644 980 644 880 667 969 521 797 96 0 160 196 107 169 0 1 505 0 645 974 292 0 0 802 0 584 213 810 229 0 0 308 262 35 994 0 0 520 812 53 48 18 751 596 683 979 534 544 189 
614 180 76 743 797 140 0 563 0 0 1 488 23 798 741 532 922 351 789 0 760 363 920 873 958 396 617 507 0 348 138 322 986 347 11 250 436 205 0 0 301 40 672 83 0 260 664 375 76 237 28 0 788 163 708 0 971 620 550 468 138 0 488 445 986 737 675 659 858 805 749 871 729 279 925 690 491 0 352 584 478 0 793 611 0 151 0 294 790 914 0 0 104 335 134 0 214 186 130 994 69 599 317 0 976 392 0 263 0 486 0 245 97 0 0 985 49 138 171 0 265 86 922 587 720 822 179 702 403 29 581 0 380 184 0 229 0 378 167 510 211 369 593 917 0 269 582 247 961 305 281 0 761 0 0 276 669 0 566 540 0 0 42 366 887 202 842 233 382 479 0 0 955 0 981 851 365 914 0 654 560 0 0 214 0 326 412 0 0 714 674 0 474 0 654 357 492 31 0 552 614 31 625 627 0 361 811 451 54 618 421 927 0 513 959 846 398 397 598 393 202 419 875 510 684 497 0 0 860 0 629 0 688 163 280 65 808 907 86 286 0 0 0 488 676 0 920 2 0 787 823 193 0 0 486 539 0 501 716 316 0 738 447 548 841 564 762 872 448 456 86 203 249 313 363 0 627 320 0 171 0 0 0 0 296 0 783 59 238 0 38 617 0 486 195 0 188 317 363 661 871 
950 0 36 776 493 324 264 259 141 0 243 833 943 107 870 632 608 100 323 760 0 620 908 103 717 0 0 0 0 811 734 809 239 96 769 524 0 0 160 478 586 242 447 0 0 889 925 453 189 446 0 0 0 352 647 102 523 742 876 493 764 445 0 930 929 0 297 743 719 552 0 893 981 954 0 620 269 103 425 356 444 0 0 495 0 277 76 95 813 428 810 0 598 839 766 716 0 0 693 895 825 609 306 343 0 16 635 0 325 0 742 922 383 235 952 769 381 643 0 546 209 970 396 661 0 220 843 752 222 181 728 495 16 312 298 779 0 596 938 0 557 55 574 0 294 957 991 455 0 599 0 0 688 0 149 0 274 580 369 581 0 679 911 634 606 0 886 817 828 100 924 539 489 470 80 899 0 0 18 0 0 157 176 116 611 442 740 0 0 0 0 668 648 657 502 0 42 0 149 452 667 997 0 421 250 73 0 854 691 643 815 638 829 625 973 381 0 94 414 172 0 330 573 551 773 0 868 329 285 67 0 139 504 0 0 336 807 75 452 983 0 998 330 0 572 603 0 0 310 895 67 852 0 104 636 280 0 0 455 832 607 250 0 348 246 0 72 830 0 146 271 80 230 982 378 0 0 496 0 821 634 0 999 354 632 472 228 404 0 660 0 635 312 0 99 269 623 0 553 964 403 
843 40 698 630 851 0 824 132 917 534 303 0 0 0 366 573 837 0 826 363 620 0 945 666 0 992 0 381 43 196 518 0 509 668 574 0 255 0 872 802 33 205 558 0 294 0 893 0 0 988 277 266 346 414 0 848 810 0 495 0 770 752 344 806 360 229 339 855 65 0 414 0 957 610 566 475 177 555 117 969 144 515 656 272 0 0 0 124 251 0 747 99 589 720 792 996 407 0 786 718 0 0 524 242 188 936 530 612 0 0 342 439 505 0 62 943 586 741 415 0 514 287 136 740 527 0 545 0 214 442 186 304 97 589 672 813 133 456 14 238 219 899 268 0 0 853 0 0 0 458 0 596 364 176 27 600 574 343 263 6 0 78 16 471 194 751 0 0 424 301 963 191 851 0 0 0 486 0 907 202 598 453 24 677 177 0 0 752 688 79 565 416 0 291 317 0 824 511 33 0 0 681 879 183 562 308 0 756 803 334 926 328 57 342 670 106 0 486 486 0 818 792 0 133 0 682 0 0 0 0 360 157 991 141 0 126 27 0 326 0 729 0 572 520 714 162 0 253 183 741 448 69 843 0 84 871 858 947 729 825 473 987 414 0 0 414 0 0 99 421 881 338 495 761 0 421 4 166 294 416 287 664 224 539 578 600 169 0 524 9 309 0 0 0 133 0 0 746 660 202 938 
502 0 282 71 0 162 138 193 165 479 541 926 0 256 18 589 0 439 0 920 908 945 0 860 544 0 85 375 719 867 0 170 0 698 0 312 364 0 152 322 459 992 554 124 0 520 0 168 0 77 503 719 430 692 131 893 918 405 867 37 859 198 702 281 0 488 0 156 0 0 398 361 992 160 348 0 116 0 0 0 976 540 679 320 24 0 299 860 847 0 701 0 241 299 0 0 0 49 136 752 857 745 502 555 40 0 408 246 148 980 261 0 0 423 445 585 95 261 563 887 927 873 0 658 891 809 86 508 471 349 0 0 303 628 296 3 93 41 9 413 98 0 107 924 424 694 298 355 0 465 512 201 719 127 943 764 922 0 996 577 0 85 620 0 42 209 0 180 85 677 306 243 377 0 368 255 511 0 213 0 332 0 0 0 61 189 0 635 0 656 81 308 841 620 881 689 0 291 572 582 0 897 817 186 0 870 131 741 516 688 5 830 841 256 571 0 0 419 98 0 228 843 0 233 987 0 986 427 340 432 0 736 42 428 0 489 0 668 0 0 145 901 552 794 710 581 0 720 704 57 0 393 772 756 634 183 0 779 913 314 0 0 0 939 0 0 33 784 21 760 327 13 0 192 337 161 885 228 19 484 0 836 680 0 743 32 804 242 399 706 0 0 921 515 0 22 0 86 715 264 671 
412 567 0 0 862 40 738 304 0 874 0 980 733 856 0 151 200 778 0 873 103 666 860 0 184 0 0 666 0 975 881 0 354 27 558 442 353 859 860 763 671 0 784 90 0 561 959 0 8 842 165 773 100 327 0 0 857 116 0 0 657 661 958 792 945 251 454 974 363 519 570 571 0 313 805 0 177 711 0 564 314 48 929 0 0 455 0 743 556 248 922 663 982 23 0 636 97 430 0 609 991 685 0 428 361 0 386 815 57 619 761 0 0 613 751 104 63 1 0 196 0 739 714 581 260 0 779 393 0 734 951 461 0 0 934 887 576 165 0 539 0 157 26 359 0 0 274 0 63 0 377 0 169 771 536 616 230 471 26 269 0 9 88 0 364 795 0 870 697 728 0 80 869 654 0 162 502 0 0 998 0 493 433 715 709 245 881 683 67 0 0 217 0 525 659 607 64 0 462 64 743 39 454 910 58 0 392 645 474 786 0 995 974 93 678 228 197 75 235 505 514 0 0 651 300 0 701 0 493 116 0 0 586 723 0 0 282 461 998 208 817 0 602 0 315 822 781 677 0 753 0 605 822 742 959 917 127 280 87 0 758 744 0 623 0 806 358 950 738 322 377 394 0 455 522 896 0 0 44 561 787 608 433 0 0 122 439 132 818 571 937 188 0 830 716 0 553 0 425 803 982 
438 478 0 336 497 89 24 558 896 153 0 0 182 0 185 438 814 770 211 958 717 0 544 184 0 38 813 415 115 117 133 634 473 85 16 385 54 645 48 885 0 13 614 0 0 0 677 0 0 47 980 234 851 362 272 305 0 44 843 0 982 497 947 624 420 0 0 663 274 398 0 870 0 351 813 91 574 0 387 181 258 151 822 261 87 417 0 0 647 841 0 483 61 253 665 358 979 0 841 394 394 0 929 0 961 0 392 198 0 0 596 945 493 0 640 901 281 803 257 835 201 444 0 0 951 0 150 616 31 107 591 60 539 228 738 414 24 334 0 10 553 897 0 428 834 964 789 482 325 0 0 0 616 716 122 338 110 0 453 636 0 119 965 319 680 256 237 219 0 380 458 584 151 0 332 166 243 0 259 889 0 893 321 486 487 0 0 146 382 0 473 119 648 745 55 0 885 0 719 0 320 0 600 377 533 927 877 0 0 286 0 0 663 118 0 73 693 533 219 470 652 0 835 0 0 912 0 254 32 993 0 343 0 480 0 497 384 379 797 811 557 182 353 845 0 967 719 218 623 847 188 0 0 490 0 558 598 521 0 218 280 0 149 0 496 0 942 458 101 286 417 83 723 0 0 0 369 219 220 141 918 548 620 417 0 571 426 125 0 0 766 613 797 471 0 779 709 812 791 293 592 
0 0 0 876 524 941 191 0 724 935 217 0 0 135 587 25 0 143 0 396 0 992 0 0 38 0 608 0 677 434 948 588 914 161 647 586 550 794 551 621 399 883 430 747 119 173 657 68 0 8 849 826 0 0 643 619 986 256 928 832 745 91 899 431 568 69 368 476 455 469 113 822 0 794 0 0 381 103 0 790 283 784 271 682 155 0 0 656 949 0 195 597 0 26 226 0 841 577 0 309 134 697 260 911 353 475 177 607 0 260 429 0 546 842 0 734 866 453 0 486 539 381 605 81 906 141 989 39 560 146 531 0 0 234 420 727 0 877 593 0 759 859 23 0 529 51 904 0 315 237 387 485 239 358 0 716 509 686 534 770 0 368 0 289 509 837 404 0 461 812 0 558 246 500 0 478 78 132 461 564 90 139 0 894 0 423 780 839 125 996 922 168 200 751 845 5 0 878 656 0 70 0 333 513 16 226 0 814 896 542 0 0 1 739 0 296 732 725 613 722 404 937 946 0 0 696 148 769 793 587 146 709 586 798 407 884 421 219 443 0 576 749 478 794 860 233 0 566 215 0 71 882 820 384 241 0 916 744 559 597 294 488 585 454 597 89 813 303 895 999 0 416 536 540 0 113 972 147 63 0 288 0 712 898 98 657 894 242 142 0 632 0 7 206 0 386 0 480 121 958 854 
883 888 0 997 0 0 969 398 0 955 0 97 69 446 953 0 214 307 760 617 0 0 85 0 813 608 0 55 0 70 948 414 370 0 220 721 885 961 992 404 802 0 26 828 296 803 550 411 0 19 0 194 886 531 694 56 336 0 926 0 366 573 816 67 325 0 431 546 0 559 747 0 655 813 543 0 68 613 377 817 856 121 0 890 486 0 323 931 363 773 702 830 682 0 454 553 0 0 680 82 341 392 0 0 281 572 91 697 0 0 426 240 600 121 0 0 177 89 386 572 412 484 270 345 0 0 0 640 480 753 534 702 0 80 398 208 946 0 860 0 396 355 990 258 234 844 0 794 628 0 0 484 282 0 738 591 0 888 494 235 534 62 331 68 387 877 0 0 430 989 0 702 695 912 908 783 991 887 692 958 749 671 0 799 0 138 440 308 755 758 32 264 959 0 526 0 72 0 160 690 479 0 687 157 197 0 426 753 784 137 994 931 502 214 643 188 856 82 922 91 946 0 914 0 522 752 860 0 764 980 530 686 0 0 0 582 718 60 578 351 0 510 860 0 542 241 225 416 949 556 676 405 0 0 58 196 363 433 87 641 295 0 733 0 652 768 542 0 801 104 745 771 345 0 34 70 204 699 288 0 332 738 992 47 437 237 782 237 371 0 603 619 851 139 17 805 779 701 503 0 0 
0 362 0 824 488 0 448 975 0 0 741 0 0 256 678 783 843 903 706 507 0 381 375 666 415 0 55 0 0 0 0 754 758 0 594 615 189 70 536 634 711 962 625 176 661 0 296 105 412 665 454 503 134 0 96 367 350 0 19 0 637 645 631 325 805 349 573 810 0 3 602 505 0 158 812 0 620 0 541 814 733 500 555 0 0 975 92 370 307 868 0 545 650 0 0 0 946 0 28 0 0 781 0 12 465 482 0 330 415 388 0 0 0 0 0 271 337 0 200 995 599 301 363 573 991 808 68 213 334 767 672 497 0 351 0 493 104 182 364 0 637 300 562 492 0 0 917 0 882 448 228 876 452 842 0 445 0 409 599 984 515 0 0 0 295 965 143 99 108 79 27 916 173 585 305 618 594 574 103 615 0 310 835 899 505 903 94 730 351 811 121 386 0 223 0 320 0 133 0 0 0 606 281 0 541 559 400 112 859 448 0 492 118 665 621 416 0 0 105 522 876 276 210 644 268 0 145 903 447 441 469 55 473 652 252 196 5 783 0 0 0 9 0 989 0 304 225 0 904 0 0 719 983 554 0 0 577 689 0 68 731 0 0 0 0 596 310 677 508 0 347 503 702 0 100 168 976 139 998 0 0 39 0 808 286 93 331 562 455 187 0 0 599 198 340 723 0 937 333 0 280 
714 422 281 555 982 52 584 183 0 35 199 0 231 734 0 0 0 18 988 0 0 43 719 0 115 677 0 0 0 535 622 647 597 196 693 614 968 0 579 290 317 204 792 126 256 355 0 155 489 0 709 520 97 163 188 0 1 323 0 548 482 905 478 481 372 0 0 171 826 0 0 384 106 227 818 605 0 102 0 293 341 248 809 643 582 20 453 0 0 0 0 372 486 186 824 806 0 0 79 170 898 0 92 874 0 0 0 495 645 0 0 471 926 0 823 634 886 0 912 0 554 303 250 0 0 0 392 701 630 953 469 428 639 229 144 0 0 500 921 874 888 0 113 830 129 82 736 20 0 367 90 139 156 60 480 293 0 553 216 0 503 801 460 354 654 121 503 0 503 491 633 957 0 0 0 329 0 937 519 662 0 0 560 892 686 827 463 858 0 573 0 946 739 840 168 999 0 283 0 864 352 756 256 844 111 0 347 0 711 970 0 167 676 0 756 978 646 821 553 219 995 540 0 0 934 363 717 187 561 975 611 739 274 0 43 160 798 462 461 981 0 845 0 411 0 112 436 0 254 0 267 251 59 786 0 68 974 152 0 502 42 921 0 0 180 626 413 580 206 53 185 0 667 794 172 0 877 0 178 419 463 269 578 550 889 784 582 597 670 54 0 35 583 771 864 27 462 0 94 224 282 
458 37 0 367 461 748 440 641 980 871 349 0 424 0 191 112 0 78 610 348 811 196 867 975 117 434 70 0 535 0 371 830 122 163 0 559 0 673 914 741 0 0 749 0 688 792 869 0 0 865 0 0 997 0 0 795 615 223 856 107 180 708 371 303 0 287 979 253 511 565 711 945 816 381 163 248 370 0 70 938 496 66 0 0 331 902 662 0 747 0 342 753 980 0 510 251 560 0 0 0 96 579 433 0 171 0 370 0 659 693 0 0 0 565 21 823 641 333 783 600 401 236 445 785 406 472 420 460 0 108 337 31 20 415 904 0 335 0 943 475 783 949 704 640 560 668 474 349 728 0 0 490 170 310 68 0 871 27 611 720 474 529 34 351 572 486 729 785 726 370 137 24 762 328 724 294 972 633 587 778 58 47 513 413 0 738 232 240 789 741 350 738 191 636 0 329 800 0 0 0 718 331 511 663 0 0 734 263 0 0 135 563 609 0 192 630 444 674 686 748 3 430 869 838 0 138 707 974 0 808 818 694 205 119 939 610 0 23 0 0 952 883 0 855 0 0 733 0 0 193 414 0 491 623 299 306 158 594 40 425 269 458 826 0 154 0 389 548 810 366 323 660 686 165 935 176 560 266 315 121 411 0 401 117 760 0 699 159 0 88 0 558 491 0 119 527 0 0 0 0 900 
52 294 0 0 267 556 818 0 614 707 0 611 920 531 475 609 859 257 102 138 734 518 0 881 133 948 948 0 622 371 0 772 311 800 0 183 0 537 0 193 212 59 584 411 175 864 883 894 493 215 492 510 631 0 481 482 555 894 426 320 729 363 629 0 245 415 0 0 973 976 604 223 905 61 630 188 196 0 12 282 858 274 195 251 713 860 0 410 0 811 583 278 618 512 0 400 944 253 619 559 556 325 276 464 680 745 0 658 174 36 347 0 404 0 390 116 477 86 707 225 800 141 161 519 86 0 476 290 528 663 0 0 710 995 0 859 0 461 906 870 70 137 0 166 0 568 89 305 261 25 148 452 110 359 825 682 370 663 0 677 0 220 934 740 552 454 67 23 236 955 1 707 873 0 0 0 427 0 0 0 403 3 946 116 559 543 0 148 929 0 329 732 361 0 543 298 0 919 679 995 852 119 769 1 423 0 252 578 132 43 924 529 0 713 103 328 28 958 889 270 71 208 591 198 0 849 0 0 34 0 733 839 253 280 38 0 0 0 40 280 0 0 0 182 76 567 0 0 254 363 790 657 136 428 409 923 464 132 494 704 0 0 0 164 392 619 0 121 897 524 630 436 418 0 197 843 78 133 340 500 783 0 834 147 166 473 364 711 554 7 767 805 891 937 0 297 755 989 0 0 739 
651 219 180 521 983 726 0 682 580 0 728 944 981 587 781 29 666 989 160 322 809 0 170 0 634 588 414 754 647 830 772 0 620 0 0 248 99 0 47 742 318 868 486 345 980 598 264 0 898 0 288 604 195 6 352 779 455 750 456 816 0 129 231 0 0 0 0 52 304 0 0 0 290 89 0 0 0 205 525 233 544 275 239 371 727 0 382 170 918 0 435 992 337 0 0 407 686 214 561 0 550 715 605 986 601 0 190 388 236 14 172 474 626 0 679 39 758 0 812 0 212 0 418 708 701 0 785 780 917 762 0 993 934 10 0 94 750 620 584 0 0 715 913 669 482 879 0 581 817 0 167 532 221 301 75 692 0 463 38 260 182 726 698 503 451 0 747 516 0 0 462 86 364 39 251 266 337 165 0 298 782 0 478 0 415 727 116 0 641 0 136 735 0 914 198 795 132 993 964 190 0 0 166 0 84 22 867 491 219 527 701 705 0 129 413 0 13 0 693 0 0 216 0 0 0 0 247 726 804 0 856 814 487 846 557 909 36 985 599 178 657 385 674 0 0 251 615 0 586 680 958 266 855 967 0 921 912 647 665 0 0 0 395 0 657 945 73 573 600 0 897 0 0 364 0 0 692 0 0 186 864 156 773 0 0 358 0 0 198 805 0 604 667 388 0 805 772 0 0 133 446 
854 0 857 647 3 914 675 354 431 994 801 451 0 173 507 0 0 464 86 986 239 509 0 354 473 914 370 758 597 122 311 620 0 661 366 219 413 963 266 202 920 0 967 638 0 159 125 890 0 515 0 108 950 0 921 7 146 680 87 270 74 671 791 992 631 600 78 0 0 622 717 5 0 963 616 0 233 531 931 634 897 50 922 507 0 367 372 523 548 232 459 958 0 0 640 303 882 17 78 999 673 0 66 688 534 0 158 277 594 88 633 828 339 558 573 589 589 150 0 985 599 523 0 2 0 686 414 149 0 0 157 0 589 0 717 685 0 801 0 897 126 210 551 540 708 509 396 0 954 22 858 0 797 0 0 635 0 287 724 218 636 147 804 429 0 608 611 0 480 177 171 14 893 880 304 647 748 0 147 0 558 286 718 345 0 521 126 265 16 752 763 18 376 987 601 262 530 0 854 811 134 468 733 219 165 883 0 811 311 18 475 42 0 65 998 0 94 698 0 65 0 434 0 993 221 0 575 648 261 0 301 534 630 0 767 240 604 0 0 735 275 0 0 318 943 300 945 533 313 0 960 878 0 261 0 793 0 0 0 0 165 737 0 718 361 238 0 2 133 926 423 402 483 0 0 0 400 881 384 597 894 501 855 365 580 904 466 971 293 392 887 81 824 860 0 76 668 0 773 660 996 
449 896 0 800 0 202 786 0 0 0 0 451 633 640 515 973 744 419 282 347 96 668 698 27 85 161 0 0 196 163 800 0 661 0 0 495 0 999 873 912 778 0 0 952 377 0 0 888 0 868 439 526 893 0 751 0 1 585 801 0 999 553 0 631 476 833 31 423 626 384 518 380 980 0 111 0 811 884 114 448 91 932 798 590 226 4 58 129 0 631 0 185 0 0 142 977 237 100 320 980 454 261 779 833 425 0 47 0 567 0 0 128 301 313 0 887 0 573 616 179 87 464 295 936 983 450 876 722 340 0 145 764 0 188 581 906 0 122 116 807 385 784 320 517 64 81 0 301 75 219 21 0 120 766 374 0 961 860 0 0 364 0 369 566 737 367 845 0 279 935 0 305 846 483 583 201 613 11 869 579 530 402 676 956 887 596 366 0 574 111 0 254 0 451 929 981 915 148 660 994 786 209 85 620 552 0 354 671 56 103 803 862 991 548 0 546 286 930 291 214 111 0 40 0 636 359 873 815 975 218 51 0 240 459 983 781 162 0 547 929 23 0 959 58 316 659 0 132 0 875 758 0 0 0 502 694 718 646 138 784 870 0 324 402 0 0 27 144 596 0 0 580 261 235 873 264 293 385 380 439 782 757 145 0 921 497 220 533 0 837 641 86 0 0 262 960 0 0 676 449 851 
979 184 0 777 617 780 823 235 837 0 349 0 0 821 363 903 0 301 410 11 769 574 0 558 16 647 220 594 693 0 0 0 366 0 0 0 823 879 353 0 0 289 0 564 0 0 838 206 0 603 30 386 888 45 606 844 353 321 0 998 0 72 600 489 807 0 511 578 578 594 30 15 748 486 911 769 649 657 371 105 803 7 51 857 263 388 0 555 386 451 79 158 563 607 806 636 393 380 0 0 803 688 0 633 0 902 0 0 951 0 67 481 0 46 0 142 63 16 773 341 0 222 718 813 250 0 796 369 619 477 412 464 300 253 162 0 108 619 0 435 380 558 970 187 750 808 391 16 177 204 72 0 201 0 523 0 0 0 780 0 991 986 400 229 797 354 0 0 658 0 414 849 95 710 479 632 0 691 951 108 277 244 36 419 0 744 695 0 593 0 949 167 716 0 688 926 0 0 249 19 783 0 617 950 22 644 0 0 471 538 515 156 0 651 882 542 513 727 44 0 437 0 142 100 876 567 229 892 693 0 743 604 0 0 0 0 676 731 792 0 215 869 986 0 603 739 866 19 0 154 0 635 0 831 473 762 161 227 604 527 585 820 184 524 272 0 748 0 556 0 702 409 418 0 0 0 808 9 0 0 245 839 123 491 33 0 177 103 0 420 61 0 843 86 0 0 883 0 978 0 339 
302 0 751 507 0 49 712 934 927 968 0 263 441 546 471 914 351 556 854 250 524 0 312 442 385 586 721 615 614 559 183 248 219 495 0 0 0 405 954 529 0 700 989 0 158 658 0 568 79 553 810 0 550 325 18 283 800 0 0 975 0 195 510 196 544 659 880 773 0 372 0 111 132 69 101 253 378 789 189 254 205 719 262 501 350 0 227 286 117 0 975 510 682 364 444 197 768 887 846 0 0 529 74 765 750 578 642 699 332 0 40 356 412 705 588 678 869 0 362 822 331 63 383 823 537 913 384 41 0 0 224 457 785 691 0 925 904 0 0 358 171 8 408 225 201 723 863 643 0 296 746 0 280 992 0 932 301 450 0 7 0 282 0 311 0 388 718 871 0 562 66 444 302 173 946 0 79 0 782 857 136 439 0 0 196 273 783 731 263 972 747 700 953 351 742 0 368 0 803 778 203 398 307 976 185 566 0 746 0 298 0 272 170 978 0 635 963 138 188 354 650 3 417 0 972 253 428 659 17 983 952 413 0 627 418 738 577 0 434 949 0 0 369 556 0 0 459 796 0 394 86 525 6 747 218 73 805 921 0 898 789 103 318 965 977 569 843 164 0 267 662 717 37 531 852 0 622 77 0 929 991 203 926 958 413 498 0 392 157 977 431 0 161 0 359 328 928 0 0 62 302 
441 706 0 183 900 0 202 0 705 757 838 539 898 311 248 165 576 780 614 436 0 255 364 353 54 550 885 189 968 0 0 99 413 0 823 0 0 952 0 0 530 12 0 415 0 551 104 125 0 32 20 844 996 173 728 677 476 271 420 351 484 0 985 124 976 13 0 0 0 0 567 972 0 0 652 0 89 150 32 0 0 0 774 0 812 0 645 0 281 857 47 799 0 864 564 369 120 702 490 73 394 313 750 739 680 885 698 0 15 58 177 898 801 0 0 0 0 913 854 826 245 189 0 0 191 587 542 362 918 194 5 903 122 0 169 312 0 382 810 967 947 0 398 0 566 434 846 608 174 589 847 978 413 736 579 884 667 0 456 0 180 228 509 0 430 409 0 0 897 0 744 776 0 133 871 0 134 182 619 906 456 0 317 491 636 641 434 640 0 607 516 0 0 770 100 794 0 0 146 763 167 105 690 628 0 144 326 290 0 0 748 0 0 802 380 6 907 546 397 0 214 935 696 268 496 483 710 91 683 408 753 569 443 991 0 302 402 0 923 799 132 342 897 0 0 225 749 176 0 220 795 595 823 61 44 201 521 202 0 0 235 639 0 167 575 0 343 834 728 628 421 896 114 828 0 852 900 0 665 206 0 270 187 56 0 855 50 319 857 635 436 367 868 519 0 648 411 373 0 519 993 
0 700 0 894 0 825 5 91 273 478 669 757 291 97 880 862 844 570 426 205 0 0 0 859 645 794 961 70 0 673 537 0 963 999 879 405 952 0 181 155 385 141 667 39 638 494 107 818 600 280 0 0 987 0 0 156 0 869 810 0 0 304 0 136 0 841 728 0 206 491 141 288 0 434 24 308 0 701 551 0 0 513 955 0 648 0 786 945 543 481 0 738 0 987 187 847 0 740 0 292 868 0 464 728 0 0 216 781 150 137 0 871 333 246 927 630 257 432 91 970 0 943 201 984 921 917 168 0 256 370 32 861 178 0 203 937 492 0 0 563 453 42 398 508 0 152 218 322 675 770 715 690 258 265 110 299 146 0 779 241 0 237 967 0 417 691 0 158 39 300 0 181 213 0 67 0 272 0 0 315 563 304 0 806 208 81 961 314 0 378 442 919 153 394 257 0 0 584 327 59 619 0 785 363 0 551 205 781 0 171 423 0 167 211 617 447 0 0 504 646 0 199 0 273 930 0 102 0 0 579 607 0 279 304 459 284 36 0 285 0 445 0 641 523 613 233 67 235 1 374 0 0 275 883 776 881 261 189 370 407 0 439 345 244 39 24 300 353 372 599 0 30 469 487 0 0 658 907 800 91 0 177 195 187 442 65 508 0 984 955 401 451 0 0 962 454 185 930 432 113 0 
