0 528 689 0 527 0 602 785 937 0 450 0 411 514 0 989 290 634 4 12 861 0 733 27 630 717 0 809 675 423 25 883 166 160 404 0 985 69 957 770 0 437 326 176 591 0 838 0 18 26 327 729 281 0 0 953 725 0 0 849 193 191 724 967 0 448 426 741 334 0 0 526 238 0 521 873 509 122 969 206 579 847 97 145 216 461 0 6 224 0 557 565 0 0 369 46 176 684 820 963 949 739 0 604 924 0 101 650 0 314 493 900 0 796 465 736 74 171 0 0 388 659 757 503 508 0 682 635 881 0 437 302 0 519 0 736 762 0 823 582 18 821 6 0 656 721 595 463 723 0 150 530 167 222 657 0 412 278 827 186 522 533 0 896 239 460 680 201 170 759 0 328 951 996 801 848 900 490 0 312 112 864 827 803 536 896 0 457 48 232 751 220 0 395 225 169 
528 0 0 449 0 0 261 574 791 611 592 199 378 381 330 677 77 749 588 93 506 0 436 0 370 0 133 0 0 129 454 373 0 606 0 560 112 115 143 39 36 542 866 941 544 949 353 553 506 0 550 275 0 223 73 571 0 745 882 859 192 827 0 296 433 899 17 115 767 389 0 502 0 313 796 188 0 422 91 0 935 409 0 718 0 486 254 113 557 896 238 84 573 826 911 44 983 734 0 870 106 0 749 395 664 120 282 0 731 506 528 321 352 674 26 343 216 0 591 0 994 235 454 227 967 927 724 817 0 0 0 999 161 510 592 0 589 107 847 420 937 685 209 0 464 926 984 379 0 643 7 230 593 0 0 794 336 607 917 194 55 0 923 115 0 0 665 203 971 0 356 723 859 922 0 756 258 935 682 524 902 299 0 342 67 808 895 460 0 446 768 710 335 0 225 48 
689 0 0 778 240 0 752 466 849 733 498 121 0 275 710 144 0 0 894 843 542 783 88 729 826 720 192 436 402 638 21 808 303 161 756 0 0 689 775 859 466 956 0 0 0 0 428 268 818 0 0 0 341 0 76 0 990 216 571 756 486 387 451 150 484 0 885 214 61 114 894 393 314 0 856 0 367 0 571 773 0 411 603 523 593 592 0 772 810 173 829 553 202 0 258 122 501 0 0 0 399 262 925 0 659 262 899 311 939 847 0 764 353 332 267 417 113 0 547 649 0 204 0 103 40 543 68 958 217 217 263 270 663 373 751 0 44 0 130 673 923 583 0 75 26 415 250 174 378 0 381 0 246 728 987 72 314 86 612 0 335 904 48 0 45 699 0 310 325 828 29 726 0 0 859 152 304 682 620 951 990 878 742 75 862 90 608 668 921 65 205 376 0 0 566 0 
0 449 778 0 0 0 34 207 572 945 425 115 228 572 453 508 900 324 85 0 24 809 0 993 0 578 405 0 76 743 640 964 0 53 510 575 0 925 0 380 666 661 592 120 864 0 1 677 802 0 0 781 386 432 0 106 0 851 24 0 0 447 874 988 91 0 70 246 0 993 340 0 0 827 186 451 121 279 476 908 756 140 0 2 721 399 0 574 175 0 0 0 0 0 573 656 400 0 698 652 169 33 547 926 181 0 599 0 0 7 503 274 380 548 0 615 483 533 14 117 606 0 136 594 779 521 667 830 209 86 938 372 532 790 535 0 134 173 113 187 78 69 922 804 163 0 948 462 169 0 0 58 0 255 330 240 0 318 0 832 872 549 299 235 911 662 0 0 0 621 389 947 0 331 560 62 0 938 0 615 121 183 941 715 894 746 595 281 925 777 263 258 0 0 782 0 
527 0 240 0 0 723 659 0 590 39 679 294 0 326 569 0 0 0 96 986 30 0 400 578 0 107 0 0 0 607 618 973 216 397 0 652 360 939 383 847 0 657 159 510 570 0 656 593 639 437 0 0 18 660 534 0 100 0 238 0 0 0 296 0 419 464 386 505 944 0 186 40 0 0 481 664 582 0 274 0 109 0 144 0 906 161 0 469 837 861 0 131 248 647 0 168 847 639 449 0 367 781 693 47 184 758 353 568 29 594 531 0 998 665 123 0 384 764 0 0 706 728 0 448 0 782 2 111 184 670 891 0 113 36 764 386 806 539 445 0 709 0 184 587 0 135 985 476 0 0 185 991 218 886 0 295 724 815 817 192 2 0 87 369 380 988 399 668 341 304 767 638 975 713 967 327 0 0 0 557 0 15 0 295 668 582 626 48 0 166 307 656 576 606 172 511 
0 0 0 0 723 0 620 0 590 713 769 245 833 485 0 451 534 974 91 106 853 0 740 231 255 513 0 209 0 524 568 472 0 0 697 0 0 960 239 56 0 539 709 0 0 683 0 0 248 931 382 614 419 209 110 0 28 681 749 485 0 595 811 239 524 309 815 0 935 930 176 516 459 618 131 107 0 705 0 45 274 715 0 252 0 838 420 975 0 488 0 197 310 218 333 313 0 963 778 0 479 0 0 663 757 725 957 454 0 963 987 800 268 740 64 630 814 4 723 350 803 804 658 175 566 196 0 311 552 0 0 101 999 347 0 763 782 764 605 0 662 647 235 969 661 596 505 224 0 0 383 479 197 0 0 33 743 773 412 593 6 719 642 790 698 352 776 0 657 170 40 0 532 376 944 184 686 484 923 734 734 920 0 496 359 913 518 126 841 592 0 0 454 315 0 862 
602 261 752 34 659 620 0 860 0 0 329 474 578 0 692 200 237 433 543 0 780 60 561 0 172 0 569 183 0 215 136 796 529 462 489 0 385 601 797 712 890 796 61 0 0 770 0 634 138 0 0 0 0 542 242 556 207 507 0 718 670 413 565 659 53 896 0 395 0 0 647 853 979 676 549 843 355 0 404 0 255 647 0 0 912 527 50 732 129 78 766 46 713 900 722 151 682 231 687 658 0 686 8 686 236 99 491 981 349 889 0 0 452 857 276 332 1 293 650 110 704 0 867 449 461 115 833 322 114 174 946 114 0 0 51 0 360 216 893 510 604 23 72 0 0 0 357 516 436 94 830 905 250 622 767 869 29 947 157 0 189 788 44 38 282 354 566 466 425 46 911 658 0 534 869 0 417 712 340 0 365 854 485 466 0 240 0 164 0 0 660 342 495 844 835 358 
785 574 466 207 0 0 860 0 0 745 106 790 154 676 22 605 326 822 250 884 449 423 479 119 112 162 0 212 493 0 30 984 0 66 384 0 873 478 0 738 459 0 305 464 0 0 927 553 27 0 652 666 0 861 125 896 692 267 809 563 147 481 0 0 0 565 692 917 0 0 0 440 0 248 459 138 0 523 707 202 77 130 666 0 433 972 629 342 0 522 911 245 530 416 37 356 0 516 611 583 0 96 834 336 0 895 74 495 35 61 830 737 888 690 547 0 612 101 55 510 922 124 469 379 0 0 308 166 292 384 217 704 109 0 308 52 863 31 817 0 0 13 281 358 960 0 726 226 748 837 565 197 124 616 389 103 188 0 0 710 170 711 341 0 583 0 677 761 592 0 627 943 323 969 0 500 37 0 406 0 367 801 958 983 82 483 0 957 449 978 0 240 922 424 0 222 
937 791 849 572 590 590 0 0 0 0 0 670 842 0 0 59 125 0 536 123 673 439 682 368 758 829 765 305 0 659 840 190 132 852 432 159 205 941 81 847 533 789 133 103 0 0 884 552 0 879 0 537 326 36 479 0 68 910 132 159 0 366 435 657 351 715 552 322 930 949 357 0 210 248 896 46 218 999 548 407 32 751 119 173 10 911 0 0 41 41 0 673 444 0 709 134 220 303 355 179 991 975 827 0 627 940 0 445 47 332 991 466 648 0 555 172 337 442 796 0 678 0 262 79 919 237 968 0 0 110 0 965 915 0 505 208 228 596 0 0 0 297 0 543 543 0 208 171 696 759 965 925 807 290 132 356 569 0 0 0 733 0 996 67 0 40 0 190 880 636 45 786 546 449 511 0 983 0 65 989 288 412 0 348 466 0 530 412 898 641 654 262 437 578 0 517 
0 611 733 945 39 713 0 745 0 0 383 825 427 412 278 0 0 263 257 229 459 605 937 394 85 319 420 840 0 511 801 0 0 169 0 162 587 145 451 929 0 592 0 879 0 690 250 401 62 469 205 604 0 0 150 897 42 278 0 199 759 76 44 376 462 0 0 446 685 0 543 226 885 241 198 0 707 143 678 471 478 381 701 0 455 857 973 41 62 661 580 0 590 44 0 331 0 400 898 954 688 0 171 283 622 620 191 230 564 405 794 712 0 0 0 169 931 0 455 701 895 468 473 783 617 351 903 0 468 417 0 378 0 0 116 0 0 54 401 334 782 912 129 819 765 4 235 833 0 613 0 0 0 942 879 0 507 867 755 526 875 794 85 0 333 621 0 929 0 776 0 247 0 3 0 782 746 466 145 913 86 0 606 450 0 0 224 59 1 192 0 476 979 576 494 0 
450 592 498 425 679 769 329 106 0 383 0 506 6 0 0 65 0 959 963 670 553 498 339 745 325 210 346 514 614 262 729 950 0 7 244 954 351 0 957 395 0 262 146 142 797 0 0 963 513 304 809 984 245 670 606 835 0 425 81 874 361 715 0 95 691 107 390 0 0 545 191 0 0 257 165 0 918 144 0 508 745 196 914 321 48 916 0 0 994 820 504 0 587 336 638 170 237 0 0 964 702 962 317 429 0 276 433 491 534 0 147 636 505 879 827 0 354 459 214 247 977 0 862 840 868 67 0 0 0 114 0 0 391 408 718 410 195 82 161 393 866 725 0 917 0 901 51 904 819 631 378 522 0 378 0 216 293 820 521 432 0 168 894 0 0 0 177 0 379 0 692 920 0 838 795 951 0 361 899 1 637 467 233 967 0 533 54 979 866 181 865 295 0 0 358 0 
0 199 121 115 294 245 474 790 670 825 506 0 0 602 476 0 0 0 0 0 733 923 0 631 571 517 390 87 0 273 722 0 0 0 428 658 814 178 291 45 456 0 408 0 905 560 356 0 0 283 0 280 503 912 0 0 0 262 896 459 0 78 786 60 559 746 887 0 784 0 963 0 0 0 589 991 976 98 348 893 348 131 359 977 596 576 161 706 0 191 46 897 428 259 466 0 0 809 944 635 105 0 547 983 842 21 736 325 376 687 0 331 331 0 380 968 0 163 793 907 687 789 468 873 0 0 893 670 717 888 0 110 899 728 289 260 78 991 0 414 49 851 398 973 671 326 390 728 233 528 673 487 601 442 486 666 756 886 984 0 207 750 0 862 913 101 0 713 44 756 811 491 704 579 935 970 764 894 135 468 561 434 341 779 0 613 604 79 515 755 352 543 68 685 90 569 
411 378 0 228 0 833 578 154 842 427 6 0 0 0 915 350 786 59 0 660 556 615 229 110 361 189 943 344 119 0 759 549 0 506 189 855 243 589 510 545 0 983 0 892 0 279 931 625 115 340 0 915 123 0 632 178 177 0 806 443 461 580 439 231 257 445 0 681 971 0 322 0 0 187 901 577 406 0 0 0 292 254 776 512 115 737 278 963 409 578 715 0 900 0 387 625 286 467 0 0 0 624 158 0 357 0 0 0 819 790 211 663 23 658 174 370 772 720 0 357 204 202 429 845 724 0 6 0 948 42 533 337 491 820 0 824 618 137 0 386 99 69 279 74 396 863 133 671 590 530 169 182 0 0 0 924 0 0 556 308 616 733 0 139 741 224 0 995 0 60 80 465 276 0 0 740 0 684 0 0 180 644 0 407 629 0 511 765 19 0 321 824 295 57 333 763 
514 381 275 572 326 485 0 676 0 412 0 602 0 0 980 0 0 657 28 751 671 774 443 501 0 730 561 903 488 984 293 744 96 593 978 619 113 0 967 197 0 49 489 0 62 0 0 968 426 856 187 0 0 0 875 50 0 196 320 140 11 247 644 66 507 0 651 288 617 276 0 0 530 832 444 732 666 806 350 797 890 472 0 0 154 31 494 36 664 306 415 355 0 406 877 646 83 440 196 221 0 0 0 930 0 0 424 457 0 0 64 119 304 197 93 0 972 315 383 210 13 388 747 0 712 0 579 711 852 234 0 794 146 0 421 863 0 0 524 582 299 188 147 881 0 729 0 869 882 531 833 568 142 0 0 0 0 0 250 318 864 0 842 0 306 181 780 0 208 823 689 574 188 489 899 0 997 94 419 424 283 642 899 1 455 52 0 129 0 451 666 419 657 77 960 955 
0 330 710 453 569 0 692 22 0 278 0 476 915 980 0 648 581 996 0 448 429 378 0 321 0 691 174 0 812 0 610 772 722 823 50 0 992 23 0 0 577 0 294 428 841 0 900 0 0 86 0 149 546 66 362 950 517 716 973 879 797 0 111 492 577 488 0 385 279 0 570 0 42 518 311 0 350 441 151 68 908 628 508 961 855 351 50 0 0 313 690 14 512 0 217 965 215 0 660 89 0 0 825 717 0 0 991 351 0 863 925 969 203 213 138 317 443 0 0 42 317 519 0 4 943 37 906 711 81 655 198 872 0 0 797 414 109 772 0 430 362 223 893 258 0 0 483 775 19 885 894 613 0 243 792 613 672 925 20 167 569 883 76 0 939 0 29 615 391 581 0 643 412 983 928 117 513 838 815 399 48 504 0 77 0 0 0 280 0 479 199 0 381 440 377 0 
989 677 144 508 0 451 200 605 59 0 65 0 350 0 648 0 241 395 920 464 851 605 840 0 955 730 190 314 460 278 0 395 803 0 0 449 0 0 845 0 835 435 227 340 349 191 797 669 0 0 276 510 406 983 252 0 962 209 190 574 728 0 399 951 252 435 0 318 902 322 70 624 112 0 680 369 958 663 420 440 0 0 495 196 0 331 868 884 159 440 733 882 547 865 920 302 0 91 223 993 649 246 178 142 0 0 0 332 0 327 0 947 0 450 0 277 532 0 0 845 949 477 0 0 526 0 765 0 176 0 313 0 53 448 91 281 114 0 467 903 33 84 794 0 267 939 0 346 953 296 708 172 0 247 549 486 322 498 745 625 0 450 564 854 782 0 331 438 0 894 899 407 494 975 65 56 720 857 244 271 251 523 262 245 728 962 653 966 868 0 953 0 108 0 466 0 
290 77 0 900 0 534 237 326 125 0 0 0 786 0 581 241 0 220 921 0 281 920 373 33 961 728 764 392 185 4 233 88 126 981 801 896 769 0 0 128 715 103 49 857 177 67 972 927 0 814 315 216 935 0 366 230 62 80 932 578 138 377 458 803 0 0 0 594 347 0 619 659 364 179 969 149 764 240 32 415 0 329 612 801 305 929 157 507 445 874 421 0 966 0 483 918 55 72 462 0 906 616 676 0 299 0 768 23 49 554 873 0 2 588 0 248 214 0 747 850 332 12 614 17 0 798 0 767 419 35 798 0 0 896 909 539 37 918 0 453 0 0 683 739 760 671 721 218 260 302 894 859 0 0 679 681 445 581 971 712 0 404 842 696 851 220 23 405 617 592 170 316 13 14 421 870 0 961 804 378 0 571 0 676 548 911 235 0 0 0 0 168 977 312 234 582 
634 749 0 324 0 974 433 822 0 263 959 0 59 657 996 395 220 0 945 352 829 299 993 819 938 391 952 233 134 43 287 183 0 0 29 685 0 0 624 503 299 670 183 0 708 168 0 68 535 0 299 400 889 786 16 595 39 470 0 309 285 882 701 0 0 0 17 0 864 830 0 0 135 605 463 658 935 898 699 0 117 606 903 556 184 0 0 0 864 476 711 363 167 0 430 0 885 0 0 996 774 366 980 0 492 583 269 544 89 484 726 378 0 0 603 38 966 399 841 872 635 507 667 388 45 0 0 288 239 741 186 996 0 724 456 667 937 275 0 906 599 501 315 52 244 118 142 638 0 0 0 402 826 510 0 0 58 0 916 181 399 0 222 744 463 908 872 517 916 0 188 555 0 794 263 112 126 968 747 0 756 0 924 719 0 0 96 144 607 0 0 932 0 374 0 415 
4 588 894 85 96 91 543 250 536 257 963 0 0 28 0 920 921 945 0 13 774 398 576 0 430 0 799 0 691 147 583 0 958 0 0 0 510 0 846 263 67 0 0 379 936 842 654 584 193 0 0 0 0 0 868 271 737 694 0 204 799 322 952 419 331 161 0 287 166 0 325 0 517 52 334 884 527 510 0 239 726 369 112 0 548 0 409 0 529 459 781 165 993 0 223 24 0 467 0 971 813 543 0 28 416 611 0 419 0 0 763 379 602 0 994 107 0 35 380 839 559 820 199 142 667 0 64 115 318 0 246 275 390 735 302 272 960 201 941 975 828 384 690 101 0 783 10 0 0 0 674 743 138 482 73 183 339 0 0 373 834 0 531 0 0 0 112 906 0 393 0 629 0 0 367 726 697 0 544 0 395 426 586 706 263 0 451 570 210 758 595 384 529 516 855 0 
12 93 843 0 986 106 0 884 123 229 670 0 660 751 448 464 0 352 13 0 859 67 0 42 940 0 0 160 612 356 0 0 29 516 978 124 971 96 268 800 256 654 377 45 71 0 320 230 407 627 0 548 874 82 794 954 675 602 855 887 47 0 0 297 0 0 245 314 587 0 440 818 561 662 658 898 828 568 0 0 419 930 358 924 408 652 649 0 368 809 0 488 531 817 585 539 330 274 656 702 50 470 0 147 119 791 68 289 347 7 949 520 0 72 71 498 73 0 837 309 857 0 237 404 714 206 13 0 0 866 729 0 0 681 0 129 0 20 0 53 395 112 139 114 996 405 247 209 269 0 278 309 258 833 0 249 997 774 807 56 147 720 200 623 668 105 0 0 803 26 0 88 899 677 463 0 0 636 711 35 600 0 0 0 166 668 750 216 674 600 382 0 967 712 52 0 
861 506 542 24 30 853 780 449 673 459 553 733 556 671 429 851 281 829 774 859 0 0 243 313 610 480 0 211 721 0 0 127 0 809 357 757 0 486 0 0 549 988 441 813 732 0 564 448 0 18 0 741 72 375 0 272 902 209 441 348 149 539 42 0 446 331 0 0 836 885 49 20 0 595 0 772 981 0 0 68 943 885 0 0 106 325 0 0 0 0 800 989 721 0 0 0 406 832 0 0 509 0 991 0 691 393 955 984 0 0 0 0 834 880 864 644 606 528 867 187 0 243 511 362 552 0 514 0 408 564 666 0 120 708 811 316 0 0 554 556 0 614 0 430 938 154 477 695 0 0 990 121 255 419 699 290 448 561 861 923 199 246 164 0 242 576 504 374 154 910 527 0 589 807 396 0 281 815 0 751 768 930 869 776 948 848 434 532 299 562 160 0 347 0 0 503 
0 0 783 809 0 0 60 423 439 605 498 923 615 774 378 605 920 299 398 67 0 0 116 0 929 0 678 128 0 410 602 0 694 0 869 0 0 848 238 911 306 348 0 73 0 862 556 849 337 0 411 550 377 572 522 0 903 717 0 331 700 0 0 0 777 841 352 536 343 922 962 594 0 235 256 0 289 922 424 545 748 977 0 0 316 0 922 725 704 294 0 624 734 0 13 317 0 526 725 785 0 774 565 730 99 337 386 749 902 411 826 625 255 0 307 800 639 0 941 577 624 473 0 157 934 254 0 650 340 21 0 963 117 17 904 293 596 774 869 817 324 604 270 85 295 424 0 852 151 323 577 0 624 332 110 528 956 147 403 183 503 0 0 966 0 596 466 912 901 667 0 741 101 0 693 0 208 260 468 258 358 0 0 564 86 0 190 0 103 0 633 417 0 105 275 0 
733 436 88 0 400 740 561 479 682 937 339 0 229 443 0 840 373 993 576 0 243 116 0 298 734 944 798 578 0 332 996 770 0 816 0 956 54 584 969 518 320 184 842 874 0 404 108 0 19 934 570 242 693 250 0 0 75 570 744 0 533 0 695 212 0 0 0 767 526 503 0 309 789 538 0 832 764 867 0 0 839 88 16 950 293 510 769 0 0 802 944 329 810 0 685 0 686 0 451 845 707 711 51 179 198 888 986 71 281 204 658 57 689 983 208 182 304 297 809 78 522 0 491 480 768 740 0 719 580 794 926 0 866 345 899 190 521 0 988 368 82 0 140 0 0 389 310 750 410 0 635 860 0 0 983 808 0 0 678 0 0 0 400 561 638 0 647 0 747 205 0 151 977 798 0 660 0 0 409 106 973 799 723 0 527 932 420 0 220 446 327 962 0 223 883 995 
27 0 729 993 578 231 0 119 368 394 745 631 110 501 321 0 33 819 0 42 313 0 298 0 942 669 430 601 479 757 0 166 0 0 513 649 187 289 0 225 211 425 769 375 0 714 881 504 96 765 746 662 891 497 245 669 846 422 135 378 442 0 288 571 798 599 443 0 958 5 563 0 526 896 798 445 610 0 0 0 607 473 0 317 800 0 428 859 712 641 0 922 399 99 863 900 784 0 0 0 491 394 552 878 817 532 586 560 948 18 102 820 77 546 603 821 0 699 0 0 787 0 971 231 45 196 32 170 697 391 440 684 258 585 0 177 0 0 633 378 574 103 657 322 897 186 876 464 410 107 0 302 526 797 0 444 788 632 590 213 0 495 697 144 0 0 122 0 0 0 0 810 989 467 0 310 389 0 30 935 405 386 464 536 0 774 857 633 0 0 437 922 735 854 50 52 
630 370 826 0 0 255 172 112 758 85 325 571 361 0 0 955 961 938 430 940 610 929 734 942 0 985 2 62 814 473 269 0 726 809 199 556 0 828 976 0 0 450 596 0 946 0 947 550 0 719 805 194 872 806 0 922 0 579 0 46 954 149 0 578 866 663 76 749 641 869 265 820 884 0 0 738 0 675 59 0 0 298 755 450 924 0 662 481 170 665 378 679 639 0 378 324 0 35 319 804 912 0 901 11 903 379 0 0 832 766 911 889 770 157 62 998 301 0 666 0 0 817 0 0 118 212 216 0 0 664 737 43 0 684 83 948 173 279 0 803 369 0 447 756 289 10 754 589 600 467 235 0 220 246 0 0 529 271 996 276 743 393 636 673 822 104 111 0 85 540 0 342 191 88 242 939 666 0 0 0 900 0 987 0 847 563 539 0 80 442 420 896 0 492 0 927 
717 0 720 578 107 513 0 162 829 319 210 517 189 730 691 730 728 391 0 0 480 0 944 669 985 0 0 865 874 157 673 988 0 287 904 0 828 0 0 0 0 516 744 153 481 213 287 156 907 947 0 0 0 841 671 926 0 915 448 42 0 625 493 745 0 807 335 729 674 15 235 745 384 0 282 56 390 0 0 0 171 227 861 716 465 0 668 108 884 440 814 0 0 72 670 653 0 0 0 166 0 0 514 0 583 404 527 0 705 0 182 957 181 531 572 817 920 882 692 465 0 0 767 779 189 134 290 0 0 253 0 265 824 0 185 811 0 155 773 190 23 684 645 0 239 0 661 667 116 994 905 236 958 0 876 129 649 973 392 0 955 657 643 0 0 824 456 0 67 149 985 594 149 749 48 0 591 0 831 800 423 395 407 0 14 0 529 0 653 0 830 242 143 0 0 22 
0 133 192 405 0 0 569 0 765 420 346 390 943 561 174 190 764 952 799 0 0 678 798 430 2 0 0 615 666 620 970 992 970 503 757 362 251 29 629 0 627 846 276 818 98 0 231 120 960 617 610 0 305 384 901 378 480 577 84 637 384 636 0 0 337 0 0 560 606 152 723 14 709 205 411 411 0 0 765 0 0 469 563 354 117 154 173 280 611 581 125 699 0 0 256 815 910 0 578 0 0 0 510 0 69 292 0 0 0 0 905 467 622 627 851 0 101 937 374 916 0 827 649 176 284 185 864 0 656 0 307 461 737 36 412 624 863 173 0 89 637 37 771 865 0 389 269 240 899 67 775 57 197 41 784 783 0 325 645 535 567 379 689 536 0 0 748 135 67 512 0 465 508 755 0 645 0 464 519 183 316 654 981 627 501 232 354 339 553 240 648 0 0 0 589 810 
809 0 436 0 0 209 183 212 305 840 514 87 344 903 0 314 392 233 0 160 211 128 578 601 62 865 615 0 268 608 789 780 980 57 77 147 686 992 183 73 220 414 0 603 584 0 0 71 437 984 0 994 20 0 196 438 654 350 873 0 0 249 319 661 819 0 966 0 812 857 258 130 0 0 0 157 232 273 0 519 0 953 53 450 816 891 852 436 400 457 0 346 0 0 0 784 458 304 0 0 202 0 241 849 275 0 837 313 0 0 228 678 0 733 855 336 440 0 0 0 0 0 24 32 568 943 766 891 0 0 87 103 420 25 978 459 350 672 877 0 0 998 0 659 0 112 970 872 759 56 0 752 0 0 410 674 503 700 481 175 810 0 0 0 0 242 301 158 0 0 934 536 0 0 127 828 459 0 340 54 671 0 888 402 544 0 826 0 443 12 33 394 272 954 0 981 
675 0 402 76 0 0 0 493 0 0 614 0 119 488 812 460 185 134 691 612 721 0 0 479 814 874 666 268 0 968 0 634 111 233 352 0 935 0 446 656 506 154 730 261 960 696 0 438 221 963 261 210 599 345 0 0 306 286 0 992 55 227 277 0 0 0 350 0 435 822 162 378 871 0 961 48 694 0 401 649 305 122 272 0 219 318 0 506 856 629 493 847 0 740 958 172 194 0 805 0 742 77 74 679 345 129 0 0 223 883 741 44 140 0 84 497 389 412 0 0 0 446 242 503 27 740 914 508 38 0 0 743 927 165 709 0 0 877 125 331 0 0 214 670 0 412 0 469 248 635 972 932 370 0 211 0 194 12 0 530 644 763 143 999 979 519 0 862 818 282 0 405 913 170 619 352 435 85 253 227 0 0 905 949 0 820 96 0 0 0 0 933 164 835 0 880 
423 129 638 743 607 524 215 0 659 511 262 273 0 984 0 278 4 43 147 356 0 410 332 757 473 157 620 608 968 0 88 517 0 741 616 685 653 0 0 721 0 146 456 0 0 734 889 429 581 788 488 0 782 0 22 370 185 0 705 121 796 839 640 642 297 0 943 627 567 587 0 913 862 984 694 0 181 847 971 320 831 91 204 585 695 16 534 526 0 271 474 600 532 0 657 0 196 0 141 0 0 0 8 30 297 291 961 552 0 210 0 867 867 0 758 371 488 0 591 919 872 433 0 205 580 553 123 966 161 998 0 920 0 657 131 88 772 60 513 0 59 0 496 761 190 182 772 281 365 867 0 276 0 775 512 713 529 877 236 559 877 80 0 617 32 94 262 184 303 194 202 99 107 0 0 0 0 991 199 0 784 0 0 0 0 95 887 976 784 918 770 731 824 845 130 0 
25 454 21 640 618 568 136 30 840 801 729 722 759 293 610 0 233 287 583 0 0 602 996 0 269 673 970 789 0 88 0 0 809 220 0 999 677 0 491 369 369 538 0 759 61 915 4 0 0 878 826 517 988 823 248 964 918 0 454 468 642 970 0 824 260 0 554 30 0 598 672 0 0 155 0 199 313 236 344 876 0 163 0 767 778 24 465 528 789 0 921 0 733 0 504 841 0 515 320 980 126 0 907 435 722 224 452 489 115 120 0 0 344 980 0 52 997 365 894 386 705 0 384 0 0 29 0 0 0 956 778 210 398 0 340 99 0 84 1 0 622 994 422 962 895 809 0 492 141 426 760 0 898 146 197 0 240 0 0 216 125 0 324 990 493 153 97 796 975 105 890 568 938 173 724 447 374 514 0 74 293 255 219 76 0 762 335 0 522 0 320 898 0 0 622 731 
883 373 808 964 973 472 796 984 190 0 950 0 549 744 772 395 88 183 0 0 127 0 770 166 0 988 992 780 634 517 0 0 196 138 56 0 896 114 0 0 0 643 553 915 903 629 498 474 90 774 546 0 102 337 0 165 731 373 0 289 148 0 0 714 815 584 0 815 637 0 816 0 0 462 434 859 0 930 378 915 939 804 222 615 814 682 113 839 0 23 209 512 0 538 290 0 941 898 0 38 158 0 0 0 256 0 732 0 271 518 445 646 754 0 498 0 205 379 0 646 544 491 797 369 0 646 0 981 0 581 958 822 924 218 0 166 131 0 33 713 188 0 0 918 482 0 732 225 0 78 0 199 664 937 0 360 0 426 0 695 941 227 0 0 258 618 856 312 0 0 62 0 841 0 317 377 381 714 0 79 297 558 973 0 70 0 384 797 0 0 313 0 667 0 941 0 
166 0 303 0 216 0 529 0 132 0 0 0 0 96 722 803 126 0 958 29 0 694 0 0 726 0 970 980 111 0 809 196 0 901 567 0 0 0 285 857 878 928 833 996 417 283 995 291 782 289 774 891 853 0 403 807 259 648 608 592 0 731 804 160 0 0 0 386 332 769 194 753 0 847 517 0 398 0 0 625 273 391 228 311 337 0 649 257 0 259 562 612 684 969 711 415 0 859 53 315 0 407 621 966 296 64 725 913 860 0 0 77 0 0 362 53 697 986 952 919 769 330 951 66 564 124 21 0 981 615 358 0 995 231 0 870 290 0 0 70 617 850 903 494 667 506 702 301 881 845 205 462 0 0 207 659 0 0 85 523 0 828 873 806 713 616 92 762 519 586 529 456 642 363 132 905 686 0 992 0 800 809 59 301 202 895 0 0 0 286 770 30 399 946 869 522 
160 606 161 53 397 0 462 66 852 169 7 0 506 593 823 0 981 0 0 516 809 0 816 0 809 287 503 57 233 741 220 138 901 0 0 909 0 923 701 96 0 910 17 917 0 11 121 271 758 279 0 721 39 129 0 504 14 442 0 137 0 0 685 0 677 685 395 91 833 772 0 391 711 972 951 803 0 943 835 3 797 928 0 4 0 0 575 736 236 844 409 79 671 580 463 73 143 130 0 0 211 499 991 593 149 552 394 0 488 872 927 431 898 38 0 752 0 639 131 3 0 0 99 0 760 638 756 967 115 160 453 448 0 270 0 775 758 0 236 485 900 40 569 873 359 498 0 572 175 195 0 0 747 596 0 981 299 88 332 0 791 2 904 145 856 370 0 474 475 468 943 560 968 62 726 150 235 749 0 0 889 919 862 0 859 691 832 268 706 184 753 379 0 936 0 154 
404 0 756 510 0 697 489 384 432 0 244 428 189 978 50 0 801 29 0 978 357 869 0 513 199 904 757 77 352 616 0 56 567 0 0 0 84 223 369 255 816 0 429 826 0 0 409 0 160 537 120 347 800 0 0 478 848 365 297 523 835 470 0 214 497 0 0 181 15 584 203 192 655 0 153 0 513 0 891 489 127 21 699 977 0 648 0 897 181 0 988 0 0 751 475 720 0 648 589 0 0 469 0 0 0 550 587 133 891 815 593 225 4 949 834 625 653 589 0 38 0 0 121 0 237 390 0 0 401 976 297 0 574 576 832 514 0 210 394 0 0 120 466 37 324 144 591 0 0 331 0 759 610 208 262 514 0 0 807 0 775 939 575 709 0 220 154 399 0 0 270 546 201 206 483 136 928 416 26 651 0 418 797 262 759 797 0 339 483 962 293 643 510 644 0 366 
0 560 0 575 652 0 0 0 159 162 954 658 855 619 0 449 896 685 0 124 757 0 956 649 556 0 362 147 0 685 999 0 0 909 0 0 21 0 176 0 136 660 85 829 427 799 925 485 0 346 141 94 403 261 334 0 910 19 453 0 0 787 789 574 604 0 457 812 355 0 449 698 661 0 899 721 863 583 0 777 607 724 159 320 0 0 38 746 859 252 762 433 767 0 591 487 248 0 881 0 243 591 0 194 200 495 0 389 174 0 974 675 885 373 953 913 213 0 150 279 686 167 0 446 581 149 806 935 378 204 337 0 699 0 918 166 31 0 0 426 194 492 287 103 494 811 613 139 224 0 720 245 974 179 0 0 949 505 0 809 122 145 0 789 254 761 0 725 0 29 282 0 189 635 884 352 571 181 799 11 0 738 641 490 0 756 728 0 806 589 0 0 97 811 0 164 
985 112 0 0 360 0 385 873 205 587 351 814 243 113 992 0 769 0 510 971 0 0 54 187 0 828 251 686 935 653 677 896 0 0 84 21 0 448 46 505 578 365 369 0 0 135 597 152 0 0 0 502 0 843 0 0 912 0 812 53 253 563 435 0 0 0 0 712 381 346 407 748 753 0 254 0 848 338 0 0 853 442 412 688 184 0 742 205 571 847 177 0 692 187 0 0 573 551 754 0 30 0 497 843 0 116 0 297 592 529 340 677 0 930 198 0 182 503 0 28 23 0 748 0 688 810 0 759 51 75 579 144 633 0 24 0 150 763 0 695 569 255 595 266 0 102 592 306 949 0 0 0 556 200 127 443 801 0 0 167 0 822 361 868 244 743 996 453 349 723 38 401 789 246 0 51 468 398 440 406 0 0 855 0 670 945 917 0 730 0 758 567 0 726 294 515 
69 115 689 925 939 960 601 478 941 145 0 178 589 0 23 0 0 0 0 96 486 848 584 289 828 0 29 992 0 0 0 114 0 923 223 0 448 0 557 252 232 768 939 447 0 797 606 235 356 919 595 79 687 137 757 62 501 368 98 121 17 268 72 0 909 872 68 0 803 679 702 477 792 947 408 655 518 580 32 0 0 489 997 286 702 399 0 116 84 429 382 389 0 179 0 0 0 0 0 690 539 968 802 485 779 80 335 0 0 636 0 260 228 992 270 42 0 29 0 422 0 3 0 500 115 556 894 487 999 633 246 0 214 839 221 301 960 106 0 221 0 177 146 449 746 275 581 307 280 906 685 179 505 756 949 970 90 0 837 0 0 0 561 0 59 466 68 0 144 918 394 789 788 0 0 712 26 0 634 319 976 630 0 0 44 500 543 189 482 725 131 257 0 0 644 0 
957 143 775 0 383 239 797 0 81 451 957 291 510 967 0 845 0 624 846 268 0 238 969 0 976 0 629 183 446 0 491 0 285 701 369 176 46 557 0 0 0 0 387 0 0 146 883 195 667 625 0 0 0 0 723 0 783 0 619 149 0 279 0 0 638 319 730 952 154 0 199 0 0 949 0 168 64 189 468 0 823 846 336 891 130 0 248 859 714 930 602 0 0 666 773 943 208 400 457 770 925 237 0 234 0 499 858 317 792 0 652 848 17 292 290 229 400 0 0 0 794 844 0 381 634 486 350 849 604 40 485 790 711 82 973 258 796 951 503 0 0 667 670 230 0 435 676 895 137 607 843 976 386 491 634 883 211 370 744 0 392 896 908 593 730 883 629 47 0 0 798 777 795 213 0 809 135 94 0 990 506 514 560 0 327 932 29 372 0 836 518 580 741 739 0 201 
770 39 859 380 847 56 712 738 847 929 395 45 545 197 0 0 128 503 263 800 0 911 518 225 0 0 0 73 656 721 369 0 857 96 255 0 505 252 0 0 667 0 160 178 534 1 465 327 542 0 0 742 724 864 0 303 998 92 865 156 351 39 475 282 753 0 634 586 0 103 590 0 13 333 0 785 570 0 740 91 0 0 595 0 695 578 0 84 755 210 0 310 205 0 0 0 0 43 0 984 824 0 920 514 0 0 472 60 352 954 168 739 597 64 642 739 508 970 799 776 475 803 0 0 281 505 584 603 317 784 470 0 0 0 802 298 901 269 132 216 0 0 726 557 468 0 497 5 69 0 42 0 640 1 467 164 0 77 0 0 442 519 0 833 765 436 894 560 357 266 178 0 563 541 796 30 78 342 744 786 221 0 942 0 840 269 962 0 0 0 0 0 190 475 46 475 
0 36 466 666 0 0 890 459 533 0 0 456 0 0 577 835 715 299 67 256 549 306 320 211 0 0 627 220 506 0 369 0 878 0 816 136 578 232 0 667 0 96 50 14 0 378 571 125 0 933 0 815 519 444 659 362 913 0 388 676 949 519 20 0 298 0 891 0 0 319 948 0 0 974 0 0 625 660 654 256 558 779 544 0 383 433 716 524 0 0 0 342 471 230 537 255 366 0 406 426 976 64 764 0 955 342 0 70 123 847 300 871 800 895 383 0 0 302 768 0 0 835 0 1 679 924 63 722 949 213 355 179 779 6 229 116 56 778 0 0 0 782 836 844 0 930 556 697 577 925 0 514 0 231 452 545 415 871 17 377 187 0 489 0 125 0 28 585 940 182 0 0 0 541 936 379 73 906 500 131 583 31 463 22 0 0 958 168 899 697 885 29 301 0 825 57 
437 542 956 661 657 539 796 0 789 592 262 0 983 49 0 435 103 670 0 654 988 348 184 425 450 516 846 414 154 146 538 643 928 910 0 660 365 768 0 0 96 0 742 0 397 199 518 189 27 0 0 754 300 114 622 515 800 707 721 403 406 531 253 800 556 881 851 736 323 586 679 0 0 391 0 0 0 241 204 0 558 771 119 477 369 0 226 929 58 850 965 358 869 877 156 377 0 163 127 412 715 0 538 0 481 193 0 371 642 348 800 333 0 594 0 785 0 736 121 323 0 0 719 0 0 0 501 303 0 830 16 987 153 166 24 441 550 706 966 731 0 183 499 776 444 53 0 0 715 787 0 130 724 466 680 0 393 157 0 832 257 0 829 0 994 346 562 0 0 473 259 694 906 588 0 128 993 440 104 4 0 0 0 168 824 258 138 0 409 654 83 215 307 361 18 0 
326 866 0 592 159 709 61 305 133 0 146 408 0 489 294 227 49 183 0 377 441 0 842 769 596 744 276 0 730 456 0 553 833 17 429 85 369 939 387 160 50 742 0 688 560 0 0 65 646 0 134 0 902 458 993 984 0 41 716 555 241 267 554 220 159 272 839 207 509 854 148 850 345 0 0 28 0 0 0 0 994 443 673 820 299 904 832 153 0 0 742 153 358 179 529 17 583 0 185 191 244 991 226 202 648 0 60 0 0 738 612 522 824 653 438 929 732 893 0 0 81 832 851 782 570 891 860 293 174 0 913 508 0 679 646 0 626 0 133 406 707 17 679 0 0 427 311 752 21 294 667 0 424 900 0 839 256 0 0 830 0 962 320 779 0 0 695 736 709 803 73 137 281 505 0 0 0 0 454 861 697 0 343 0 0 499 157 438 0 770 96 901 0 257 396 871 
176 941 0 120 510 0 0 464 103 879 142 0 892 0 428 340 857 0 379 45 813 73 874 375 0 153 818 603 261 0 759 915 996 917 826 829 0 447 0 178 14 0 688 0 86 304 0 575 390 790 626 865 0 222 0 606 904 356 87 168 1 352 0 943 282 195 79 438 719 915 0 113 352 0 280 48 594 17 722 434 439 261 842 824 0 0 834 441 263 235 835 689 430 0 494 252 0 86 0 545 0 611 767 910 259 490 306 93 222 628 288 0 0 0 226 882 619 0 874 0 653 113 479 676 163 670 567 909 496 0 0 889 52 626 180 541 802 769 976 420 662 663 666 0 26 399 281 335 539 432 700 405 953 743 789 0 570 180 774 588 413 843 943 721 924 0 0 813 370 497 103 0 507 620 98 0 0 942 0 907 0 29 207 461 0 0 535 269 953 0 620 408 736 876 964 398 
591 544 0 864 570 0 0 0 0 0 797 905 0 62 841 349 177 708 936 71 732 0 0 0 946 481 98 584 960 0 61 903 417 0 0 427 0 0 0 534 0 397 560 86 0 511 0 793 880 263 39 140 882 122 938 0 824 980 475 874 320 0 96 71 0 868 515 769 0 486 775 125 0 44 160 0 825 0 753 865 0 0 150 236 816 418 306 350 0 0 330 602 940 375 938 747 0 0 0 131 0 148 86 246 0 87 985 0 962 314 125 622 0 995 667 650 67 0 568 453 707 765 432 306 11 896 359 400 0 496 0 777 0 659 0 240 0 897 651 857 0 697 693 415 671 37 92 217 110 520 645 142 707 206 614 278 831 75 0 950 666 0 0 646 521 433 0 91 208 214 670 618 551 778 880 251 0 0 0 0 886 642 0 0 480 0 421 510 717 304 436 0 797 7 0 673 
0 949 0 0 0 683 770 0 0 690 0 560 279 0 0 191 67 168 842 0 0 862 404 714 0 213 0 0 696 734 915 629 283 11 0 799 135 797 146 1 378 199 0 304 511 0 832 109 0 195 744 668 87 0 925 519 857 0 0 747 0 956 98 442 490 709 0 138 286 782 431 835 520 0 373 842 31 0 971 272 0 307 140 0 308 0 65 336 749 837 112 725 201 94 454 546 0 992 558 0 763 0 0 77 339 510 0 0 14 526 117 833 0 858 188 0 27 449 458 0 622 950 0 218 703 61 986 520 757 0 747 194 841 428 682 883 5 878 671 344 497 0 684 857 833 199 12 526 258 716 376 713 456 0 777 0 251 641 0 729 699 0 555 363 920 0 525 839 422 840 312 0 955 712 628 833 987 231 303 257 20 858 749 585 165 768 981 0 725 616 586 52 123 992 569 584 
838 353 428 1 656 0 0 927 884 250 0 356 931 0 900 797 972 0 654 320 564 556 108 881 947 287 231 0 0 889 4 498 995 121 409 925 597 606 883 465 571 518 0 0 0 832 0 438 275 818 769 269 706 982 784 472 739 163 0 371 0 120 253 454 108 17 215 0 804 379 981 331 971 920 945 340 733 0 401 298 269 438 0 799 954 705 698 272 219 0 819 0 172 310 0 662 0 565 672 0 451 0 0 349 108 0 0 264 0 0 423 336 102 269 459 855 0 586 203 439 504 79 876 118 607 955 531 0 0 816 773 498 480 655 805 211 125 538 0 983 367 350 980 242 570 117 460 378 605 278 0 367 920 0 388 213 0 266 456 66 646 0 351 0 0 582 133 346 0 730 288 248 0 0 115 645 633 161 0 0 0 839 994 0 0 574 738 88 675 841 641 198 0 763 487 0 
0 553 268 677 593 0 634 553 552 401 963 0 625 968 0 669 927 68 584 230 448 849 0 504 550 156 120 71 438 429 0 474 291 271 0 485 152 235 195 327 125 189 65 575 793 109 438 0 822 462 864 380 105 105 0 0 837 892 0 310 0 204 0 303 615 138 913 879 874 240 451 677 0 296 0 40 0 0 35 918 44 759 949 516 243 889 627 72 211 223 0 0 383 55 0 0 47 858 779 388 0 499 503 78 835 919 942 64 203 0 661 556 0 63 285 469 0 0 987 216 966 516 870 113 421 294 374 0 195 125 655 743 725 0 269 891 273 313 293 226 555 0 359 435 443 0 450 717 679 698 525 612 0 499 616 549 23 11 608 259 0 618 94 568 0 0 0 707 135 506 152 286 433 389 951 0 793 310 232 910 123 5 926 395 783 136 209 398 151 83 358 74 612 596 0 0 
18 506 818 802 639 248 138 27 0 62 513 0 115 426 0 0 0 535 193 407 0 337 19 96 0 907 960 437 221 581 0 90 782 758 160 0 0 356 667 542 0 27 646 390 880 0 275 822 0 81 966 0 0 749 352 226 632 653 894 190 229 213 0 728 111 0 0 1 650 659 0 833 488 927 777 747 904 730 0 856 0 350 613 818 0 632 428 148 0 517 792 0 628 0 114 149 895 451 602 295 917 432 0 526 531 673 518 839 418 0 715 711 203 0 885 0 707 819 540 964 136 98 364 0 0 945 267 0 0 18 603 368 0 0 955 310 0 795 508 0 795 256 127 871 902 37 0 157 686 775 688 102 0 852 820 623 0 616 808 221 376 0 899 483 0 904 102 0 989 254 0 796 0 0 951 0 765 852 0 450 0 310 0 0 45 221 0 252 175 394 630 357 38 482 0 907 
26 0 0 0 437 931 0 0 879 469 304 283 340 856 86 0 814 0 0 627 18 0 934 765 719 947 617 984 963 788 878 774 289 279 537 346 0 919 625 0 933 0 0 790 263 195 818 462 81 0 0 0 0 216 401 824 851 173 967 595 804 0 564 0 95 968 0 626 0 0 894 300 725 0 0 986 686 748 687 732 982 0 90 0 349 285 0 167 798 247 790 124 0 275 932 0 12 463 908 0 538 930 0 729 455 142 0 201 653 417 887 430 855 536 889 579 785 339 175 547 760 931 0 575 907 266 0 276 0 0 946 877 716 329 964 351 269 673 147 844 0 201 216 539 834 251 0 611 85 0 0 0 295 630 941 448 157 246 0 656 922 318 0 433 902 666 0 948 0 0 927 354 257 0 0 328 618 964 931 977 739 0 638 0 502 737 107 195 540 165 438 106 571 0 832 0 
327 550 0 0 0 382 0 652 0 205 809 0 0 187 0 276 315 299 0 0 0 411 570 746 805 0 610 0 261 488 826 546 774 0 120 141 0 595 0 0 0 0 134 626 39 744 769 864 966 0 0 0 319 364 0 0 0 0 320 141 547 250 313 220 465 821 394 904 0 928 0 0 846 976 724 73 221 188 755 714 434 712 767 752 0 0 529 0 458 882 0 0 369 498 396 708 714 864 929 504 579 443 0 0 785 96 994 165 596 561 569 759 995 935 851 665 67 825 303 0 636 341 777 907 428 737 506 757 346 0 866 314 124 109 956 0 0 292 770 951 695 396 576 712 793 0 386 349 519 0 188 836 929 0 820 495 979 794 590 927 952 744 0 238 166 289 675 369 0 0 897 0 143 0 0 269 752 279 0 378 881 568 0 698 323 0 452 729 781 9 91 41 953 456 609 0 
729 275 0 781 0 614 0 666 537 604 984 280 915 0 149 510 216 400 0 548 741 550 242 662 194 0 0 994 210 0 517 0 891 721 347 94 502 79 0 742 815 754 0 865 140 668 269 380 0 0 0 0 0 569 462 41 866 108 8 0 0 69 0 934 349 59 483 766 371 0 103 160 932 435 355 526 612 0 0 121 815 908 759 362 566 0 957 437 851 668 95 804 299 0 352 545 0 0 441 488 438 109 0 733 51 0 553 283 71 31 444 0 383 514 679 388 820 361 0 543 458 0 607 825 605 633 256 191 395 0 689 0 939 310 287 114 346 667 277 912 0 952 0 327 805 0 460 226 504 450 487 5 0 0 286 333 313 0 773 0 711 0 461 0 965 66 912 327 209 577 223 462 785 745 176 384 0 94 702 0 865 407 0 158 540 0 205 0 930 0 744 248 787 0 295 0 
281 0 341 386 18 419 0 0 326 0 245 503 123 0 546 406 935 889 0 874 72 377 693 891 872 0 305 20 599 782 988 102 853 39 800 403 0 687 0 724 519 300 902 0 882 87 706 105 0 0 319 0 0 117 714 916 396 549 153 0 144 737 331 570 480 713 961 528 861 781 564 0 0 28 637 526 640 846 558 227 549 238 9 215 375 132 630 395 34 65 602 733 779 945 998 156 644 0 604 748 0 474 0 27 0 709 0 259 746 64 0 671 948 506 784 0 292 0 0 377 0 375 98 555 0 0 903 620 0 873 0 0 749 0 675 672 0 535 497 651 832 25 539 649 0 0 378 0 721 631 488 712 345 896 0 872 660 326 0 0 413 0 24 400 0 322 422 438 277 987 627 571 577 513 0 94 68 403 924 171 189 344 762 595 665 38 650 916 361 0 960 182 0 0 981 0 
0 223 0 432 660 209 542 861 36 0 670 912 0 0 66 983 0 786 0 82 375 572 250 497 806 841 384 0 345 0 823 337 0 129 0 261 843 137 0 864 444 114 458 222 122 0 982 105 749 216 364 569 117 0 863 0 870 858 782 508 0 833 0 830 292 970 0 833 394 0 509 130 922 528 629 195 0 844 401 0 0 219 77 0 520 396 573 599 282 99 900 718 148 305 266 389 0 947 483 0 150 490 0 0 388 894 0 0 0 113 80 510 0 240 121 62 0 971 108 620 0 767 130 0 400 0 0 0 0 0 0 263 675 594 892 549 96 0 976 485 562 973 849 0 737 0 783 222 0 0 610 0 218 671 944 387 506 0 0 542 615 106 621 269 733 228 205 483 322 206 142 0 245 622 536 575 169 0 959 0 0 745 0 0 0 0 251 0 0 992 882 0 0 358 965 241 
0 73 76 0 534 110 242 125 479 150 606 0 632 875 362 252 366 16 868 794 0 522 0 245 0 671 901 196 0 22 248 0 403 0 0 334 0 757 723 0 659 622 993 0 938 925 784 0 352 401 0 462 714 863 0 508 875 923 0 135 215 0 409 747 230 57 135 0 0 372 17 742 0 843 180 223 553 0 650 968 548 472 784 124 517 676 152 0 535 317 0 232 930 351 827 436 0 0 103 280 763 66 0 0 569 778 0 114 0 88 515 336 826 0 0 284 856 275 641 448 909 0 0 594 0 953 663 889 193 905 68 437 0 912 385 499 42 667 302 2 961 746 0 50 388 133 0 802 156 0 363 0 977 941 217 110 932 0 143 837 0 234 672 107 0 672 450 50 548 404 64 458 942 578 246 0 0 489 524 748 854 235 231 697 0 552 232 395 0 240 213 824 604 225 573 614 
953 571 0 106 0 0 556 896 0 897 835 0 178 50 950 0 230 595 271 954 272 0 0 669 922 926 378 438 0 370 964 165 807 504 478 0 0 62 0 303 362 515 984 606 0 519 472 0 226 824 0 41 916 0 508 0 0 188 0 361 94 0 877 652 744 710 596 634 0 313 204 0 342 994 837 0 0 251 0 608 0 197 264 0 0 112 974 76 0 200 0 345 701 354 714 968 0 0 494 323 0 0 0 658 340 200 533 0 0 57 471 0 359 860 560 604 0 0 593 0 485 19 0 933 223 18 0 242 133 588 382 88 225 0 389 609 0 972 459 0 69 758 667 933 885 301 797 649 840 944 0 81 178 253 0 693 947 602 394 0 255 0 4 553 258 545 480 515 715 0 858 51 627 550 0 598 48 150 462 0 123 226 0 588 0 491 0 0 0 314 852 675 0 807 931 0 
725 0 990 0 100 28 207 692 68 42 0 0 177 0 517 962 62 39 737 675 902 903 75 846 0 0 480 654 306 185 918 731 259 14 848 910 912 501 783 998 913 800 0 904 824 857 739 837 632 851 0 866 396 870 875 0 0 199 759 104 606 874 787 801 76 0 388 570 430 723 489 789 0 841 0 483 634 149 548 0 0 0 607 13 698 71 837 447 347 0 6 333 0 776 306 0 893 0 980 660 0 0 322 429 419 10 108 536 85 0 229 0 56 831 181 562 301 943 292 0 500 306 332 739 913 792 803 639 697 0 830 75 63 638 0 970 0 534 0 61 0 363 0 63 133 195 0 282 555 0 964 367 0 0 368 361 193 426 296 936 690 950 0 834 320 981 526 666 173 253 236 185 717 224 757 775 492 449 25 233 0 138 681 201 0 576 763 51 897 0 110 558 588 870 148 0 
0 745 216 851 0 681 507 267 910 278 425 262 0 196 716 209 80 470 694 602 209 717 570 422 579 915 577 350 286 0 0 373 648 442 365 19 0 368 0 92 0 707 41 356 980 0 163 892 653 173 0 108 549 858 923 188 199 0 0 922 542 0 589 212 166 107 445 0 0 235 166 387 0 331 679 504 549 449 0 259 661 0 533 0 170 0 210 0 0 667 0 396 159 340 0 156 673 238 649 869 934 783 184 696 386 247 511 0 0 425 749 570 416 0 270 956 980 71 0 286 507 687 276 548 0 766 318 950 759 0 873 286 0 255 544 264 333 164 272 625 623 0 0 450 0 849 81 248 443 917 418 0 963 762 566 0 65 447 0 647 545 558 994 512 987 788 429 0 391 120 846 714 264 0 681 702 0 917 885 820 639 44 142 0 0 509 0 992 0 83 0 875 0 927 239 876 
0 882 571 24 238 749 0 809 132 0 81 896 806 320 973 190 932 0 0 855 441 0 744 135 0 448 84 873 0 705 454 0 608 0 297 453 812 98 619 865 388 721 716 87 475 0 0 0 894 967 320 8 153 782 0 0 759 0 0 40 741 0 164 334 0 488 491 391 0 165 156 995 0 0 317 292 380 63 477 67 103 889 0 423 0 653 418 520 899 711 54 0 836 0 0 283 833 0 111 0 747 983 827 163 847 0 374 642 389 600 106 144 18 262 0 0 0 518 697 0 0 706 996 0 397 0 187 136 171 780 348 0 322 696 295 312 0 0 656 656 0 790 0 710 0 561 558 965 396 316 138 209 242 0 884 283 792 77 0 0 0 0 800 989 424 85 0 811 0 0 407 195 995 561 33 0 0 0 644 0 963 658 160 86 0 880 13 714 0 150 557 0 436 0 218 391 
