0 80 362 63 431 673 0 417 845 170 27 941 333 536 619 936 243 424 968 991 0 0 471 258 0 2 0 335 550 81 651 248 0 176 0 779 0 0 0 372 585 781 187 499 0 0 307 0 0 563 0 0 0 0 0 840 351 817 124 99 525 261 351 0 0 326 877 98 125 713 0 350 867 196 905 0 761 40 159 166 553 250 396 587 560 295 275 400 0 115 2 311 776 630 781 547 450 0 893 0 0 669 0 93 773 147 494 854 209 429 16 815 12 418 735 232 175 889 0 890 475 346 88 0 10 331 257 881 627 0 630 756 8 0 973 777 0 604 0 0 589 640 0 693 36 754 486 686 701 14 780 951 0 680 978 2 804 906 426 0 513 0 0 719 585 804 565 843 742 0 0 0 72 958 533 139 39 0 284 81 35 919 637 497 21 8 0 697 464 893 234 40 826 90 994 528 7 0 626 839 927 416 429 951 60 157 0 315 812 698 301 911 835 520 678 0 326 394 0 640 0 787 818 0 159 414 718 872 845 452 971 745 552 438 871 206 0 0 0 0 619 574 727 765 180 585 890 0 454 589 888 364 0 74 0 0 929 358 0 528 0 197 952 116 628 185 
80 0 473 0 0 381 467 463 981 0 266 294 0 551 12 487 72 654 0 0 526 603 0 0 0 79 0 0 145 842 352 0 788 452 525 0 0 0 0 226 120 982 629 810 0 151 767 218 0 862 475 753 858 247 0 685 553 652 0 517 0 695 0 855 891 693 0 0 574 0 310 845 0 622 578 569 0 514 452 0 126 991 568 507 33 645 200 189 0 566 931 902 569 79 648 425 431 996 39 0 532 747 0 601 480 2 729 486 433 0 615 165 0 190 568 0 288 0 217 476 0 230 887 520 0 0 0 603 51 245 568 640 0 551 0 103 280 0 7 445 767 0 791 782 782 392 505 919 473 731 301 635 0 689 159 125 0 251 0 0 0 0 360 0 593 376 306 497 596 620 305 0 704 0 0 269 0 566 0 903 0 231 210 0 396 67 325 0 969 882 0 0 522 463 743 0 652 0 465 786 0 239 232 756 0 0 456 705 365 221 189 587 480 0 0 56 0 0 443 139 0 763 0 701 692 0 657 173 0 563 795 0 207 552 468 0 0 522 325 71 404 816 719 442 414 0 594 849 814 630 744 0 951 484 415 594 8 0 734 0 922 0 0 385 0 712 
362 473 0 935 882 0 983 477 0 723 121 380 243 312 0 0 0 996 75 796 0 12 195 0 0 138 36 0 794 24 230 0 814 0 510 143 272 747 325 482 854 984 700 0 0 366 417 682 465 0 639 567 713 268 447 836 0 143 802 22 307 17 604 579 984 872 900 454 51 0 594 337 690 174 403 99 43 768 152 772 0 301 138 174 464 166 0 227 265 682 964 850 0 194 410 323 558 964 615 302 783 819 34 478 169 0 0 0 61 292 949 938 565 321 752 291 756 567 973 410 837 207 0 117 789 0 158 242 794 395 188 843 0 936 138 0 953 196 0 358 132 91 27 0 428 0 179 527 673 491 983 365 114 582 252 487 0 523 0 988 0 373 188 110 262 0 870 390 356 374 0 12 0 0 214 0 765 461 354 60 0 274 421 0 399 347 0 0 732 62 305 866 0 0 67 668 545 442 56 266 653 747 911 754 877 91 583 702 472 0 381 283 416 429 0 502 493 317 928 776 197 836 677 556 237 0 0 558 384 0 0 726 0 457 0 595 543 0 132 0 230 343 624 0 383 0 416 0 206 947 240 351 951 690 834 786 0 332 0 0 0 499 314 316 632 854 
63 0 935 0 279 519 384 23 647 0 420 935 706 745 409 535 248 0 822 554 521 539 560 174 410 637 0 360 812 0 7 507 467 290 587 14 0 452 272 735 886 655 0 571 411 748 167 319 778 961 183 669 0 11 762 204 717 689 0 0 474 104 0 442 246 0 325 0 956 963 640 959 0 886 399 181 883 209 829 405 675 113 0 626 55 527 0 833 556 180 0 972 117 435 464 971 6 0 0 152 0 508 0 239 481 618 126 298 14 420 382 646 0 0 840 240 629 884 0 461 0 682 0 36 755 0 796 0 749 51 352 0 479 793 723 682 486 0 950 628 374 580 692 145 0 571 0 412 448 872 742 951 488 515 619 0 324 858 215 162 403 410 60 0 232 860 330 434 0 77 520 661 812 0 6 0 137 949 401 572 109 350 991 902 0 0 493 86 366 247 0 480 125 0 253 0 531 0 0 143 432 489 608 0 254 225 0 568 369 18 169 0 222 0 845 0 158 452 887 640 589 0 0 435 951 100 363 0 688 658 504 419 0 0 0 778 443 803 648 0 995 382 616 0 0 0 247 57 928 0 514 719 642 606 949 759 968 502 622 377 602 585 577 0 834 0 
431 0 882 279 0 597 488 941 182 731 418 994 590 176 376 454 709 0 304 0 0 359 674 744 180 0 492 0 0 217 0 0 0 0 757 310 625 795 487 8 929 771 982 582 993 417 732 661 318 477 873 131 839 32 0 909 0 278 379 13 67 427 0 497 0 116 712 381 753 391 607 261 113 610 381 510 0 0 0 306 0 0 149 398 0 0 321 0 195 671 187 429 661 293 0 581 570 231 0 654 0 518 437 120 985 938 0 909 0 615 0 870 0 961 473 0 85 0 552 503 732 815 644 383 527 65 634 289 97 0 695 27 0 0 34 795 0 446 766 523 689 29 851 0 0 0 329 798 141 0 575 446 655 53 891 623 0 581 0 261 431 679 822 0 281 0 97 57 826 0 0 0 979 871 227 748 115 687 432 930 0 580 804 0 415 956 867 0 913 657 419 588 0 561 0 481 0 0 0 714 0 856 218 413 75 408 0 0 0 120 0 575 475 69 0 886 0 532 675 144 517 590 0 44 123 434 578 0 466 218 0 726 111 404 33 778 634 129 0 874 0 400 340 772 0 995 652 280 205 615 952 871 127 389 721 527 527 669 117 250 934 391 0 432 0 491 
673 381 0 519 597 0 0 0 0 0 185 766 605 647 0 1 31 980 557 0 0 0 89 566 941 687 653 937 0 153 824 515 232 732 139 796 885 0 632 0 690 0 0 0 535 0 821 0 629 189 901 0 691 0 532 113 480 470 0 536 795 0 0 0 0 604 275 186 0 0 325 105 400 236 432 0 844 500 437 492 0 387 481 944 0 994 0 0 972 417 706 883 76 0 611 251 414 725 189 0 774 625 0 40 0 353 550 571 222 0 45 329 0 0 0 145 67 0 345 899 563 999 0 189 43 409 0 346 0 538 409 322 602 355 0 139 807 794 110 0 466 209 378 0 0 667 861 534 966 83 840 230 288 0 601 936 0 780 599 708 0 0 19 79 14 841 295 832 726 665 573 854 372 778 822 124 888 473 0 333 0 45 882 443 877 556 502 492 479 359 789 888 0 584 745 488 337 267 542 736 723 732 0 114 0 58 229 613 206 580 0 655 839 917 0 334 302 300 129 142 427 579 823 154 267 175 872 0 674 136 452 614 0 281 620 0 20 650 37 778 0 781 102 534 290 641 0 652 347 533 391 0 266 0 952 413 834 381 0 147 396 895 33 35 931 0 
0 467 983 384 488 0 0 603 0 832 870 438 105 0 684 809 0 743 0 813 544 0 392 279 114 106 574 731 856 847 516 427 925 980 535 0 718 611 981 813 940 113 425 289 964 601 0 249 140 223 0 0 164 0 277 515 667 433 463 883 901 0 169 364 313 795 779 59 681 641 645 549 40 0 0 113 561 962 0 525 820 572 773 438 872 202 467 502 94 426 408 699 820 313 404 986 0 0 729 987 350 454 966 841 794 342 475 0 717 567 279 436 66 61 0 329 708 0 902 980 744 650 0 958 726 169 262 329 666 0 199 463 302 66 430 0 122 188 266 0 557 977 540 600 0 823 0 0 543 697 698 0 0 794 327 558 40 111 0 480 709 368 0 0 26 932 317 0 0 938 787 285 258 378 729 485 0 0 634 226 0 548 0 261 0 308 185 0 841 46 0 914 194 628 0 533 702 0 0 172 433 210 0 243 0 209 856 0 446 0 602 636 190 0 826 9 792 0 0 405 0 367 142 0 671 0 709 748 14 427 371 0 0 40 598 401 893 338 862 0 993 797 169 345 871 16 724 609 533 274 497 0 629 871 692 231 743 357 172 0 0 484 749 986 737 653 
417 463 477 23 941 0 603 0 540 900 769 69 777 0 0 909 119 173 0 116 0 903 360 361 0 0 259 729 172 248 635 0 455 268 274 987 0 0 521 0 645 738 827 0 848 401 723 0 953 0 23 953 543 511 662 345 361 540 835 0 169 66 0 40 485 823 5 725 0 86 220 0 962 179 814 282 0 68 471 585 522 0 759 0 935 131 120 0 820 989 909 830 344 293 152 0 868 776 433 850 489 275 809 578 285 683 26 107 345 62 0 104 657 245 246 277 0 550 412 366 511 317 793 134 742 651 770 0 132 0 257 954 754 581 865 379 464 458 0 614 872 12 0 445 251 0 554 464 302 436 615 523 295 272 301 0 0 838 52 238 0 262 0 42 92 94 0 526 823 776 0 0 157 66 911 8 849 538 0 0 0 290 847 0 66 952 0 0 107 233 260 765 233 681 689 758 499 133 749 0 376 0 659 0 0 391 0 21 590 517 0 810 217 0 0 0 473 0 304 368 230 747 0 0 831 0 381 553 730 919 0 459 464 0 0 0 131 499 0 195 914 322 643 295 578 250 607 130 857 878 446 710 0 495 392 814 348 0 881 888 460 411 0 0 883 216 
845 981 0 647 182 0 0 540 0 846 0 0 299 778 732 12 923 0 546 392 0 0 573 56 947 0 154 704 488 189 299 735 722 137 346 74 402 984 0 339 0 0 27 0 14 0 429 425 0 0 135 615 0 721 652 0 304 813 0 424 954 295 0 32 850 775 0 202 128 79 0 626 112 875 356 0 849 775 0 700 456 0 0 625 712 902 538 143 403 0 475 359 779 0 0 419 0 943 69 0 0 0 208 562 317 0 854 0 0 305 821 0 352 0 651 102 215 210 149 3 0 651 968 48 844 503 417 886 0 59 253 0 81 0 133 0 7 0 528 0 982 850 2 170 680 5 834 876 56 0 0 151 537 801 685 157 0 965 813 239 682 0 0 0 94 601 239 720 0 45 122 0 0 0 844 497 571 652 938 144 643 807 721 623 859 0 0 0 0 0 0 584 201 0 822 608 536 0 0 0 497 0 433 389 0 363 591 0 887 0 339 0 745 58 822 243 149 125 821 424 368 684 657 631 400 766 980 0 9 436 426 835 670 0 825 566 949 440 167 88 508 819 501 262 215 132 562 0 411 984 52 0 647 189 465 20 620 775 968 978 710 224 0 674 0 111 
170 0 723 0 731 0 832 900 846 0 114 0 199 0 142 489 321 0 240 569 432 0 968 759 0 350 936 386 525 976 0 865 696 877 252 316 534 572 0 3 675 849 345 187 942 771 0 0 687 0 0 0 612 765 248 0 200 548 619 0 821 97 30 993 0 739 45 294 485 98 238 445 718 0 0 861 218 825 511 622 0 907 205 0 587 756 613 811 897 388 974 68 0 0 701 0 597 214 793 0 0 567 38 0 357 116 809 676 355 934 560 296 962 0 488 217 0 307 0 695 103 0 812 547 0 843 0 464 0 24 0 973 0 971 50 0 571 959 119 0 225 563 504 959 434 0 439 803 964 131 399 54 362 296 0 0 0 422 674 854 0 11 711 470 933 295 0 817 229 793 0 463 0 489 805 0 0 0 0 711 165 967 966 0 217 132 881 159 697 513 0 164 0 123 92 656 688 273 0 823 0 695 0 127 0 478 0 0 189 0 0 277 0 0 5 414 0 707 0 21 633 272 493 645 823 0 624 304 0 430 968 690 925 34 426 0 988 287 133 919 375 384 315 702 740 468 749 0 444 0 817 724 1 622 536 340 0 280 0 0 306 895 436 54 19 197 
27 266 121 420 418 185 870 769 0 114 0 333 841 0 519 0 876 682 0 404 331 430 208 836 0 286 614 625 0 130 372 110 44 0 0 0 0 474 103 313 307 190 892 530 370 162 28 153 94 626 0 437 72 0 714 772 326 15 0 833 251 0 390 534 679 710 0 206 206 263 192 243 563 389 105 766 261 165 148 687 371 0 719 0 746 908 598 452 20 0 0 133 660 551 952 143 417 257 321 136 904 427 718 424 779 0 352 195 203 0 783 792 0 964 0 72 54 460 311 521 0 643 657 71 707 883 658 651 0 113 793 828 527 200 476 428 0 498 560 628 0 523 989 39 969 0 0 639 22 218 0 0 72 914 49 774 710 854 962 259 453 813 0 392 81 0 545 78 658 0 0 247 515 727 0 685 0 731 957 0 600 608 31 0 106 0 396 345 663 0 796 995 0 0 0 0 0 0 870 923 0 139 666 250 929 661 142 122 0 0 662 808 32 415 762 476 334 176 395 291 310 365 0 115 406 367 449 800 0 701 0 611 920 615 0 520 216 78 286 824 898 194 0 0 19 516 713 822 489 0 820 936 149 264 495 296 264 677 0 257 533 0 681 577 285 308 
941 294 380 935 994 766 438 69 0 0 333 0 661 716 859 773 544 932 313 405 829 0 0 167 645 906 280 154 782 729 0 334 198 179 698 301 949 0 353 367 919 468 546 0 276 786 365 359 219 367 891 0 189 996 187 653 484 348 515 867 889 993 239 796 515 0 0 0 0 0 903 541 614 875 876 208 505 0 942 930 797 996 575 0 251 841 97 0 0 594 451 166 156 444 827 0 0 482 0 27 659 723 193 741 278 61 459 321 19 161 74 414 104 764 821 357 284 729 921 788 579 88 0 510 69 731 332 562 0 714 0 720 205 148 172 748 622 649 625 0 361 667 486 514 0 0 165 167 592 636 771 885 229 924 462 0 122 0 471 399 623 504 805 480 163 395 608 198 0 0 865 0 389 0 0 701 0 331 369 998 725 911 329 0 710 664 0 126 838 0 283 675 8 307 702 0 0 148 763 0 854 40 437 398 383 289 410 24 0 490 901 307 912 232 707 0 0 48 386 246 569 524 970 0 310 978 0 822 212 610 781 193 421 816 314 709 0 133 0 0 593 0 0 172 80 593 794 925 779 949 909 518 636 737 312 741 497 375 271 187 548 0 726 0 330 0 
333 0 243 706 590 605 105 777 299 199 841 661 0 0 481 0 716 390 600 0 698 987 270 648 0 0 551 0 542 594 557 0 101 286 616 191 313 731 15 721 0 0 215 244 929 476 935 973 923 0 239 965 806 307 688 620 439 0 340 656 903 0 485 178 566 0 0 830 807 496 621 669 568 593 723 0 460 0 764 0 670 821 0 635 801 0 522 0 0 0 810 721 321 0 0 0 0 11 677 793 866 567 0 0 223 0 0 0 353 0 787 0 139 458 932 461 0 0 351 608 532 458 377 122 445 0 871 535 79 917 273 617 259 164 192 0 219 592 0 0 5 449 715 0 411 372 439 684 676 0 27 240 335 743 0 656 326 256 0 676 0 797 0 0 221 286 0 0 538 0 0 841 34 998 603 21 0 562 505 0 251 251 942 683 0 0 71 649 691 0 870 0 0 311 713 238 0 569 0 939 209 40 530 747 731 550 861 34 208 0 797 293 452 0 112 44 680 0 49 365 124 575 716 404 658 0 0 0 905 156 207 920 0 708 469 547 140 469 905 76 0 0 568 361 0 506 0 62 293 647 0 111 0 323 372 924 680 995 0 791 156 0 0 0 931 333 
536 551 312 745 176 647 0 0 778 0 0 716 0 0 451 0 436 400 614 502 285 0 0 0 0 183 768 754 584 69 191 133 0 0 558 147 193 502 883 810 110 978 20 0 0 874 986 181 265 253 45 0 0 0 179 779 382 707 973 844 0 530 655 0 630 0 970 657 690 0 813 272 399 549 0 627 485 497 0 807 697 924 714 547 804 900 73 968 292 0 110 0 0 0 0 795 451 460 0 253 0 0 0 805 315 598 260 747 0 539 33 0 0 73 146 714 0 707 469 292 586 34 0 449 153 0 708 504 996 0 235 340 230 0 0 0 852 412 756 0 124 935 0 385 969 446 424 109 418 446 945 296 0 125 738 915 612 580 789 81 450 461 948 299 928 238 458 184 0 920 0 826 282 374 226 249 359 117 164 0 10 0 935 174 894 328 660 422 251 482 622 729 165 15 901 828 236 0 357 947 523 428 705 57 189 251 0 904 873 0 484 0 925 724 0 813 154 478 502 945 202 552 735 279 11 0 584 987 0 673 571 479 0 501 779 135 472 0 480 250 504 23 730 783 592 808 0 455 130 300 29 469 899 174 337 385 0 369 0 641 680 144 622 394 0 0 
619 12 0 409 376 0 684 0 732 142 519 859 481 451 0 262 416 919 433 0 0 617 391 655 0 0 938 806 82 591 0 0 377 655 393 333 551 173 711 375 569 294 270 894 0 0 912 853 0 815 960 508 491 365 0 288 0 475 0 572 539 425 998 395 0 630 0 75 0 919 392 451 0 133 0 68 723 296 372 365 0 659 781 204 128 0 357 66 249 49 795 0 0 121 375 0 0 179 0 0 0 412 187 0 0 42 0 778 0 784 761 38 691 0 252 784 281 458 139 159 185 903 0 263 566 655 319 47 366 265 898 823 630 6 190 227 762 478 408 602 604 0 0 591 821 833 712 647 669 212 938 760 101 927 809 147 319 456 553 532 156 299 629 0 0 172 349 661 760 168 145 227 0 485 704 0 364 662 20 754 670 225 902 809 581 905 0 0 944 382 0 0 440 0 0 0 465 546 57 589 0 0 432 0 374 440 845 0 681 273 369 187 0 2 816 0 743 42 568 669 594 401 350 730 474 96 409 670 400 565 245 294 15 715 376 240 0 501 789 184 0 31 963 717 591 122 121 268 310 0 296 355 0 0 0 602 0 0 240 235 0 0 782 299 491 442 
936 487 0 535 454 1 809 909 12 489 0 773 0 0 262 0 734 920 431 0 369 958 581 716 584 410 269 0 622 28 287 152 0 266 906 140 940 0 0 412 406 28 666 803 0 0 482 147 106 352 0 593 535 0 327 0 0 319 485 366 167 837 546 333 136 0 916 885 0 53 0 633 0 0 921 0 0 900 0 0 0 780 709 0 0 518 826 0 0 921 0 316 299 0 73 256 592 984 138 560 194 0 506 521 134 99 81 332 443 203 965 744 901 0 840 0 182 32 580 945 0 0 34 394 235 0 801 192 602 591 526 921 148 573 199 310 362 249 564 830 345 200 150 807 19 986 0 34 350 166 965 234 0 786 0 350 945 34 221 0 298 258 827 579 754 545 573 0 0 557 0 247 0 554 316 0 0 447 377 308 979 0 0 548 444 967 825 0 0 0 0 219 589 560 939 322 0 290 600 581 128 0 308 982 561 118 458 772 442 716 146 898 647 549 907 154 926 297 131 915 0 580 0 662 388 507 0 957 423 14 599 528 381 894 0 984 897 452 0 225 379 772 978 583 328 845 0 800 734 505 0 891 130 0 422 0 0 0 981 0 135 171 481 0 0 423 
243 72 0 248 709 31 0 119 923 321 876 544 716 436 416 734 0 823 33 623 0 596 378 681 771 946 58 925 494 875 0 396 513 882 0 599 579 0 900 71 0 397 450 0 340 0 397 0 556 0 981 930 631 0 861 291 391 0 0 633 890 795 277 539 433 215 855 518 254 686 57 773 972 98 434 0 0 32 918 794 28 330 0 449 741 243 0 111 519 726 763 230 133 0 598 498 491 264 0 109 0 0 31 0 41 392 648 707 276 0 439 933 240 723 571 21 847 856 778 830 490 716 920 181 517 0 0 0 604 794 134 268 0 628 865 0 254 92 101 0 554 551 0 869 378 0 0 24 0 147 319 394 0 89 188 500 486 404 451 274 555 193 378 825 0 228 835 581 183 907 100 739 243 1 479 550 851 588 615 615 360 615 955 447 387 191 491 177 509 475 135 393 0 384 70 360 41 553 0 421 600 696 263 104 283 75 213 992 271 430 0 616 0 432 0 0 0 750 0 0 315 877 0 365 0 286 0 0 912 904 0 656 351 0 953 804 211 0 319 0 858 883 111 185 911 101 0 859 0 779 258 564 787 239 904 24 440 137 783 170 0 461 638 374 994 355 
424 654 996 0 0 980 743 173 0 0 682 932 390 400 919 920 823 0 143 0 0 0 77 949 0 568 290 0 576 258 0 174 867 370 719 0 352 246 273 949 427 672 980 304 661 251 537 589 6 0 168 0 926 692 958 132 725 202 457 0 847 0 181 652 35 317 472 392 0 890 0 830 241 216 0 0 902 661 323 0 401 432 0 0 263 801 394 297 873 177 265 923 866 0 0 323 119 523 0 0 769 226 667 165 64 753 660 291 71 0 155 607 303 14 741 674 614 304 0 744 484 0 130 770 0 781 0 116 962 115 723 988 276 444 569 888 269 202 0 61 977 0 0 376 326 0 466 574 0 0 102 563 0 477 496 804 325 0 959 0 331 867 956 107 92 743 325 223 590 334 511 0 454 182 791 583 658 881 429 833 0 64 739 0 81 0 330 417 552 0 785 38 814 756 0 140 523 383 628 279 0 729 0 0 157 0 661 124 0 49 625 457 0 634 343 922 650 753 0 466 0 126 158 214 730 0 736 891 425 0 0 130 454 962 0 0 0 232 0 214 47 766 0 979 306 38 877 427 193 862 634 95 98 879 269 569 470 0 299 39 0 519 0 0 725 383 
968 0 75 822 304 557 0 0 546 240 0 313 600 614 433 431 33 143 0 0 954 0 368 836 103 573 0 646 43 774 736 567 452 484 618 593 224 634 183 0 257 29 633 428 759 620 0 825 0 625 0 933 349 0 933 569 812 300 945 34 801 948 959 429 397 0 278 7 744 265 0 0 0 0 49 758 475 891 608 625 979 213 0 365 0 445 0 470 350 931 281 511 576 152 0 965 329 106 936 656 735 137 12 701 735 731 779 744 473 75 103 0 0 385 0 792 219 290 461 304 679 355 471 229 58 984 327 818 671 0 435 480 270 380 344 231 429 0 113 205 718 0 376 0 0 974 0 945 919 263 0 829 876 653 746 1 0 0 0 339 193 619 7 0 257 0 253 0 124 445 905 0 677 0 925 0 730 190 139 601 425 940 30 661 791 387 654 374 294 28 0 0 340 309 642 267 662 0 477 504 28 913 656 954 725 352 233 0 764 131 902 108 731 0 997 937 550 447 562 247 384 417 0 97 197 56 407 0 358 42 91 119 58 429 0 312 160 811 932 478 0 465 743 936 569 231 391 744 0 555 0 739 643 626 0 0 0 519 803 396 443 610 80 504 533 760 
991 0 796 554 0 0 813 116 392 569 404 405 0 502 0 0 623 0 0 0 849 796 790 468 557 0 570 0 0 696 822 761 547 109 193 0 263 67 925 946 966 0 195 186 173 580 518 759 6 510 114 0 0 568 95 155 661 587 83 187 223 0 35 484 0 0 966 99 98 0 573 394 0 816 117 967 892 0 0 770 863 709 0 0 349 946 96 0 390 0 0 0 0 0 148 286 181 887 416 396 767 441 549 0 0 351 0 958 448 704 35 375 136 764 0 156 243 934 0 341 972 0 800 341 279 118 0 0 0 32 525 0 606 978 223 833 490 861 453 834 542 99 654 961 705 24 325 44 556 362 78 149 207 165 217 0 148 824 230 47 387 262 983 520 795 0 693 850 879 0 70 850 410 155 262 976 15 379 986 121 739 425 137 526 26 668 0 58 0 0 739 364 850 371 779 820 824 755 444 991 205 152 224 676 539 328 0 21 338 0 107 0 821 0 989 743 478 0 945 601 630 538 932 381 191 105 482 887 832 766 718 441 0 0 873 0 828 952 923 264 975 531 4 62 804 173 278 862 0 730 408 0 0 0 53 238 731 856 0 982 882 0 854 35 565 0 
0 526 0 521 0 0 544 0 0 432 331 829 698 285 0 369 0 0 954 849 0 56 0 0 862 687 0 522 996 901 754 0 414 629 363 0 493 216 987 949 116 433 0 0 735 783 469 104 827 0 0 0 296 114 42 0 111 645 0 827 0 319 11 311 582 899 0 793 474 561 543 786 982 404 448 821 610 0 860 0 682 394 821 185 210 513 473 999 81 573 0 97 617 388 531 996 819 453 965 484 49 0 823 557 630 0 0 609 0 664 954 922 714 595 0 340 0 934 0 32 0 962 957 921 387 747 0 627 236 982 627 0 921 414 809 0 275 408 965 251 161 229 0 932 7 774 0 663 248 431 267 277 32 462 552 696 224 334 588 908 0 0 575 0 370 0 469 625 253 0 271 415 2 9 0 254 453 757 0 37 267 597 319 422 337 992 0 454 677 0 0 181 315 602 0 719 0 0 58 0 224 499 0 0 71 695 530 654 686 0 163 98 0 938 743 804 0 767 601 0 680 0 736 258 674 0 297 702 0 102 363 470 707 155 305 719 26 388 52 31 49 453 4 335 560 436 603 928 327 380 915 39 0 365 890 238 895 834 943 0 538 0 443 655 0 387 
0 603 12 539 359 0 0 903 0 0 430 0 987 0 617 958 596 0 0 796 56 0 817 707 871 10 440 596 0 562 0 985 693 290 0 0 870 0 663 966 916 621 0 26 459 444 314 0 0 346 754 964 80 0 823 739 574 353 0 306 0 934 445 707 830 0 0 89 692 105 887 362 335 0 0 407 0 804 660 958 0 188 30 114 746 2 741 389 830 0 42 835 258 0 642 676 595 0 404 467 957 229 866 383 60 78 197 903 0 348 554 0 0 0 763 0 79 199 785 0 63 0 0 0 179 191 97 0 0 731 0 762 297 283 755 328 478 0 0 508 574 747 738 681 787 459 181 763 0 0 834 690 123 0 978 696 336 0 746 633 76 874 858 465 0 710 0 515 75 176 31 0 0 0 0 479 0 191 0 241 0 0 820 337 904 0 0 907 649 673 40 991 848 755 0 235 763 569 926 646 522 0 691 272 17 982 75 635 0 0 968 417 406 847 542 486 832 351 10 220 206 637 157 0 174 703 450 0 947 0 295 693 797 233 614 748 0 446 239 354 397 51 746 713 886 0 73 0 856 900 667 869 904 695 937 180 0 743 737 477 255 825 293 0 255 398 
471 0 195 560 674 89 392 360 573 968 208 0 270 0 391 581 378 77 368 790 0 817 0 0 0 856 649 175 262 994 690 0 224 196 96 951 219 721 0 0 921 266 302 756 451 340 940 0 166 145 156 588 937 685 792 0 244 330 646 834 949 225 535 828 730 699 369 235 447 0 272 194 872 476 0 954 647 306 435 679 0 23 964 776 0 0 0 303 223 0 72 863 195 867 0 622 0 904 0 311 629 0 957 0 467 596 939 0 597 783 660 93 4 912 208 531 502 741 130 977 914 52 49 0 347 0 0 0 0 29 690 346 740 450 771 275 679 464 0 859 168 982 0 0 241 644 260 727 137 480 931 829 453 37 107 0 119 183 336 0 0 0 677 257 634 693 821 921 928 620 959 0 0 252 845 0 0 0 300 225 412 524 467 24 992 632 503 434 0 574 525 0 179 270 0 0 90 204 649 20 62 0 0 481 0 0 101 313 5 924 0 830 151 156 0 259 285 746 296 154 590 893 390 0 249 663 583 0 0 0 0 0 0 433 789 313 147 658 254 1 168 0 949 0 404 0 898 837 0 162 587 0 859 0 0 441 250 415 707 741 485 133 968 0 258 0 
258 0 0 174 744 566 279 361 56 759 836 167 648 0 655 716 681 949 836 468 0 707 0 0 0 17 136 922 986 367 832 0 127 644 7 886 0 0 921 725 308 317 722 428 321 699 57 724 231 418 10 0 918 0 107 164 30 176 69 0 0 117 584 173 0 533 0 0 583 723 60 276 539 357 29 0 0 133 0 0 0 990 0 428 933 144 297 0 0 0 52 284 193 0 0 144 788 809 0 0 0 596 31 294 192 980 429 0 0 183 246 532 0 436 211 483 0 845 0 947 0 0 72 793 491 82 667 824 0 545 661 391 533 436 0 416 577 771 0 804 855 0 458 525 514 0 612 781 779 945 214 5 711 0 601 260 657 323 631 152 897 0 343 526 0 472 0 251 1 0 728 744 0 246 125 382 464 408 133 416 650 309 0 0 853 0 136 0 0 865 520 0 385 173 964 887 302 215 0 121 253 693 318 0 890 268 709 85 136 711 569 45 0 0 242 378 202 754 904 170 580 0 657 120 230 429 0 448 867 318 108 67 32 0 137 928 119 361 768 0 261 728 718 704 0 664 515 311 0 0 69 0 681 932 0 37 92 746 708 0 0 789 24 951 65 96 
0 0 0 410 180 941 114 0 947 0 0 645 0 0 0 584 771 0 103 557 862 871 0 0 0 0 0 282 18 753 0 184 63 384 441 0 562 0 274 496 912 329 0 832 614 979 947 63 847 6 537 458 0 132 0 443 184 785 22 0 0 10 488 919 0 336 628 941 870 176 888 0 0 707 0 448 503 0 831 0 381 762 859 147 969 596 0 815 608 239 0 492 0 179 306 0 674 327 182 674 788 0 0 0 225 695 161 83 1 980 384 661 966 151 0 0 234 0 0 605 760 0 52 671 67 0 34 306 385 662 995 344 331 0 282 637 811 862 683 915 744 129 278 664 726 0 0 110 0 0 752 378 0 865 785 0 0 275 7 255 628 389 811 700 741 150 471 519 328 256 141 422 512 0 834 65 641 0 180 604 250 0 397 189 166 794 406 905 262 295 135 487 762 217 76 291 876 452 0 435 0 289 40 0 49 0 762 705 396 0 559 370 0 852 293 0 648 826 0 319 648 0 742 638 530 61 562 0 779 625 0 179 0 985 167 0 0 297 681 72 353 221 463 887 780 0 595 438 0 389 526 856 202 788 582 0 22 0 123 917 495 0 343 172 482 294 
2 79 138 637 0 687 106 0 0 350 286 906 0 183 0 410 946 568 573 0 687 10 856 17 0 0 991 904 794 894 514 888 346 0 451 786 0 319 945 535 690 815 646 685 102 533 197 378 161 216 328 343 929 950 555 268 157 791 951 359 672 562 238 0 549 956 828 796 0 297 0 828 0 720 487 0 0 220 350 350 519 46 0 806 0 85 357 0 616 0 0 0 469 201 131 0 788 436 0 387 388 402 159 574 624 0 0 134 804 646 425 441 125 41 471 0 20 575 249 79 177 0 753 579 0 500 877 321 918 0 961 218 161 520 762 136 837 0 0 0 562 283 486 0 548 0 882 836 137 722 0 557 156 544 486 0 154 984 827 512 262 928 464 718 431 0 412 585 0 277 283 768 405 193 845 542 712 75 453 427 971 0 805 80 302 460 166 782 225 0 799 248 427 0 262 199 26 171 68 820 668 988 901 235 110 159 0 0 915 0 0 694 0 747 843 589 431 812 541 107 0 824 753 0 670 642 203 500 839 99 839 0 511 978 577 81 367 352 233 0 389 0 608 161 427 314 745 829 867 860 0 433 659 106 469 198 361 977 768 932 176 194 701 728 915 0 
0 0 36 0 492 653 574 259 154 936 614 280 551 768 938 269 58 290 0 570 0 440 649 136 0 991 0 243 446 809 362 692 325 972 0 0 382 867 554 0 0 606 585 0 161 806 0 202 0 391 610 0 694 712 17 896 979 437 0 985 0 188 485 306 220 731 508 51 859 320 815 325 189 4 0 0 0 333 0 0 292 159 0 237 470 266 0 0 373 0 286 27 185 963 93 711 0 0 104 438 688 442 851 911 177 304 322 236 561 0 208 769 330 370 826 0 809 0 149 0 386 0 345 0 944 801 712 952 0 672 168 522 729 184 0 502 701 1 642 362 0 0 329 380 469 803 127 147 0 354 0 829 250 93 708 266 872 774 0 0 917 344 681 681 786 111 151 374 377 964 31 0 0 276 728 286 0 866 0 0 61 179 975 71 219 0 238 423 365 997 736 541 536 575 0 0 472 704 134 403 18 0 0 0 0 656 756 0 899 0 652 0 0 20 892 414 848 966 453 288 182 508 279 84 710 963 9 67 0 473 0 73 809 125 259 407 510 659 0 189 626 227 50 0 361 0 889 850 244 585 154 60 438 725 620 676 139 443 910 198 846 495 957 713 978 0 
335 0 0 360 0 937 731 729 704 386 625 154 0 754 806 0 925 0 646 0 522 596 175 922 282 904 243 0 0 0 0 129 682 0 0 457 611 724 0 642 490 465 0 0 0 0 674 712 346 18 0 332 285 281 74 84 830 975 761 381 299 320 553 160 300 0 0 953 215 692 0 446 0 372 731 578 743 359 127 995 60 0 421 0 0 666 386 715 417 532 601 948 397 559 554 420 324 0 0 4 378 29 0 997 513 924 113 0 850 361 538 441 91 468 229 655 537 464 916 0 56 0 872 550 733 348 0 0 383 0 752 724 493 846 788 891 549 893 492 254 0 954 646 120 494 275 462 110 857 991 117 402 0 732 446 0 0 568 0 451 704 854 731 935 683 782 843 175 879 121 286 368 217 516 0 0 683 714 832 0 0 127 841 0 882 356 980 598 101 184 962 889 578 718 448 979 294 539 660 0 471 736 371 653 582 428 0 214 794 0 817 876 392 119 26 210 525 250 0 0 523 0 857 461 603 83 713 912 135 304 93 0 633 0 0 72 10 0 689 637 184 357 979 373 740 671 0 533 376 630 0 0 182 847 825 55 87 0 143 585 0 409 828 469 0 570 
550 145 794 812 0 0 856 172 488 525 0 782 542 584 82 622 494 576 43 0 996 0 262 986 18 794 446 0 0 894 0 312 911 673 526 106 713 0 894 470 0 0 927 824 0 0 0 0 0 256 896 119 39 760 932 952 659 861 0 537 0 0 0 673 168 132 321 872 463 749 0 0 0 337 738 947 937 269 54 498 541 758 703 539 405 310 381 684 104 624 649 922 92 494 371 233 365 975 715 156 0 564 403 298 900 684 34 0 664 958 995 446 438 912 0 584 0 0 466 947 700 482 539 508 232 0 0 843 226 917 582 185 0 131 0 620 0 0 514 0 947 823 736 629 951 304 495 965 899 0 651 0 609 305 848 249 669 0 434 345 149 306 936 375 0 216 436 0 969 0 0 629 212 632 508 522 852 0 0 663 0 804 891 110 398 304 514 541 691 99 501 817 47 494 532 563 0 990 628 851 0 944 0 0 126 37 0 392 457 0 688 541 898 149 891 176 529 614 18 0 243 219 657 335 95 0 305 0 141 655 555 893 113 849 0 672 234 676 873 914 733 721 0 86 24 198 2 233 0 572 98 555 832 877 0 264 804 540 718 314 382 118 612 878 322 0 
81 842 24 0 217 153 847 248 189 976 130 729 594 69 591 28 875 258 774 696 901 562 994 367 753 894 809 0 894 0 133 204 855 912 0 131 74 87 990 128 566 724 0 195 744 64 916 763 265 127 679 899 134 0 912 164 0 215 602 380 92 265 384 668 0 269 622 0 700 625 498 704 846 0 0 736 733 67 0 18 0 0 0 380 0 22 200 613 851 437 576 4 0 448 326 17 0 0 10 884 156 74 729 0 890 771 827 124 548 219 22 21 676 805 65 537 0 349 348 658 751 0 0 520 120 0 919 540 370 23 591 0 249 506 843 848 108 532 629 0 0 0 85 121 986 612 593 0 409 865 0 673 0 0 768 0 685 178 0 179 424 329 621 175 582 284 713 0 595 207 0 874 0 0 283 0 0 0 235 553 270 653 986 597 403 380 682 0 0 859 993 952 227 770 796 111 622 0 961 0 371 309 0 947 216 957 386 775 958 968 0 706 0 348 832 254 378 318 909 438 847 101 671 283 830 315 340 759 212 0 622 418 268 8 189 638 437 16 445 340 727 0 571 472 0 3 655 699 555 163 0 259 233 176 1 0 844 325 0 888 901 63 357 820 0 340 
651 352 230 7 0 824 516 635 299 0 372 0 557 191 0 287 0 0 736 822 754 0 690 832 0 514 362 0 0 133 0 168 9 0 417 380 0 300 920 382 540 0 105 746 0 415 26 0 117 0 643 201 233 483 504 221 690 802 682 0 691 528 740 163 0 571 857 801 313 981 850 0 769 0 0 106 704 0 254 142 205 592 0 18 0 836 989 755 292 372 814 449 0 286 117 0 740 566 0 133 486 0 501 9 817 0 0 882 653 280 820 829 0 16 771 976 0 838 55 0 957 291 618 723 475 0 0 0 0 596 505 164 0 573 786 602 715 377 894 873 90 419 49 0 723 38 630 614 0 0 950 582 568 177 370 260 0 448 0 12 0 952 0 876 0 109 497 0 0 133 0 0 80 0 0 68 862 880 508 0 882 131 100 733 419 227 0 693 794 797 994 917 990 0 479 0 154 910 475 111 233 640 436 0 0 75 926 0 429 0 327 11 414 0 708 903 394 735 777 0 36 0 468 559 106 204 542 223 0 218 0 962 890 271 59 979 641 0 103 0 891 0 971 332 1 175 278 677 917 0 623 641 610 911 0 401 763 122 90 651 0 0 603 381 0 957 
248 0 0 507 0 515 427 0 735 865 110 334 0 133 0 152 396 174 567 761 0 985 0 0 184 888 692 129 312 204 168 0 675 0 956 314 0 317 936 138 388 193 0 608 652 653 474 235 0 493 579 0 635 0 276 290 269 0 0 130 450 707 336 342 683 442 146 714 297 491 292 175 432 820 482 125 124 259 623 987 835 631 206 39 480 10 0 78 254 93 732 24 598 544 114 481 773 876 930 511 51 623 0 494 442 515 0 0 249 0 752 732 8 735 20 818 650 253 887 422 904 258 301 848 324 92 0 511 422 0 693 0 187 475 596 377 0 372 0 0 815 935 280 932 954 56 0 488 12 67 0 74 137 0 0 0 481 853 236 0 623 986 605 567 955 0 198 49 937 973 339 0 739 0 347 286 478 194 161 876 491 466 131 549 969 752 520 604 138 227 766 291 283 522 604 385 972 0 162 104 242 0 162 789 0 126 0 737 52 83 986 0 0 128 0 202 734 512 0 559 953 512 286 0 365 534 378 385 811 216 480 26 0 727 204 204 28 903 0 997 629 980 0 0 42 236 579 123 137 0 176 617 33 0 0 724 0 0 532 270 431 223 685 899 614 96 
0 788 814 467 0 232 925 455 722 696 44 198 101 0 377 0 513 867 452 547 414 693 224 127 63 346 325 682 911 855 9 675 0 963 0 570 0 0 0 246 0 219 566 770 394 0 11 6 780 143 697 830 187 0 561 323 371 593 327 27 0 334 498 67 0 804 24 501 61 0 162 0 208 745 141 187 330 0 0 0 862 981 894 520 481 359 974 836 0 0 0 226 300 547 43 372 754 736 0 957 649 353 182 382 190 462 668 245 813 0 45 759 574 0 0 0 804 623 278 236 689 943 885 442 611 615 0 906 175 982 945 47 843 0 745 173 537 131 900 452 372 205 978 698 856 868 439 840 171 0 49 0 578 531 432 957 624 0 215 0 188 0 917 0 596 782 214 0 306 0 0 668 736 308 881 0 194 0 521 473 518 642 97 0 0 998 0 505 970 794 801 678 64 0 635 419 17 84 931 375 0 2 149 954 0 81 0 576 0 757 162 0 187 0 328 858 199 478 0 184 0 629 35 365 418 876 935 595 687 30 632 191 633 838 408 292 720 582 711 0 685 740 0 689 70 0 719 653 321 904 0 676 935 479 261 641 0 645 766 0 956 912 304 0 276 284 
176 452 0 290 0 732 980 268 137 877 0 179 286 0 655 266 882 370 484 109 629 290 196 644 384 0 972 0 673 912 0 0 963 0 277 971 441 435 51 0 308 301 990 0 0 167 470 657 177 321 374 131 283 0 86 175 596 691 357 483 776 741 886 415 528 72 356 0 878 730 0 284 406 932 858 122 261 628 0 352 0 667 777 0 0 93 561 859 958 241 0 249 336 0 136 499 311 437 188 125 0 394 33 934 570 239 159 0 858 0 308 317 558 576 609 0 0 107 0 204 152 866 0 128 916 0 0 344 544 97 273 781 657 928 526 0 253 739 0 20 281 1 539 703 462 0 0 551 0 188 366 445 0 0 0 395 46 63 300 721 171 0 983 0 0 390 271 0 489 324 707 0 566 389 160 685 0 0 0 742 878 259 0 982 0 0 867 132 0 889 81 148 922 0 789 0 246 466 63 120 167 241 614 317 320 707 22 713 0 0 599 448 76 412 593 305 0 575 569 0 0 371 377 265 240 0 396 0 0 639 76 642 26 0 343 693 62 623 406 589 0 934 996 851 66 0 979 62 726 57 521 0 289 97 762 90 0 0 0 338 0 412 800 754 0 0 
0 525 510 587 757 139 535 274 346 252 0 698 616 558 393 906 0 719 618 193 363 0 96 7 441 451 0 0 526 0 417 956 0 277 0 0 880 180 6 0 236 0 575 548 0 0 0 64 614 475 566 0 909 179 762 919 0 0 140 0 877 611 335 683 573 0 691 516 317 77 200 625 747 631 893 334 182 359 0 153 525 7 850 0 0 635 0 0 119 0 876 199 425 744 607 826 884 698 264 751 795 19 338 995 147 0 0 472 0 914 496 853 53 442 737 617 0 290 64 391 611 165 350 0 621 699 55 243 188 0 452 218 786 663 546 369 0 212 0 661 596 435 644 0 593 568 673 0 50 763 0 0 478 219 56 447 920 0 245 0 935 484 956 867 340 818 752 239 0 625 784 562 793 463 772 644 120 0 157 0 0 305 754 734 308 257 975 944 179 0 582 43 367 783 750 0 0 0 602 0 0 136 910 857 0 814 325 0 0 533 311 0 981 694 0 672 0 0 854 523 0 183 132 310 0 430 196 0 134 861 596 374 807 0 50 690 0 182 870 423 937 553 879 664 82 0 378 2 23 567 0 849 312 526 0 0 745 181 102 778 0 0 795 886 178 634 
779 0 143 14 310 796 0 987 74 316 0 301 191 147 333 140 599 0 593 0 0 0 951 886 0 786 0 457 106 131 380 314 570 971 0 0 0 391 526 743 236 0 50 183 655 236 354 889 0 934 0 901 800 805 954 474 948 0 124 961 298 727 588 0 0 0 0 0 531 285 219 0 0 0 959 713 0 0 202 779 142 463 247 439 740 584 200 97 0 179 791 405 125 0 490 860 0 0 0 613 807 988 242 0 933 957 198 469 351 0 0 105 932 45 185 48 43 294 911 377 569 66 16 169 0 0 0 497 730 0 680 0 863 0 563 383 521 367 629 715 0 446 615 631 565 525 0 531 310 0 222 994 0 5 284 0 231 0 85 301 964 949 195 921 0 685 580 419 0 173 0 112 509 31 271 0 503 513 818 215 598 891 837 268 80 583 0 0 5 0 519 213 818 961 0 312 118 846 340 663 0 0 0 496 949 220 0 361 520 287 0 21 923 360 0 0 760 0 122 538 430 690 724 534 0 877 745 288 709 411 438 985 214 0 64 828 892 912 0 0 285 0 0 715 0 378 135 997 989 806 444 209 918 0 855 929 722 821 574 906 776 0 166 844 472 708 
0 0 272 0 625 885 718 0 402 534 0 949 313 193 551 940 579 352 224 263 493 870 219 0 562 0 382 611 713 74 0 0 0 441 880 0 0 120 648 167 674 696 702 199 271 74 0 586 396 529 609 596 479 526 0 544 325 713 146 992 819 0 823 0 120 0 778 0 0 0 0 89 511 0 559 591 540 529 611 776 668 854 73 977 707 485 95 483 754 791 644 948 447 314 816 189 865 931 67 502 834 76 470 107 339 714 871 0 0 0 532 229 20 238 0 857 0 464 245 93 861 0 0 0 829 814 321 801 555 730 477 633 0 591 723 499 337 995 545 444 606 4 357 71 594 132 501 0 278 589 495 344 182 442 0 695 94 0 420 402 843 336 876 0 758 362 788 314 703 0 207 335 655 229 676 0 976 434 64 320 177 545 848 948 26 232 475 308 142 455 0 418 0 244 217 0 229 0 187 629 61 0 26 0 0 759 606 0 0 0 15 0 70 822 861 464 0 676 0 0 0 218 840 551 684 471 295 677 0 63 449 0 760 0 277 479 736 0 41 815 0 441 32 633 547 476 0 413 168 0 739 779 171 87 0 667 78 910 234 656 93 823 0 397 99 213 
0 0 747 452 795 0 611 0 984 572 474 0 731 502 173 0 0 246 634 67 216 0 721 0 0 319 867 724 0 87 300 317 0 435 180 391 120 0 896 867 387 10 759 234 564 125 0 0 45 271 144 0 532 325 470 187 743 0 0 380 0 0 128 846 89 515 107 398 770 596 0 56 554 786 240 97 77 369 477 142 0 761 530 793 534 111 916 497 213 642 571 217 47 558 143 394 635 65 0 921 112 906 825 0 382 0 917 314 0 757 0 0 680 424 393 955 0 999 767 695 807 0 88 723 404 210 700 81 910 0 394 0 759 436 599 0 96 438 446 0 237 675 919 475 718 183 824 951 722 0 589 0 0 279 405 197 639 718 81 807 0 237 0 0 250 770 877 233 324 655 0 0 0 30 461 324 608 0 751 616 0 90 894 397 0 912 375 846 936 510 596 265 450 361 0 105 889 687 29 942 772 0 891 756 719 0 778 722 278 301 0 0 191 0 189 401 870 70 0 718 281 91 423 375 73 224 70 689 878 773 0 346 965 624 817 0 890 0 40 598 0 536 174 714 573 27 281 306 758 315 348 43 7 967 963 0 854 661 731 394 71 186 202 604 0 32 
0 0 325 272 487 632 981 521 0 0 103 353 15 883 711 0 900 273 183 925 987 663 0 921 274 945 554 0 894 990 920 936 0 51 6 526 648 896 0 707 179 385 117 910 0 306 766 137 372 549 522 0 469 0 668 696 0 893 425 234 307 566 0 533 383 906 653 454 265 0 929 282 277 937 455 0 0 206 991 86 930 0 157 60 0 820 896 509 533 0 687 822 337 0 0 269 159 152 0 547 0 684 955 59 642 945 0 851 484 977 552 413 259 771 640 90 784 476 0 0 0 622 133 90 0 736 197 795 507 803 141 685 10 0 317 997 534 305 774 491 895 897 893 445 416 131 214 0 690 184 0 896 385 356 0 759 610 345 840 794 0 247 0 934 213 145 266 0 789 496 882 0 0 0 21 605 0 796 751 885 0 766 0 834 548 826 208 266 551 444 644 7 859 697 0 119 551 949 751 789 0 962 0 754 591 0 0 0 67 466 0 930 267 0 747 431 986 509 598 0 509 607 961 963 0 567 448 749 0 254 779 804 0 962 483 134 89 0 564 882 352 0 784 445 27 593 0 533 665 583 0 462 190 0 0 0 893 0 0 405 0 0 0 0 154 0 
372 226 482 735 8 0 813 0 339 3 313 367 721 810 375 412 71 949 0 946 949 966 0 725 496 535 0 642 470 128 382 138 246 0 0 743 167 867 707 0 279 610 762 816 23 0 329 121 740 888 767 39 946 0 356 292 726 352 541 905 6 170 365 457 0 574 976 206 72 135 0 332 0 611 44 0 0 0 353 691 0 933 0 0 781 866 468 0 567 0 0 0 36 923 695 216 740 459 712 0 912 887 25 944 959 51 632 914 0 713 0 93 553 181 114 153 613 698 193 938 0 366 518 527 495 424 0 872 0 666 571 741 88 894 928 737 135 932 0 842 12 964 701 850 65 291 147 468 373 949 126 833 980 568 268 138 16 378 611 311 0 988 0 0 231 625 39 460 613 392 918 290 323 0 0 937 200 555 926 0 525 0 49 0 209 671 25 450 209 777 0 400 60 513 89 958 0 265 200 901 940 0 411 0 0 877 355 21 950 0 59 311 823 994 0 469 0 651 463 182 197 219 60 743 0 249 0 254 0 0 695 805 640 811 595 0 781 0 0 525 0 967 740 734 731 0 9 357 89 70 961 0 0 448 730 824 754 846 0 103 789 0 357 0 564 121 
585 120 854 886 929 690 940 645 0 675 307 919 0 110 569 406 0 427 257 966 116 916 921 308 912 690 0 490 0 566 540 388 0 308 236 236 674 387 179 279 0 630 927 899 142 270 506 285 0 0 888 334 184 623 235 665 546 637 672 0 0 869 564 263 187 899 106 54 605 74 0 3 693 460 787 0 39 0 958 156 871 717 113 569 0 434 144 628 775 785 250 0 232 185 563 692 398 516 494 630 807 944 890 0 0 304 0 749 258 271 0 434 852 89 976 0 0 853 127 895 849 0 0 575 0 538 564 180 633 758 124 682 573 287 130 693 605 0 359 930 0 916 898 431 716 601 957 970 655 412 578 0 409 172 556 0 953 334 0 0 769 0 383 0 734 69 433 962 865 951 292 0 534 203 947 675 989 0 225 281 82 525 211 636 790 963 333 898 880 0 719 590 0 925 0 257 0 21 120 206 0 912 335 0 133 479 0 0 462 0 0 0 807 741 0 0 617 896 113 663 431 0 904 965 35 0 830 0 0 623 0 873 899 0 333 4 0 920 269 133 378 0 157 804 0 976 140 700 214 181 0 0 0 408 671 0 583 0 921 0 139 0 734 162 0 799 
781 982 984 655 771 0 113 738 0 849 190 468 0 978 294 28 397 672 29 0 433 621 266 317 329 815 606 465 0 724 0 193 219 301 0 0 696 10 385 610 630 0 274 504 310 0 812 254 716 905 0 0 301 0 120 586 0 0 283 319 605 819 206 501 738 49 0 509 0 656 163 893 0 684 613 600 895 200 0 305 0 540 539 0 0 248 910 190 0 139 327 726 447 899 0 545 837 480 453 0 0 843 11 184 0 159 44 250 354 954 896 111 799 714 0 332 994 747 908 265 407 196 809 0 9 0 887 676 245 981 420 876 31 104 760 716 0 0 828 211 0 282 107 862 0 933 666 932 52 868 588 596 403 705 635 670 0 810 397 903 0 0 213 577 986 242 702 234 439 0 418 934 217 412 0 933 918 948 315 108 557 940 388 69 215 797 354 602 0 0 0 865 416 588 613 0 0 632 736 201 167 789 942 211 942 873 0 224 34 787 0 638 840 155 181 451 149 4 0 201 469 0 373 282 533 480 984 805 0 0 84 0 592 714 574 0 702 0 923 72 0 0 769 229 0 11 991 0 906 0 536 48 883 218 281 79 0 0 860 772 812 0 0 0 964 547 
187 629 700 0 982 0 425 827 27 345 892 546 215 20 270 666 450 980 633 195 0 0 302 722 0 646 585 0 927 0 105 0 566 990 575 50 702 759 117 762 927 274 0 116 636 414 443 0 23 234 129 0 745 582 0 393 664 0 791 939 0 190 388 24 651 620 698 0 875 513 0 326 0 367 622 0 0 408 0 0 969 662 151 145 88 924 740 776 546 855 0 239 266 0 0 257 753 774 800 540 239 241 464 989 0 244 0 0 715 750 0 736 956 494 550 315 996 466 456 276 402 0 0 0 840 568 269 214 409 98 67 0 90 349 172 826 244 0 785 112 810 559 0 103 375 882 68 0 688 0 630 391 814 333 832 667 0 449 0 0 0 699 817 384 964 84 911 0 328 0 229 497 491 51 792 93 818 851 0 481 865 154 0 0 720 748 223 691 863 875 0 823 0 936 325 500 862 629 693 931 874 0 0 324 164 306 282 898 0 487 169 558 127 541 734 715 712 857 291 45 297 0 111 761 52 58 0 166 188 0 0 251 856 0 0 703 897 704 390 929 53 840 892 0 295 797 897 499 500 210 152 417 0 441 0 0 816 811 903 0 220 0 0 787 581 474 
