0 911 0 382 62 232 912 151 537 0 945 181 676 898 0 823 0 72 35 673 845 298 884 0 0 159 612 521 875 693 157 892 796 802 351 262 0 825 106 585 118 225 258 0 938 0 132 902 0 276 367 0 0 968 0 0 695 243 102 764 631 533 337 390 402 0 958 175 851 607 0 0 0 582 0 896 970 727 618 523 0 42 793 0 
911 0 387 939 600 832 50 494 680 644 4 881 0 131 0 43 0 823 0 686 0 0 0 183 0 0 0 582 214 0 516 0 551 960 404 0 449 809 0 95 0 0 824 487 666 762 545 0 0 506 962 869 342 900 27 527 874 503 0 225 717 85 636 385 0 715 895 0 344 202 78 369 800 374 0 0 959 659 899 0 703 0 263 422 
0 387 0 0 194 0 0 0 166 0 186 77 243 142 896 979 485 847 351 811 510 78 0 0 904 746 423 86 41 278 905 91 0 926 593 112 0 0 615 507 160 0 218 154 0 986 806 762 525 0 950 715 782 21 0 603 260 0 901 0 597 300 48 738 0 296 555 883 0 611 101 788 570 0 237 153 573 0 0 0 220 616 573 795 
382 939 0 0 0 12 707 132 555 270 21 66 365 611 747 978 274 858 535 521 897 933 219 661 74 500 837 0 0 0 778 18 546 553 50 217 939 814 964 415 0 612 867 894 0 717 255 383 870 172 79 0 642 858 847 118 926 997 16 247 704 473 0 526 321 888 0 39 322 206 316 182 752 180 682 0 296 765 425 807 931 666 0 826 
62 600 194 0 0 99 183 0 552 86 893 0 747 0 262 0 0 0 805 0 575 485 0 0 738 204 849 0 469 486 766 0 977 0 31 944 0 208 67 0 806 919 81 0 382 109 0 329 0 912 831 523 0 90 0 800 322 359 919 856 492 0 652 0 68 301 425 208 0 849 352 915 889 0 0 0 0 649 0 549 551 891 0 218 
232 832 0 12 99 0 66 175 705 0 980 0 231 972 193 136 451 609 185 0 72 871 421 438 499 481 489 32 284 0 520 24 541 0 454 0 204 170 567 237 384 0 565 0 0 128 743 24 482 546 0 0 456 420 0 883 829 603 0 250 659 964 116 153 354 0 939 412 366 103 337 667 20 351 0 0 454 0 594 578 476 712 897 395 
912 50 0 707 183 66 0 0 0 0 27 913 855 686 0 0 0 822 153 236 853 282 706 587 0 747 417 358 715 922 636 0 105 0 775 285 838 17 162 0 0 466 0 0 832 851 734 0 0 94 58 0 171 381 7 850 316 0 314 398 0 0 948 522 367 965 788 609 524 90 0 360 755 0 20 285 643 638 705 30 461 208 562 325 
151 494 0 132 0 175 0 0 395 642 51 295 476 388 196 466 370 122 240 33 961 0 493 240 0 562 951 378 316 466 344 880 0 782 0 0 588 355 0 858 612 0 306 666 922 472 422 105 196 0 886 216 143 903 748 152 267 415 0 765 0 250 0 11 278 595 587 80 11 868 569 0 0 26 567 653 443 993 392 0 258 153 804 204 
537 680 166 555 552 705 0 395 0 38 675 0 0 325 71 992 0 304 748 390 960 0 433 0 0 301 0 104 36 49 0 882 0 743 332 371 251 789 902 614 941 872 0 650 262 443 641 853 367 0 0 831 0 124 156 959 898 0 906 553 920 532 0 419 115 761 249 0 591 0 0 0 0 10 652 808 0 0 848 49 839 0 37 0 
0 644 0 270 86 0 0 642 38 0 10 0 537 75 0 709 285 632 425 0 640 480 0 15 73 806 55 721 541 86 0 814 689 750 621 461 957 165 0 639 0 399 872 0 371 449 0 0 632 602 0 981 82 786 570 204 180 0 0 0 633 0 200 0 0 178 444 292 749 593 0 824 931 0 197 4 6 0 287 0 325 515 0 0 
945 4 186 21 893 980 27 51 675 10 0 931 705 94 927 496 544 0 386 743 0 608 164 540 731 0 959 419 0 94 0 0 0 500 0 755 0 0 599 187 333 970 959 619 463 643 0 952 350 378 0 507 589 306 448 0 0 296 258 942 682 480 653 840 558 226 0 311 349 757 0 829 0 0 126 90 416 0 579 961 275 572 945 0 
181 881 77 66 0 0 913 295 0 0 931 0 166 0 0 799 633 0 944 0 0 48 458 844 102 0 574 286 227 0 688 411 374 55 688 0 549 924 809 509 131 0 11 0 151 896 763 839 650 683 579 325 460 428 778 921 0 585 0 657 378 516 998 665 851 52 726 342 0 716 833 0 635 877 743 170 419 141 251 131 0 0 0 315 
676 0 243 365 747 231 855 476 0 537 705 166 0 45 496 63 640 591 609 346 359 339 284 27 0 210 164 477 210 900 781 719 0 185 864 623 783 623 0 116 0 881 0 0 418 0 502 226 273 65 423 245 378 83 25 77 717 0 0 671 48 555 943 0 312 977 939 0 969 986 0 730 663 29 377 0 791 65 155 816 53 335 384 951 
898 131 142 611 0 972 686 388 325 75 94 0 45 0 988 0 171 0 0 16 444 0 732 428 218 0 702 901 20 0 0 853 9 608 326 866 0 788 0 672 363 645 676 146 299 418 0 933 166 518 444 0 660 430 0 935 164 299 160 210 41 492 102 479 0 613 119 0 366 50 263 0 992 597 250 34 654 542 309 0 0 400 123 457 
0 0 896 747 262 193 0 196 71 0 927 0 496 988 0 346 851 45 0 0 296 693 871 0 0 849 281 812 0 0 952 0 307 686 432 555 0 813 349 968 728 784 630 32 0 0 0 123 922 964 500 417 0 369 268 102 597 313 635 31 949 378 178 60 252 146 58 283 730 0 359 709 194 81 790 313 911 0 424 0 0 459 0 0 
823 43 979 978 0 136 0 466 992 709 496 799 63 0 346 0 829 39 956 0 394 72 77 873 0 605 0 116 987 748 249 71 709 301 926 805 430 643 433 842 494 681 565 148 0 298 328 91 718 933 726 0 613 0 0 98 0 440 287 260 364 747 10 284 376 301 721 381 529 739 423 213 0 0 905 216 91 706 255 577 538 620 617 0 
0 0 485 274 0 451 0 370 0 285 544 633 640 171 851 829 0 532 728 813 193 139 0 0 871 679 915 913 23 828 0 500 0 0 411 0 784 0 0 79 956 0 628 667 460 628 943 178 25 0 932 810 864 633 0 949 40 127 440 930 90 484 293 700 168 235 0 552 795 0 10 0 579 464 0 720 0 471 372 246 739 161 0 0 
72 823 847 858 0 609 822 122 304 632 0 0 591 0 45 39 532 0 846 611 99 376 877 329 71 0 562 74 0 22 437 449 0 203 547 593 245 703 239 980 891 665 354 672 391 642 699 0 315 743 0 635 212 247 543 240 0 687 423 946 619 978 650 0 62 355 137 0 122 720 526 324 199 0 0 340 418 572 453 35 404 493 0 0 
35 0 351 535 805 185 153 240 748 425 386 944 609 0 0 956 728 846 0 903 853 759 994 95 938 0 440 255 593 241 14 694 754 932 0 630 559 0 58 0 0 702 302 501 832 0 560 0 576 18 702 853 0 991 0 997 143 0 210 427 0 794 968 558 0 672 875 568 165 0 418 89 931 0 0 946 448 331 51 0 82 301 203 0 
673 686 811 521 0 0 236 33 390 0 743 0 346 16 0 0 813 611 903 0 0 122 0 884 792 611 798 0 171 328 111 82 761 615 678 0 679 0 272 89 195 448 105 0 0 209 225 471 554 0 939 354 328 795 827 959 183 0 0 918 0 491 290 994 614 483 545 341 0 415 0 1 344 514 89 0 0 0 548 920 208 0 547 848 
845 0 510 897 575 72 853 961 960 640 0 0 359 444 296 394 193 99 853 0 0 282 909 0 0 233 257 0 0 521 591 179 490 158 930 847 0 722 0 673 874 0 461 293 0 715 753 0 0 728 0 0 0 732 0 105 753 995 305 0 10 0 927 232 76 661 635 824 0 762 0 279 0 94 265 485 222 0 0 843 0 649 709 0 
298 0 78 933 485 871 282 0 0 480 608 48 339 0 693 72 139 376 759 122 282 0 0 767 920 123 620 0 904 384 386 0 404 223 308 980 96 577 642 167 816 538 881 837 318 0 649 44 116 502 861 941 161 981 987 371 0 0 0 544 644 40 881 82 564 480 394 308 422 73 0 856 0 234 0 0 818 600 964 792 117 841 915 222 
884 0 0 219 0 421 706 493 433 0 164 458 284 732 871 77 0 877 994 0 909 0 0 148 142 0 777 213 570 313 0 0 0 0 0 383 0 938 0 0 655 119 320 0 0 640 614 605 0 85 929 573 0 0 29 923 747 782 0 0 0 594 584 0 600 398 933 0 692 406 925 41 775 0 783 487 761 0 940 659 52 0 248 693 
0 183 0 661 0 438 587 240 0 15 540 844 27 428 0 873 0 329 95 884 0 767 148 0 625 0 794 983 774 0 0 594 969 4 398 0 0 841 920 131 219 9 757 821 40 719 0 234 0 478 0 798 948 38 0 452 0 172 384 92 507 457 0 0 0 538 4 88 0 888 245 283 0 217 0 0 0 0 369 730 0 794 89 766 
0 0 904 74 738 499 0 0 0 73 731 102 0 218 0 0 871 71 938 792 0 920 142 625 0 262 586 0 669 649 708 969 0 274 0 0 903 183 0 211 737 0 666 136 204 0 802 471 52 607 0 938 0 0 742 565 359 125 426 308 0 0 0 75 854 947 0 0 460 0 812 431 470 548 556 111 152 72 597 0 0 539 0 87 
159 0 746 500 204 481 747 562 301 806 0 0 210 0 849 605 679 0 0 611 233 123 0 0 262 0 25 774 879 240 0 472 558 201 661 547 0 0 535 75 0 434 0 237 592 196 451 550 254 693 9 276 146 43 65 888 586 654 0 68 942 0 264 773 942 231 0 841 662 109 247 0 957 3 339 45 0 413 691 894 968 173 154 892 
612 0 423 837 849 489 417 951 0 55 959 574 164 702 281 0 915 562 440 798 257 620 777 794 586 25 0 73 138 0 147 0 755 421 618 214 0 803 959 238 0 0 253 215 915 0 521 0 0 341 327 481 0 698 676 0 791 246 0 195 602 979 865 603 376 828 200 281 0 593 0 0 0 0 388 0 117 354 651 941 0 0 0 0 
521 582 86 0 0 32 358 378 104 721 419 286 477 901 812 116 913 74 255 0 0 0 213 983 0 774 73 0 520 0 0 0 503 615 745 707 394 183 629 904 924 347 0 190 697 268 944 556 0 227 495 994 0 532 0 552 169 0 877 0 529 764 26 859 782 657 994 87 562 592 183 745 715 813 259 954 101 647 259 64 184 159 287 0 
875 214 41 0 469 284 715 316 36 541 0 227 210 20 0 987 23 0 593 171 0 904 570 774 669 879 138 520 0 995 0 941 25 0 432 388 80 751 656 318 352 34 541 107 152 195 495 335 562 0 0 17 0 563 0 0 963 608 92 538 0 0 498 882 480 908 597 815 0 774 237 583 775 985 800 982 729 0 325 281 930 0 373 22 
693 0 278 0 486 0 922 466 49 86 94 0 900 0 0 748 828 22 241 328 521 384 313 0 649 240 0 0 995 0 727 608 0 93 0 645 487 250 172 529 0 113 651 527 107 747 0 803 839 404 102 0 430 0 506 370 0 217 186 297 172 486 358 598 0 883 471 860 0 673 821 345 0 479 252 310 0 59 466 410 709 869 104 501 
157 516 905 778 766 520 636 344 0 0 0 688 781 0 952 249 0 437 14 111 591 386 0 0 708 0 147 0 0 727 0 566 0 350 855 452 396 912 856 460 410 83 849 0 754 980 0 826 0 158 0 0 565 0 928 643 0 668 159 295 7 526 0 346 207 0 620 873 233 7 535 584 0 0 968 301 158 91 385 0 206 170 676 0 
892 0 91 18 0 24 0 880 882 814 0 411 719 853 0 71 500 449 694 82 179 0 0 594 969 472 0 0 941 608 566 0 730 98 925 60 635 0 0 415 0 19 904 854 477 256 106 313 0 646 0 443 622 420 609 662 0 562 549 0 626 969 609 192 0 0 453 472 855 996 0 27 0 919 544 109 0 0 0 122 262 545 26 0 
796 551 0 546 977 541 105 0 0 689 0 374 0 9 307 709 0 0 754 761 490 404 0 969 0 558 755 503 25 0 0 730 0 993 0 340 825 382 407 263 0 252 585 0 969 393 0 98 325 0 154 799 471 0 116 285 0 740 331 351 177 28 951 141 0 381 0 924 711 548 857 862 0 0 48 0 309 690 360 500 310 551 602 0 
802 960 926 553 0 0 0 782 743 750 500 55 185 608 686 301 0 203 932 615 158 223 0 4 274 201 421 615 0 93 350 98 993 0 505 0 854 277 206 0 820 615 225 251 786 224 87 311 0 0 0 824 267 0 444 207 195 372 716 195 0 836 0 556 364 710 543 147 466 165 0 523 0 805 3 0 948 546 377 0 500 647 389 196 
351 404 593 50 31 454 775 0 332 621 0 688 864 326 432 926 411 547 0 678 930 308 0 398 0 661 618 745 432 0 855 925 0 505 0 925 115 915 560 862 0 61 871 262 685 240 220 467 322 846 745 238 598 634 0 281 323 188 978 993 7 189 0 0 639 0 0 671 0 230 530 334 0 488 0 0 885 0 586 355 278 577 190 94 
262 0 112 217 944 0 285 0 371 461 755 0 623 866 555 805 0 593 630 0 847 980 383 0 0 547 214 707 388 645 452 60 340 0 925 0 438 0 169 816 0 439 28 62 527 0 0 149 475 706 10 254 0 116 300 385 0 943 156 962 561 0 405 0 0 467 590 241 744 405 897 485 0 708 439 0 60 0 0 965 730 588 823 918 
0 449 0 939 0 204 838 588 251 957 0 549 783 0 0 430 784 245 559 679 0 96 0 0 903 0 0 394 80 487 396 635 825 854 115 438 0 837 952 495 207 49 629 779 221 702 0 673 0 0 0 0 43 59 318 376 289 75 560 0 435 785 0 117 821 56 0 46 929 384 529 0 964 0 22 977 887 936 940 0 854 429 781 593 
825 809 0 814 208 170 17 355 789 165 0 924 623 788 813 643 0 703 0 0 722 577 938 841 183 0 803 183 751 250 912 0 382 277 915 0 837 0 779 775 399 0 131 881 482 227 0 500 112 601 679 970 797 542 886 0 12 537 874 515 0 0 617 693 454 0 557 236 127 2 330 217 906 0 117 140 0 0 737 836 333 0 719 62 
106 0 615 964 67 567 162 0 902 0 599 809 0 0 349 433 0 239 58 272 0 642 0 920 0 535 959 629 656 172 856 0 407 206 560 169 952 779 0 0 359 82 570 321 954 798 513 682 18 332 394 53 436 135 0 685 0 0 783 844 655 625 649 441 941 0 0 478 0 367 593 0 248 998 0 0 173 478 0 871 969 0 211 448 
585 95 507 415 0 237 0 858 614 639 187 509 116 672 968 842 79 980 0 89 673 167 0 131 211 75 238 904 318 529 460 415 263 0 862 816 495 775 0 0 180 0 328 0 31 224 0 0 230 875 483 801 0 111 602 270 775 496 796 0 231 948 125 455 571 0 217 574 818 400 55 0 237 0 0 497 0 681 96 834 132 651 0 235 
118 0 160 0 806 384 0 612 941 0 333 131 0 363 728 494 956 891 0 195 874 816 655 219 737 0 0 924 352 0 410 0 0 820 0 0 207 399 359 180 0 780 909 78 397 145 0 0 0 938 797 719 346 728 733 786 0 919 381 689 128 703 772 0 0 211 0 693 0 0 815 339 403 78 687 800 0 94 80 600 244 780 851 0 
225 0 0 612 919 0 466 0 872 399 970 0 881 645 784 681 0 665 702 448 0 538 119 9 0 434 0 347 34 113 83 19 252 615 61 439 49 0 82 0 780 0 0 58 215 823 969 0 799 893 281 0 0 0 229 204 420 0 324 707 0 175 661 570 678 122 451 411 182 0 0 725 318 616 437 383 271 438 0 0 981 0 624 600 
258 824 218 867 81 565 0 306 0 872 959 11 0 676 630 565 628 354 302 105 461 881 320 757 666 0 253 0 541 651 849 904 585 225 871 28 629 131 570 328 909 0 0 0 208 839 691 578 42 593 398 537 408 0 627 283 932 613 493 706 172 617 681 0 615 33 285 58 0 0 0 0 0 0 971 191 232 275 0 427 82 936 71 958 
0 487 154 894 0 0 0 666 650 0 619 0 0 146 32 148 667 672 501 0 293 837 0 821 136 237 215 190 107 527 0 854 0 251 262 62 779 881 321 0 78 58 0 0 0 0 997 0 749 50 700 0 276 583 120 155 601 0 839 975 0 0 0 970 198 420 460 59 573 0 0 896 701 254 0 0 925 784 119 806 877 0 0 0 
938 666 0 0 382 0 832 922 262 371 463 151 418 299 0 0 460 391 832 0 0 318 0 40 204 592 915 697 152 107 754 477 969 786 685 527 221 482 954 31 397 215 208 0 0 920 894 442 0 279 0 0 486 24 835 678 320 706 831 0 713 0 449 888 0 25 602 0 889 593 936 536 15 0 843 592 389 629 91 160 366 0 440 263 
0 762 986 717 109 128 851 472 443 449 643 896 0 418 0 298 628 642 0 209 715 0 640 719 0 196 0 268 195 747 980 256 393 224 240 0 702 227 798 224 145 823 839 0 920 0 400 685 955 0 0 96 0 0 0 0 668 287 846 988 570 141 716 0 749 0 421 643 734 255 486 0 744 110 416 529 0 0 856 0 924 0 0 0 
132 545 806 255 0 743 734 422 641 0 0 763 502 0 0 328 943 699 560 225 753 649 614 0 802 451 521 944 495 0 0 106 0 87 220 0 0 0 513 0 0 969 691 997 894 400 0 941 40 32 486 771 386 0 576 520 498 675 0 0 459 253 542 0 778 661 374 455 977 440 0 165 0 311 94 997 200 680 686 970 0 970 0 402 
902 0 762 383 329 24 0 105 853 0 952 839 226 933 123 91 178 0 0 471 0 44 605 234 471 550 0 556 335 803 826 313 98 311 467 149 673 500 682 0 0 0 578 0 442 685 941 0 274 35 0 926 0 294 949 292 0 598 838 455 785 786 783 380 403 421 996 288 21 19 68 690 328 682 0 134 0 488 0 74 487 0 610 0 
0 0 525 870 0 482 0 196 367 632 350 650 273 166 922 718 25 315 576 554 0 116 0 0 52 254 0 0 562 839 0 0 325 0 322 475 0 112 18 230 0 799 42 749 0 955 40 274 0 153 0 2 437 806 324 759 0 780 384 0 452 428 0 682 180 14 0 0 605 129 87 352 249 622 0 415 412 451 0 0 846 957 11 0 
276 506 0 172 912 546 94 0 0 602 378 683 65 518 964 933 0 743 18 0 728 502 85 478 607 693 341 227 0 404 158 646 0 0 846 706 0 601 332 875 938 893 593 50 279 0 32 35 153 0 884 408 983 747 467 0 0 1 420 0 0 822 0 712 397 16 133 0 925 0 0 794 620 481 0 218 703 449 951 580 0 777 429 941 
367 962 950 79 831 0 58 886 0 0 0 579 423 444 500 726 932 0 702 939 0 861 929 0 0 9 327 495 0 102 0 0 154 0 745 10 0 679 394 483 797 281 398 700 0 0 486 0 0 884 0 622 278 0 0 0 191 735 992 0 632 348 904 692 331 455 117 0 0 55 401 145 637 621 0 938 0 614 913 0 147 943 175 798 
0 869 715 0 523 0 0 216 831 981 507 325 245 0 417 0 810 635 853 354 0 941 573 798 938 276 481 994 17 0 0 443 799 824 238 254 0 970 53 801 719 0 537 0 0 96 771 926 2 408 622 0 54 0 513 997 102 419 0 345 0 820 334 917 978 265 187 0 948 256 680 958 0 984 55 570 219 292 0 761 210 202 755 849 
0 342 782 642 0 456 171 143 0 82 589 460 378 660 0 613 864 212 0 328 0 161 0 948 0 146 0 0 0 430 565 622 471 267 598 0 43 797 436 0 346 0 408 276 486 0 386 0 437 983 278 54 0 448 647 0 0 23 488 36 442 0 0 0 510 0 0 691 491 0 727 897 0 0 0 0 205 0 0 378 328 830 947 387 
968 900 21 858 90 420 381 903 124 786 306 428 83 430 369 0 633 247 991 795 732 981 0 38 0 43 698 532 563 0 0 420 0 0 634 116 59 542 135 111 728 0 0 583 24 0 0 294 806 747 0 0 448 0 591 163 927 0 216 830 819 683 576 432 0 67 707 0 986 0 963 756 775 883 657 0 664 540 63 0 166 145 0 66 
0 27 0 847 0 0 7 748 156 570 448 778 25 0 268 0 0 543 0 827 0 987 29 0 742 65 676 0 0 506 928 609 116 444 0 300 318 886 0 602 733 229 627 120 835 0 576 949 324 467 0 513 647 591 0 493 239 0 808 366 850 0 649 840 241 0 0 0 961 556 907 592 466 272 63 231 0 0 78 0 0 322 337 803 
0 527 603 118 800 883 850 152 959 204 0 921 77 935 102 98 949 240 997 959 105 371 923 452 565 888 0 552 0 370 643 662 285 207 281 385 376 0 685 270 786 204 283 155 678 0 520 292 759 0 0 997 0 163 493 0 373 164 878 0 297 435 0 0 296 864 362 63 0 0 806 939 840 297 0 6 0 857 53 933 128 688 0 0 
695 874 260 926 322 829 316 267 898 180 0 0 717 164 597 0 40 0 143 183 753 0 747 0 359 586 791 169 963 0 0 0 0 195 323 0 289 12 0 775 0 420 932 601 320 668 498 0 0 0 191 102 0 927 239 373 0 0 983 501 228 375 647 201 259 332 95 745 0 190 524 0 997 0 436 699 384 0 899 938 749 763 79 0 
243 503 0 997 359 603 0 415 0 0 296 585 0 299 313 440 127 687 0 0 995 0 782 172 125 654 246 0 608 217 668 562 740 372 188 943 75 537 0 496 919 0 613 0 706 287 675 598 780 1 735 419 23 0 0 164 0 0 256 354 0 401 77 735 919 314 870 488 144 58 218 0 145 814 363 515 149 944 252 301 896 205 89 560 
102 0 901 16 919 0 314 0 906 0 258 0 0 160 635 287 440 423 210 0 305 0 0 384 426 0 0 877 92 186 159 549 331 716 978 156 560 874 783 796 381 324 493 839 831 846 0 838 384 420 992 0 488 216 808 878 983 256 0 0 0 154 0 0 0 324 739 619 626 820 713 520 472 445 681 585 170 621 951 0 671 992 529 72 
764 225 0 247 856 250 398 765 553 0 942 657 671 210 31 260 930 946 427 918 0 544 0 92 308 68 195 0 538 297 295 0 351 195 993 962 0 515 844 0 689 707 706 975 0 988 0 455 0 0 0 345 36 830 366 0 501 354 0 0 421 0 0 0 548 941 885 0 421 746 518 725 0 173 689 578 612 656 60 859 962 890 0 416 
631 717 597 704 492 659 0 0 920 633 682 378 48 41 949 364 90 619 0 0 10 644 0 507 0 942 602 529 0 172 7 626 177 0 7 561 435 0 655 231 128 0 172 0 713 570 459 785 452 0 632 0 442 819 850 297 228 0 0 421 0 897 365 0 0 888 458 0 181 739 867 355 883 197 0 388 616 0 629 0 883 163 819 534 
533 85 300 473 0 964 0 250 532 0 480 516 555 492 378 747 484 978 794 491 0 40 594 457 0 0 979 764 0 486 526 969 28 836 189 0 785 0 625 948 703 175 617 0 0 141 253 786 428 822 348 820 0 683 0 435 375 401 154 0 897 0 692 289 577 0 954 377 746 375 648 0 180 170 647 743 275 713 69 0 0 21 0 682 
337 636 48 0 652 116 948 0 0 200 653 998 943 102 178 10 293 650 968 290 927 881 584 0 0 264 865 26 498 358 0 609 951 0 0 405 0 617 649 125 772 661 681 0 449 716 542 783 0 0 904 334 0 576 649 0 647 77 0 0 365 692 0 162 779 0 0 564 0 950 731 173 205 0 936 39 0 794 125 0 293 918 356 610 
390 385 738 526 0 153 522 11 419 0 840 665 0 479 60 284 700 0 558 994 232 82 0 0 75 773 603 859 882 598 346 192 141 556 0 0 117 693 441 455 0 570 0 970 888 0 0 380 682 712 692 917 0 432 840 0 201 735 0 0 0 289 162 0 0 383 328 0 664 0 0 814 764 18 463 951 591 0 643 39 520 211 934 673 
402 0 0 321 68 354 367 278 115 0 558 851 312 0 252 376 168 62 0 614 76 564 600 0 854 942 376 782 480 0 207 0 0 364 639 0 821 454 941 571 0 678 615 198 0 749 778 403 180 397 331 978 510 0 241 296 259 919 0 548 0 577 779 0 0 910 564 0 690 960 752 0 889 958 251 884 173 387 254 407 0 384 868 930 
0 715 296 888 301 0 965 595 761 178 226 52 977 613 146 301 235 355 672 483 661 480 398 538 947 231 828 657 908 883 0 0 381 710 0 467 56 0 0 0 211 122 33 420 25 0 661 421 14 16 455 265 0 67 0 864 332 314 324 941 888 0 0 383 910 0 335 0 863 452 527 826 406 675 0 52 584 827 470 564 81 951 93 341 
958 895 555 0 425 939 788 587 249 444 0 726 939 119 58 721 0 137 875 545 635 394 933 4 0 0 200 994 597 471 620 453 0 543 0 590 0 557 0 217 0 451 285 460 602 421 374 996 0 133 117 187 0 707 0 362 95 870 739 885 458 954 0 328 564 335 0 608 345 994 0 799 540 89 362 0 275 641 0 826 136 747 243 0 
175 0 883 39 208 412 609 80 0 292 311 342 0 0 283 381 552 0 568 341 824 308 0 88 0 841 281 87 815 860 873 472 924 147 671 241 46 236 478 574 693 411 58 59 0 643 455 288 0 0 0 0 691 0 0 63 745 488 619 0 0 377 564 0 0 0 608 0 868 611 0 282 49 406 881 203 56 770 639 0 801 178 831 474 
851 344 0 322 0 366 524 11 591 749 349 0 969 366 730 529 795 122 165 0 0 422 692 0 460 662 0 562 0 0 233 855 711 466 0 744 929 127 0 818 0 182 0 573 889 734 977 21 605 925 0 948 491 986 961 0 0 144 626 421 181 746 0 664 690 863 345 868 0 543 0 511 889 751 13 70 931 967 335 368 521 188 0 996 
607 202 611 206 849 103 90 868 0 593 757 716 986 50 0 739 0 720 0 415 762 73 406 888 0 109 593 592 774 673 7 996 548 165 230 405 384 2 367 400 0 0 0 0 593 255 440 19 129 0 55 256 0 0 556 0 190 58 820 746 739 375 950 0 960 452 994 611 543 0 925 423 53 387 725 666 162 136 168 0 567 18 207 36 
0 78 101 316 352 337 0 569 0 0 0 833 0 263 359 423 10 526 418 0 0 0 925 245 812 247 0 183 237 821 535 0 857 0 530 897 529 330 593 55 815 0 0 0 936 486 0 68 87 0 401 680 727 963 907 806 524 218 713 518 867 648 731 0 752 527 0 0 0 925 0 801 939 22 0 453 202 0 159 635 368 404 78 0 
0 369 788 182 915 667 360 0 0 824 829 0 730 0 709 213 0 324 89 1 279 856 41 283 431 0 0 745 583 345 584 27 862 523 334 485 0 217 0 0 339 725 0 896 536 0 165 690 352 794 145 958 897 756 592 939 0 0 520 725 355 0 173 814 0 826 799 282 511 423 801 0 121 863 31 756 458 702 0 523 439 219 736 667 
0 800 570 752 889 20 755 0 0 931 0 635 663 992 194 0 579 199 931 344 0 0 775 0 470 957 0 715 775 0 0 0 0 0 0 0 964 906 248 237 403 318 0 701 15 744 0 328 249 620 637 0 0 775 466 840 997 145 472 0 883 180 205 764 889 406 540 49 889 53 939 121 0 0 873 572 682 676 977 729 0 456 691 638 
582 374 0 180 0 351 0 26 10 0 0 877 29 597 81 0 464 0 0 514 94 234 0 217 548 3 0 813 985 479 0 919 0 805 488 708 0 0 998 0 78 616 0 254 0 110 311 682 622 481 621 984 0 883 272 297 0 814 445 173 197 170 0 18 958 675 89 406 751 387 22 863 0 0 0 554 938 44 982 63 0 324 0 0 
0 0 237 682 0 0 20 567 652 197 126 743 377 250 790 905 0 0 0 89 265 0 783 0 556 339 388 259 800 252 968 544 48 3 0 439 22 117 0 0 687 437 971 0 843 416 94 0 0 0 0 55 0 657 63 0 436 363 681 689 0 647 936 463 251 0 362 881 13 725 0 31 873 0 0 0 925 884 0 908 0 859 508 0 
896 0 153 0 0 0 285 653 808 4 90 170 0 34 313 216 720 340 946 0 485 0 487 0 111 45 0 954 982 310 301 109 0 0 0 0 977 140 0 497 800 383 191 0 592 529 997 134 415 218 938 570 0 0 231 6 699 515 585 578 388 743 39 951 884 52 0 203 70 666 453 756 572 554 0 0 329 0 804 687 635 546 881 168 
970 959 573 296 0 454 643 443 0 6 416 419 791 654 911 91 0 418 448 0 222 818 761 0 152 0 117 101 729 0 158 0 309 948 885 60 887 0 173 0 0 271 232 925 389 0 200 0 412 703 0 219 205 664 0 0 384 149 170 612 616 275 0 591 173 584 275 56 931 162 202 458 682 938 925 329 0 783 248 368 0 967 181 403 
727 659 0 765 649 0 638 993 0 0 0 141 65 542 0 706 471 572 331 0 0 600 0 0 72 413 354 647 0 59 91 0 690 546 0 0 936 0 478 681 94 438 275 784 629 0 680 488 451 449 614 292 0 540 0 857 0 944 621 656 0 713 794 0 387 827 641 770 967 136 0 702 676 44 884 0 783 0 614 286 643 553 315 0 
618 899 0 425 0 594 705 392 848 287 579 251 155 309 424 255 372 453 51 548 0 964 940 369 597 691 651 259 325 466 385 0 360 377 586 0 940 737 0 96 80 0 0 119 91 856 686 0 0 951 913 0 0 63 78 53 899 252 951 60 629 69 125 643 254 470 0 639 335 168 159 0 977 982 0 804 248 614 0 210 597 640 161 141 
523 0 0 807 549 578 30 0 49 0 961 131 816 0 0 577 246 35 0 920 843 792 659 730 0 894 941 64 281 410 0 122 500 0 355 965 0 836 871 834 600 0 427 806 160 0 970 74 0 580 0 761 378 0 0 933 938 301 0 859 0 0 0 39 407 564 826 0 368 0 635 523 729 63 908 687 368 286 210 0 494 669 0 468 
0 703 220 931 551 476 461 258 839 325 275 0 53 0 0 538 739 404 82 208 0 117 52 0 0 968 0 184 930 709 206 262 310 500 278 730 854 333 969 132 244 981 82 877 366 924 0 487 846 0 147 210 328 166 0 128 749 896 671 962 883 0 293 520 0 81 136 801 521 567 368 439 0 0 0 635 0 643 597 494 0 160 0 0 
42 0 616 666 891 712 208 153 0 515 572 0 335 400 459 620 161 493 301 0 649 841 0 794 539 173 0 159 0 869 170 545 551 647 577 588 429 0 0 651 780 0 936 0 0 0 970 0 957 777 943 202 830 145 322 688 763 205 992 890 163 21 918 211 384 951 747 178 188 18 404 219 456 324 859 546 967 553 640 669 160 0 994 0 
793 263 573 0 0 897 562 804 37 0 945 0 384 123 0 617 0 0 203 547 709 915 248 89 0 154 0 287 373 104 676 26 602 389 190 823 781 719 211 0 851 624 71 0 440 0 0 610 11 429 175 755 947 0 337 0 79 89 529 0 819 0 356 934 868 93 243 831 0 207 78 736 691 0 508 881 181 315 161 0 0 994 0 123 
0 422 795 826 218 395 325 204 0 0 0 315 951 457 0 0 0 0 0 848 0 222 693 766 87 892 0 0 22 501 0 0 0 196 94 918 593 62 448 235 0 600 958 0 263 0 402 0 0 941 798 849 387 66 803 0 0 560 72 416 534 682 610 673 930 341 0 474 996 36 0 667 638 0 0 168 403 0 141 468 0 0 123 0 
