0 0 592 30 897 805 766 922 454 798 243 651 0 0 954 0 948 475 0 319 851 747 425 436 989 790 0 0 80 221 109 962 842 330 29 156 514 0 972 384 414 664 865 533 613 247 376 530 466 384 900 0 36 461 0 147 80 918 561 868 935 150 0 483 777 0 0 986 308 0 962 55 219 431 898 0 516 333 381 614 552 0 598 0 436 0 65 0 0 628 323 843 862 228 653 0 0 424 703 330 0 242 886 162 408 0 0 51 607 123 169 0 0 521 73 80 403 598 33 253 0 386 459 631 477 925 0 469 774 213 0 397 0 0 690 996 0 149 0 0 0 241 655 0 0 288 590 588 206 249 0 20 0 686 82 368 521 0 354 433 997 92 250 194 430 0 0 0 832 249 987 681 483 572 0 0 859 258 0 712 686 73 392 0 165 0 690 918 18 378 42 0 972 296 0 601 260 0 467 0 906 968 0 588 15 0 0 0 456 335 700 333 54 589 0 706 621 49 667 0 968 0 672 17 109 931 900 154 522 0 846 0 0 987 562 754 0 0 960 501 0 0 527 0 678 159 779 331 0 16 248 545 116 697 0 472 3 718 768 712 0 0 402 819 186 0 834 385 466 541 565 960 838 26 323 0 536 211 0 532 646 615 846 42 121 943 0 467 450 750 0 0 0 0 655 399 989 768 765 608 21 94 698 53 0 167 120 965 
0 0 0 607 344 0 677 860 570 216 789 262 357 218 578 244 552 267 381 467 652 0 742 819 323 0 694 767 0 392 100 756 714 0 885 142 981 0 565 832 347 0 166 0 772 758 455 929 957 0 185 0 366 562 316 388 506 93 388 0 0 727 571 94 364 958 71 809 0 0 477 0 987 0 0 0 324 93 0 595 805 809 731 345 635 602 578 0 108 285 881 351 55 347 969 8 0 0 532 558 800 840 0 853 640 0 0 422 480 327 367 426 29 0 851 0 168 0 160 598 0 459 194 565 868 0 0 307 94 0 0 708 845 90 930 0 574 0 417 682 669 0 560 4 518 11 0 694 464 331 830 74 0 0 470 643 0 925 0 644 128 416 874 587 186 168 475 0 423 593 87 501 767 498 998 0 787 197 23 883 923 895 247 452 216 0 16 0 72 202 813 479 271 980 0 616 496 174 854 704 983 636 413 997 589 402 41 320 0 718 603 718 587 0 7 67 692 973 361 0 0 893 255 593 0 238 770 653 0 176 937 323 30 0 651 636 0 0 221 712 0 366 0 936 884 0 0 0 0 716 897 332 366 759 958 952 784 917 0 0 632 191 271 0 0 322 234 699 748 0 0 812 690 0 383 0 468 668 0 835 298 709 0 184 993 219 636 949 103 966 0 0 647 774 0 613 813 0 157 700 297 783 279 772 580 466 695 520 
592 0 0 0 514 21 731 0 317 459 362 49 966 384 0 799 395 123 601 0 315 691 182 758 260 858 790 0 390 776 0 0 0 0 230 959 595 0 0 443 0 850 902 415 868 0 0 966 0 0 737 0 725 695 116 927 0 439 743 889 486 272 0 0 713 272 0 0 987 0 630 0 0 201 972 988 0 733 230 658 725 564 493 77 317 876 389 0 0 0 736 999 305 430 0 0 0 0 779 0 0 465 0 781 690 610 150 89 0 0 0 596 0 230 858 0 81 566 184 107 374 936 133 0 0 529 233 176 468 99 265 0 55 19 998 0 146 0 0 434 187 270 803 417 119 0 0 159 943 152 0 585 18 960 0 0 0 137 263 727 0 835 795 673 0 0 823 509 436 182 42 428 351 321 0 0 0 319 708 208 188 0 0 994 0 20 881 165 772 360 0 786 536 445 953 487 0 209 852 13 0 366 154 0 27 0 0 363 0 402 0 800 0 995 0 519 0 652 0 301 754 669 0 0 203 384 944 0 784 838 107 508 513 890 150 0 545 327 225 984 340 0 0 307 0 0 0 448 233 752 841 403 541 857 0 888 781 0 554 495 893 206 477 0 980 0 105 0 340 431 730 0 0 97 35 0 388 90 0 541 675 364 921 30 793 223 849 0 0 587 528 695 939 133 0 684 783 149 0 0 408 149 225 439 295 663 559 877 
30 607 0 0 0 721 23 0 653 0 179 617 925 297 0 996 682 309 666 682 836 330 884 430 501 185 695 370 259 234 0 0 707 0 327 540 0 0 226 405 785 987 654 388 729 172 63 0 193 927 145 998 642 177 100 0 411 168 478 893 0 689 831 31 124 0 0 0 246 92 102 299 0 0 362 784 0 0 0 876 0 40 124 181 0 0 488 0 84 667 786 184 395 0 241 49 575 701 0 0 0 38 386 950 101 0 906 123 556 461 0 0 0 753 514 846 0 123 559 208 0 0 920 215 559 803 0 636 104 804 0 0 270 0 545 653 368 0 858 999 472 679 30 970 74 343 61 546 362 347 677 488 108 451 209 0 130 55 647 0 990 0 521 476 363 302 364 708 654 299 0 277 784 0 73 982 0 0 97 0 107 619 0 0 46 625 239 31 397 160 141 0 351 0 0 0 293 552 376 171 559 138 0 732 0 737 8 0 0 359 958 0 0 0 127 785 0 144 244 791 380 287 0 479 384 0 571 692 744 507 199 0 0 837 416 184 110 341 0 3 755 93 0 293 600 731 327 730 130 345 805 747 108 836 844 359 0 619 566 0 575 713 665 0 426 15 598 779 657 561 219 879 975 891 941 452 800 348 687 676 0 21 980 638 0 963 0 66 732 843 0 381 243 488 835 0 0 0 896 0 146 0 537 122 595 42 861 0 
897 344 514 0 0 855 307 762 520 519 797 668 670 15 460 797 18 63 532 0 0 922 813 3 0 762 169 0 186 702 996 598 0 317 210 70 658 381 0 508 0 931 0 144 200 741 34 726 298 863 989 0 448 386 390 635 398 0 464 389 0 0 0 613 934 177 312 0 593 0 231 159 209 86 179 173 0 243 477 367 0 267 883 0 429 827 837 100 105 55 583 796 0 118 0 904 354 0 0 445 0 299 719 805 460 924 0 802 300 0 169 363 903 0 230 0 81 935 0 193 644 935 206 588 958 782 0 412 700 605 0 616 807 178 619 655 959 0 134 0 214 327 88 80 547 211 566 96 518 449 36 813 0 616 0 274 0 240 598 0 258 937 234 0 338 792 987 934 929 0 217 808 0 407 45 369 782 993 997 422 824 360 0 693 0 0 138 0 983 328 911 663 0 137 564 270 861 403 73 0 751 62 482 412 957 171 0 902 213 156 536 277 573 391 384 592 0 93 788 779 320 127 378 533 0 553 0 65 354 959 0 715 0 667 0 148 630 317 740 336 799 0 352 89 0 211 363 540 70 472 463 824 0 993 394 225 0 387 800 465 0 909 0 0 393 609 215 0 884 332 370 647 564 271 979 636 329 0 590 0 0 72 730 458 720 473 223 772 34 0 377 556 357 349 398 902 359 335 347 0 572 0 57 267 959 731 0 0 
805 0 21 721 855 0 0 629 0 0 673 455 180 60 837 827 914 536 0 204 0 799 741 0 635 0 716 476 0 485 208 834 111 911 49 856 768 0 332 0 464 252 367 821 592 250 825 250 78 0 598 669 458 964 545 123 869 107 0 0 0 224 601 704 570 0 592 222 0 596 397 745 947 662 100 19 45 319 285 0 811 550 0 558 795 335 0 532 295 416 66 18 823 0 0 315 148 555 0 882 462 57 352 0 206 757 883 786 133 982 0 826 0 0 64 319 271 604 753 841 0 887 496 679 646 830 0 781 468 451 401 400 0 585 751 0 58 558 841 874 415 961 137 893 932 58 0 356 0 0 724 126 901 259 0 760 80 553 0 0 734 410 135 0 493 313 212 267 0 0 582 395 0 411 420 0 210 465 206 0 0 0 357 221 781 663 0 0 0 765 325 0 288 422 842 547 741 134 56 482 149 341 796 343 909 970 0 712 525 0 414 0 0 0 119 304 80 7 392 463 554 458 716 895 759 894 308 0 915 0 917 673 900 164 522 179 367 367 352 692 974 94 689 722 666 655 0 370 772 840 722 0 892 502 859 799 524 953 0 51 657 430 520 944 1 0 211 0 987 210 381 950 119 928 638 420 0 519 156 0 480 378 0 0 0 754 0 181 971 617 592 893 59 786 330 0 843 383 0 738 743 647 540 747 490 415 0 172 
766 677 731 23 307 0 0 74 0 0 386 0 85 333 148 699 0 80 338 0 249 889 0 302 464 758 0 29 543 527 0 825 229 0 0 0 0 540 762 966 689 451 238 70 357 628 131 0 0 55 102 0 638 0 666 0 207 0 653 378 0 301 394 0 980 20 220 242 0 957 0 811 207 175 234 935 622 592 835 638 773 199 357 33 0 902 377 606 0 531 930 0 910 791 787 785 0 677 218 0 520 575 0 809 858 989 440 425 0 529 468 0 71 0 433 358 0 819 582 587 262 0 0 336 0 0 117 0 423 925 711 807 0 678 0 0 458 0 39 0 267 0 0 669 430 0 759 405 410 454 291 837 111 0 985 304 213 457 0 819 679 990 947 0 144 0 983 515 927 344 0 585 720 68 0 0 343 0 977 0 210 528 610 237 666 148 0 9 766 181 0 0 995 621 448 0 264 450 751 724 329 744 339 420 154 607 0 0 692 591 342 30 849 282 208 305 128 0 0 0 925 75 219 995 735 784 0 0 912 811 91 133 623 607 736 0 0 77 0 131 227 0 845 874 927 973 0 913 0 267 29 845 0 384 950 874 624 946 988 971 850 147 396 108 277 698 1 266 339 709 849 712 701 0 5 320 653 464 611 0 718 783 0 0 872 0 554 0 126 0 0 790 909 981 373 912 901 0 743 187 624 757 105 496 199 0 735 167 
922 860 0 0 762 629 74 0 31 340 0 652 0 0 666 730 172 506 972 0 229 701 398 510 881 520 750 544 356 632 0 0 191 806 0 610 0 666 160 627 0 424 230 0 899 165 0 656 199 0 934 913 24 200 0 918 978 690 839 507 702 0 0 0 286 0 505 0 159 0 0 345 89 178 38 821 769 50 0 0 166 0 380 0 226 612 839 0 688 0 432 636 43 0 912 522 0 0 89 211 346 182 6 829 549 562 46 26 158 526 313 411 492 933 17 697 281 364 495 0 871 0 0 135 116 755 961 301 913 0 34 51 0 227 0 253 77 834 873 0 0 467 757 838 904 332 800 694 72 0 189 0 265 0 0 726 711 955 378 184 184 148 0 435 639 753 882 617 0 620 0 0 839 573 0 938 887 52 0 793 620 827 823 674 0 132 474 738 289 286 300 250 221 90 96 257 0 648 962 0 324 363 4 670 391 473 0 0 999 98 686 20 782 0 524 0 0 0 909 508 0 455 463 0 820 223 178 0 0 181 730 77 881 382 718 494 403 587 728 0 660 62 423 391 757 355 246 133 77 0 92 0 949 748 245 478 12 402 307 0 0 736 182 0 0 262 232 0 314 0 0 341 758 0 0 553 290 0 802 961 869 5 0 714 484 48 992 977 754 930 808 0 850 248 749 0 111 0 377 937 0 703 709 138 337 887 334 562 
454 570 317 653 520 0 0 31 0 749 0 552 0 289 358 674 273 453 697 111 0 947 0 980 0 75 49 0 0 350 0 265 804 295 667 0 683 923 877 129 57 618 855 0 171 499 546 541 794 23 663 534 683 972 614 203 0 233 0 0 0 0 0 659 418 686 773 875 0 0 510 410 542 873 595 487 16 791 563 893 0 679 688 160 0 0 925 0 140 0 595 361 0 828 195 209 951 348 0 850 474 818 517 0 0 725 667 673 997 260 0 434 588 192 423 378 834 693 506 367 981 576 220 620 869 790 432 0 0 0 281 431 0 734 574 540 461 179 164 426 138 475 450 0 67 428 34 946 975 657 561 0 107 0 0 345 578 0 774 61 31 0 855 54 331 501 570 881 411 207 871 401 82 37 112 305 368 933 0 95 24 811 156 384 0 770 0 169 131 282 937 669 248 145 0 0 0 966 510 0 514 452 937 843 299 461 53 0 0 715 31 506 270 0 0 0 494 614 0 620 733 0 864 282 311 130 280 444 369 477 611 173 0 358 0 738 181 875 870 573 0 0 0 0 363 0 967 424 620 85 101 0 346 861 199 0 0 0 272 897 0 555 367 755 0 825 26 514 145 285 0 175 637 408 0 129 440 0 0 0 597 414 973 901 0 685 438 378 0 0 391 232 537 237 0 0 125 0 701 296 850 830 241 301 11 344 0 536 
798 216 459 0 519 0 0 340 749 0 445 83 482 0 436 243 251 0 0 118 0 586 801 640 768 452 951 170 688 0 458 312 0 0 211 326 979 744 799 587 0 628 32 523 999 387 119 859 0 0 985 74 616 514 954 701 0 0 579 201 888 304 246 243 0 0 932 259 0 539 783 552 953 746 149 0 0 270 37 234 874 220 651 678 762 8 822 147 721 962 682 0 289 439 74 0 965 799 658 321 544 0 0 377 552 816 807 847 81 181 0 454 329 298 412 0 403 48 24 789 721 551 0 0 407 632 998 0 762 0 0 324 381 759 381 956 351 569 763 0 157 607 667 0 210 362 0 767 0 988 617 383 574 322 0 797 791 165 0 504 529 301 570 0 646 687 966 0 154 900 0 761 0 0 0 0 918 0 0 720 821 151 0 305 584 0 304 693 881 702 921 755 679 582 535 48 458 568 371 460 386 0 0 0 966 960 27 217 638 0 505 461 244 91 0 142 0 0 608 0 318 0 0 194 688 964 866 726 0 93 588 820 152 157 0 0 659 871 0 141 73 890 0 794 876 0 858 128 0 0 903 660 456 561 955 296 339 447 0 567 590 0 21 174 464 737 422 226 775 0 204 251 125 383 189 623 759 965 522 0 609 0 899 0 608 753 820 228 0 326 690 0 62 0 738 0 581 0 0 297 0 0 492 393 686 188 0 904 
243 789 362 179 797 673 386 0 0 445 0 776 0 0 331 652 574 731 278 911 0 646 803 582 888 964 0 75 0 743 393 754 529 338 476 111 0 0 589 0 363 130 414 812 272 541 860 588 742 411 649 967 916 367 927 320 115 101 346 868 821 148 794 0 86 0 766 822 687 0 298 904 297 225 50 876 441 85 322 65 648 0 458 0 425 844 0 197 101 0 470 632 952 0 253 0 954 0 235 550 440 564 358 806 0 809 917 0 238 544 188 76 621 894 728 306 70 280 850 0 393 412 777 0 812 848 746 641 300 528 854 896 650 316 120 334 694 957 707 0 702 978 0 0 548 0 0 509 775 222 333 0 615 834 0 863 188 688 0 84 0 0 659 154 175 711 366 769 875 0 666 35 0 115 367 684 393 457 204 239 565 665 599 0 0 465 0 510 891 392 424 646 107 789 152 0 0 0 793 699 555 777 0 603 693 984 510 971 409 0 0 0 100 0 227 664 418 369 0 797 984 339 252 698 439 0 332 96 0 502 0 707 992 336 784 80 0 208 756 0 0 349 485 0 944 898 934 0 542 656 439 874 808 9 621 920 0 369 481 0 0 195 309 0 662 341 433 49 30 0 0 477 0 160 448 122 321 359 876 0 137 587 24 351 902 222 621 271 915 0 542 340 675 0 258 340 367 981 0 456 823 223 654 42 0 849 236 888 
651 262 49 617 668 455 0 652 552 83 776 0 0 0 832 831 0 368 0 949 371 0 924 362 0 770 412 517 971 466 0 607 0 764 840 0 564 0 849 676 254 432 865 704 321 0 565 475 168 186 989 756 0 446 674 0 0 929 760 633 187 0 160 181 325 537 432 427 0 0 741 0 296 632 73 686 307 783 0 89 656 47 651 438 733 0 0 345 996 0 436 258 271 994 997 676 236 0 85 0 526 633 114 221 0 81 0 714 825 108 0 391 915 173 874 0 836 409 0 955 508 118 0 314 0 601 153 72 0 0 762 90 0 542 209 798 0 840 436 630 243 966 0 918 0 558 538 833 0 314 230 491 491 318 265 0 115 248 50 0 337 547 712 509 225 963 505 760 22 523 986 0 381 860 0 59 293 560 0 0 957 977 314 0 940 0 352 0 729 0 0 0 819 0 0 308 0 492 481 241 127 926 849 837 777 0 775 0 660 496 226 355 948 596 749 9 276 98 0 0 721 0 926 662 417 791 0 945 930 937 947 689 46 35 0 0 249 698 737 384 0 45 85 603 748 857 0 0 415 334 0 28 433 954 0 498 443 767 0 698 36 805 413 806 805 0 834 0 0 742 710 0 918 541 925 204 448 418 0 509 42 0 775 0 674 0 33 593 270 459 58 0 0 152 894 0 213 8 28 387 214 26 0 172 847 0 21 482 
0 357 966 925 670 180 85 0 0 482 0 0 0 836 352 132 0 844 50 0 675 148 366 34 681 601 732 0 530 539 207 0 0 581 706 970 120 900 0 641 339 777 703 952 916 466 513 0 131 505 0 323 180 32 478 960 477 0 751 424 936 0 0 219 967 621 0 687 0 434 491 114 227 893 211 0 691 617 0 264 254 38 61 368 346 0 0 359 983 930 609 0 167 232 750 877 96 693 596 31 134 0 863 268 0 654 40 45 571 226 0 543 0 849 0 430 106 815 170 480 0 348 349 0 61 131 0 491 691 0 0 803 706 9 379 640 440 196 152 0 936 458 246 0 8 0 0 171 110 145 0 0 0 251 839 674 0 0 705 521 18 525 0 318 664 716 659 734 23 663 787 997 611 991 3 0 915 529 805 0 236 470 821 0 0 263 404 11 518 464 241 536 336 999 965 184 511 268 597 0 941 539 748 0 850 722 0 669 0 92 0 0 906 504 332 0 850 0 152 389 689 0 919 0 0 0 485 0 124 756 29 0 154 0 222 143 781 100 807 475 496 766 566 216 0 165 419 239 991 0 263 546 127 0 0 0 0 963 0 498 0 443 0 934 161 472 973 313 0 908 333 529 464 86 0 0 82 435 855 716 594 739 680 275 0 946 0 987 39 774 523 954 703 604 124 261 0 540 8 638 741 296 154 0 543 832 0 320 
0 218 384 297 15 60 333 0 289 0 0 0 836 0 47 168 0 31 83 753 310 820 968 252 130 329 790 143 337 0 0 38 59 0 384 396 491 172 0 887 386 647 635 878 165 891 0 105 0 528 816 0 0 156 64 275 342 600 0 800 141 0 613 25 42 768 787 506 350 199 0 487 164 0 129 893 354 802 0 0 0 0 0 555 105 788 946 808 963 149 0 689 663 977 71 8 0 10 0 552 247 819 847 257 144 914 923 594 829 725 618 491 756 445 178 113 256 488 79 0 186 942 732 738 173 916 976 692 903 500 12 975 680 293 912 626 159 562 477 379 18 208 0 99 375 0 568 40 0 903 639 165 464 788 516 0 629 0 671 362 0 489 564 31 601 0 0 663 407 997 0 746 837 0 335 124 554 977 137 256 0 192 940 0 983 0 327 416 0 0 865 330 571 508 870 522 121 624 249 293 475 114 609 66 441 418 771 41 715 187 836 387 0 0 257 491 0 723 950 46 847 504 143 224 582 327 0 720 0 0 503 340 743 971 0 474 707 735 74 257 872 770 973 849 912 521 737 381 249 251 790 456 395 619 339 810 0 396 644 758 39 48 439 857 0 573 15 17 86 707 0 67 174 990 710 932 252 16 0 368 0 0 0 583 114 727 154 0 918 0 63 583 238 0 945 0 602 137 0 250 162 755 235 519 0 645 952 322 
954 578 0 0 460 837 148 666 358 436 331 832 352 47 0 729 695 372 0 568 0 0 0 38 96 151 750 654 0 451 511 979 192 15 0 467 409 396 0 0 581 0 846 538 664 0 610 197 79 418 0 876 997 268 26 19 787 0 409 0 0 589 308 842 852 0 13 934 982 0 89 0 0 165 480 0 0 467 353 1 105 678 0 998 21 686 246 847 854 519 0 70 487 0 967 943 0 890 0 0 159 0 269 0 756 639 836 133 944 474 527 0 0 631 776 609 156 0 738 254 105 775 0 455 0 36 905 551 0 182 0 157 0 218 74 998 117 331 810 665 397 498 806 846 979 98 985 27 13 206 707 976 79 0 646 78 782 204 910 0 496 326 475 376 267 291 956 0 767 927 212 0 2 833 990 296 712 819 0 506 445 703 740 771 77 599 935 337 41 590 504 163 685 449 0 282 0 275 91 0 672 0 0 216 0 532 546 328 522 66 0 234 664 717 769 0 366 556 684 0 0 285 621 579 579 610 297 668 334 167 0 409 0 840 20 158 742 0 692 386 726 964 976 765 354 0 88 590 691 898 850 25 0 173 0 0 0 0 698 810 13 189 472 0 809 230 751 286 724 843 0 558 379 723 183 0 0 619 0 174 91 481 119 967 587 0 0 502 946 467 206 0 0 742 740 0 0 332 218 452 0 401 552 877 298 328 455 631 
0 244 799 996 797 827 699 730 674 243 652 831 132 168 729 0 240 984 629 0 911 775 21 0 568 0 79 246 640 558 112 146 808 453 0 0 988 144 77 97 194 0 0 0 0 0 243 205 410 189 671 0 511 5 408 0 274 799 461 275 0 0 320 901 861 0 0 915 835 0 620 12 536 113 0 658 431 81 414 701 924 433 653 196 657 472 952 322 36 811 196 115 399 315 386 0 228 72 244 978 41 796 264 340 592 142 311 387 0 0 145 399 0 839 0 0 581 416 685 315 852 16 491 222 0 565 0 0 0 0 949 646 618 709 0 0 181 888 379 572 344 983 802 59 0 28 0 581 50 381 845 229 489 237 224 773 149 723 0 929 0 0 0 578 829 62 670 615 620 981 693 131 623 0 23 679 57 704 645 323 0 736 474 0 132 493 632 103 477 0 2 345 633 386 174 0 0 185 0 588 248 759 132 352 246 709 37 803 589 39 927 260 7 513 313 0 764 922 596 54 251 706 950 961 0 0 942 233 0 40 455 0 160 0 986 404 661 0 963 30 387 0 723 109 0 619 614 216 559 974 557 471 0 754 0 721 209 847 0 529 375 204 509 756 369 408 872 117 543 225 0 0 258 0 43 684 695 20 551 0 835 157 626 233 903 948 330 0 0 0 490 98 562 558 18 884 0 863 948 0 822 455 274 206 0 0 157 113 
948 552 395 682 18 914 0 172 273 251 574 0 0 0 695 240 0 130 145 0 638 25 316 0 971 282 0 497 406 479 926 968 662 778 939 903 991 0 909 644 0 9 840 0 960 160 643 818 361 260 0 0 822 603 855 321 141 216 216 0 948 235 489 821 129 570 188 337 161 798 254 757 456 0 0 757 377 800 224 0 0 169 403 880 29 11 737 0 568 0 319 636 0 214 232 535 187 230 397 520 731 0 652 492 0 979 349 651 214 698 207 430 0 621 382 127 783 211 637 793 17 72 26 408 657 477 754 0 0 948 0 0 134 394 424 297 363 457 788 590 48 510 541 704 117 193 339 114 999 347 0 0 0 221 397 56 882 350 959 27 432 713 389 887 263 993 212 489 647 339 819 0 302 646 144 933 223 0 837 4 114 734 834 181 479 0 0 427 285 995 996 671 313 567 750 865 778 746 977 0 0 176 599 0 0 706 666 170 225 873 618 383 252 279 849 827 903 178 934 0 937 362 464 0 14 289 701 572 0 23 113 193 722 0 639 972 45 411 86 951 68 0 46 0 0 0 292 583 247 343 890 411 998 230 490 130 0 609 147 834 0 0 62 898 0 492 0 443 615 319 471 413 0 202 0 0 71 310 516 853 905 963 476 439 57 329 281 662 189 200 0 929 692 202 0 128 516 750 388 495 61 0 572 608 793 925 228 0 
475 267 123 309 63 536 80 506 453 0 731 368 844 31 372 984 130 0 272 592 489 275 73 37 476 588 336 0 973 848 0 408 20 0 982 941 358 108 127 368 0 0 67 582 0 396 283 0 388 0 55 762 828 747 594 0 250 343 817 0 0 896 925 148 185 340 0 793 894 498 708 0 404 800 246 768 996 210 0 487 623 393 0 769 355 0 0 662 995 535 858 814 710 0 69 0 274 883 0 58 316 389 0 406 970 0 610 863 822 3 365 486 131 877 276 218 0 427 223 447 742 0 459 0 431 0 0 55 463 150 574 0 160 548 27 85 0 253 423 128 213 744 442 905 770 461 433 751 227 513 897 281 734 726 841 523 0 619 0 503 181 460 0 488 906 162 0 786 187 538 598 436 843 826 0 642 562 0 0 396 577 0 681 136 0 177 0 0 0 0 856 0 586 590 588 628 482 0 0 886 48 185 0 130 447 368 227 410 494 155 673 917 0 0 111 79 806 409 0 432 0 920 805 0 587 297 121 0 244 0 0 759 663 0 93 901 0 893 648 449 535 64 223 910 0 107 389 0 729 0 937 747 765 915 207 904 198 0 0 843 0 47 8 181 911 0 896 333 826 566 0 48 174 34 0 824 432 423 0 385 994 893 0 159 440 0 959 582 0 548 388 264 0 0 780 0 686 90 55 988 577 500 674 534 503 791 543 502 
0 381 601 666 532 0 338 972 697 0 278 0 50 83 0 629 145 272 0 379 727 427 494 9 0 453 180 0 0 621 680 767 951 0 719 992 462 0 0 48 333 0 326 557 0 374 169 0 32 33 934 868 839 308 0 710 432 0 350 0 373 581 651 204 294 772 515 478 979 520 0 0 663 0 640 206 0 156 887 0 993 840 584 59 143 0 0 120 0 768 0 214 0 325 211 503 214 0 384 440 170 622 0 307 657 409 0 739 666 153 0 0 364 285 570 0 0 921 408 564 0 0 811 0 625 878 182 156 483 383 0 516 968 0 354 521 0 0 698 0 0 0 0 0 405 544 622 69 680 335 209 137 476 122 713 129 783 607 366 0 0 0 133 0 24 0 33 0 545 771 0 723 0 843 858 283 777 0 0 0 251 0 658 15 328 0 150 0 204 270 906 0 728 275 0 612 502 521 116 0 509 0 107 0 663 706 322 0 0 880 824 871 208 859 816 18 645 0 873 0 0 574 0 709 366 66 955 84 425 363 427 745 49 563 43 454 152 662 987 875 70 400 796 0 966 713 53 838 761 0 31 805 549 514 0 92 488 366 103 825 334 0 845 0 826 493 908 564 0 766 294 405 689 560 0 658 878 820 513 200 0 441 0 65 488 56 0 126 0 0 0 854 407 175 371 318 919 595 0 949 529 540 0 438 548 396 304 15 
319 467 0 682 0 204 0 0 111 118 911 949 0 753 568 0 0 592 379 0 37 0 0 952 0 892 210 992 676 490 34 365 66 254 0 0 371 839 0 379 588 848 252 164 713 572 0 449 980 0 629 594 682 756 336 0 227 934 577 46 919 807 184 801 0 431 0 0 747 0 875 986 454 714 796 526 0 725 216 0 301 0 778 779 202 589 838 749 239 0 0 559 460 951 14 0 0 127 994 635 245 438 456 149 561 76 594 654 0 241 883 202 521 201 0 516 911 0 469 0 576 846 736 159 123 225 846 299 0 112 106 47 591 909 735 580 494 187 247 703 392 212 344 843 689 536 204 10 89 936 812 905 206 0 0 597 0 926 0 0 78 840 54 0 110 322 610 717 847 0 16 976 355 778 309 0 85 518 82 491 573 10 122 625 354 0 943 969 859 266 155 384 69 536 37 223 0 879 0 175 740 316 553 168 815 724 814 197 0 0 731 733 532 174 0 0 7 882 192 806 275 408 260 0 593 241 263 0 0 117 554 0 198 46 267 0 0 200 50 992 634 36 0 972 0 0 442 3 671 241 0 0 0 206 96 893 636 783 4 0 962 128 840 178 0 0 0 108 367 767 0 406 591 806 767 0 561 0 609 709 518 149 0 507 851 227 524 252 864 0 0 0 676 540 322 702 189 36 153 335 691 0 392 644 110 749 609 562 
851 652 315 836 0 0 249 229 0 0 0 371 675 310 0 911 638 489 727 37 0 0 0 648 493 0 502 967 0 0 354 374 607 517 874 961 64 555 0 0 0 451 444 589 253 0 173 0 748 364 506 0 522 249 612 894 912 615 883 402 775 821 833 0 955 0 0 772 84 473 449 455 0 189 726 945 0 704 114 918 720 0 569 494 0 0 362 591 506 701 633 0 0 0 165 173 882 105 13 908 916 0 297 841 372 96 332 0 0 201 339 451 833 0 653 963 249 861 913 341 432 0 873 0 558 815 840 681 842 0 994 703 885 0 0 0 0 711 0 314 895 731 0 597 0 276 0 755 0 666 646 0 0 168 459 0 0 185 751 288 53 791 0 258 315 723 982 94 553 241 43 766 156 0 775 863 123 0 809 942 633 130 0 868 231 286 267 666 921 905 727 997 829 989 477 0 0 550 664 854 907 376 735 54 881 882 281 6 781 950 450 289 0 0 641 587 313 260 774 0 0 106 308 863 255 838 674 523 743 0 480 988 795 410 631 623 899 0 819 146 844 608 0 748 0 0 76 443 334 442 816 0 813 948 130 51 181 0 128 905 333 246 289 866 178 799 761 782 0 255 0 676 53 0 354 906 256 647 300 0 0 0 0 828 883 442 359 764 155 508 667 793 735 644 283 375 693 0 18 858 223 653 0 0 624 370 695 589 
747 0 691 330 922 799 889 701 947 586 646 0 148 820 0 775 25 275 427 0 0 0 635 924 0 456 21 752 0 189 853 939 0 36 449 994 596 0 0 396 399 0 808 44 284 354 946 405 250 124 512 149 0 442 310 0 942 0 571 316 101 584 0 0 307 145 469 118 892 896 733 453 0 727 467 0 423 531 605 209 26 0 0 0 789 940 0 232 674 292 122 0 523 0 744 698 0 199 0 0 221 27 554 144 752 163 0 0 0 392 0 237 624 27 0 172 0 0 0 0 191 202 598 877 0 795 610 275 581 307 586 936 132 337 0 763 560 200 367 652 631 816 236 386 574 169 307 0 100 0 11 232 0 954 2 651 338 347 878 414 938 466 0 96 676 383 12 765 0 3 949 0 241 103 931 223 138 0 594 514 624 135 514 555 89 591 0 0 515 0 884 0 366 853 691 850 814 276 0 168 0 0 0 323 4 147 888 53 819 477 594 698 0 0 0 124 807 452 257 391 0 572 102 0 257 534 887 198 961 483 7 284 804 0 925 698 623 109 0 999 0 575 121 581 371 262 566 458 0 0 423 851 33 498 327 263 816 0 835 186 0 151 239 387 889 456 978 0 44 139 0 0 0 302 0 483 866 541 174 672 294 702 52 0 62 695 559 307 505 0 0 157 539 275 14 380 392 669 641 0 146 0 0 0 9 0 744 872 
425 742 182 884 813 741 0 398 0 801 803 924 366 968 0 21 316 73 494 0 0 635 0 179 577 801 0 0 112 547 146 447 297 689 87 750 160 881 523 0 545 511 0 184 0 0 490 0 463 506 0 382 217 698 0 32 191 0 171 120 0 475 0 680 774 0 137 188 366 0 0 704 0 645 0 358 938 296 145 648 0 837 109 584 857 40 597 415 695 530 0 0 474 233 235 0 616 0 0 0 5 0 0 0 0 495 454 0 154 167 445 769 225 0 55 402 289 251 277 328 96 425 0 7 996 415 448 135 0 251 0 562 932 520 883 392 497 284 537 145 666 414 751 0 0 0 804 537 420 512 205 990 525 605 0 177 0 442 248 929 319 809 0 172 460 0 518 699 0 499 320 0 852 862 0 188 891 11 106 905 935 821 527 553 157 284 0 164 554 917 566 398 465 0 240 0 144 592 344 433 448 675 838 511 940 257 640 91 340 387 552 796 50 0 592 478 922 0 979 676 0 442 778 0 0 915 838 592 589 668 59 861 267 410 146 293 0 46 529 270 0 251 0 0 881 0 0 245 797 8 127 0 0 0 0 390 898 656 866 999 67 886 443 300 0 114 0 0 0 0 270 0 0 0 450 723 569 882 310 838 130 586 423 231 433 324 549 925 0 981 657 837 0 0 410 124 152 802 982 745 0 540 550 590 0 727 0 0 
436 819 758 430 3 0 302 510 980 640 582 362 34 252 38 0 0 37 9 952 648 924 179 0 0 0 0 619 653 246 103 716 662 162 154 99 773 24 0 291 287 536 94 904 755 379 190 907 343 727 409 0 269 304 764 8 23 692 198 776 369 264 0 0 164 953 760 376 721 110 354 692 421 239 756 507 0 0 0 588 588 0 411 312 592 0 445 0 513 53 700 864 916 60 595 824 545 943 650 490 925 831 103 86 18 918 206 38 496 0 283 0 406 0 414 406 0 37 777 546 973 0 0 0 982 63 728 185 651 293 975 828 0 245 279 225 666 0 233 98 218 516 0 866 400 148 431 0 0 0 358 772 903 958 0 793 411 0 20 656 734 0 872 154 11 100 16 769 884 726 825 187 0 364 368 422 0 387 0 708 180 0 0 0 423 98 787 663 819 307 0 414 346 0 307 5 226 836 722 0 0 66 528 569 982 416 0 803 470 0 0 947 193 0 0 383 0 400 663 651 684 44 588 298 0 499 555 900 23 0 618 971 0 0 755 578 402 796 994 355 0 257 200 27 0 982 0 0 294 468 829 495 537 783 464 342 85 803 871 653 90 0 389 431 80 895 274 682 391 0 0 0 375 561 300 909 155 30 0 128 348 69 811 335 891 0 861 274 493 222 0 327 327 959 291 0 513 797 487 950 763 735 607 66 845 924 942 0 
989 323 260 501 0 635 464 881 0 768 888 0 681 130 96 568 971 476 0 0 493 0 577 0 0 0 708 388 311 191 521 217 773 708 0 0 0 0 343 0 268 50 657 804 864 307 108 379 0 753 290 0 377 780 923 865 83 479 0 807 0 598 0 412 20 341 508 143 82 298 739 906 338 28 814 908 878 868 767 0 301 863 0 266 925 253 161 366 958 643 283 970 955 0 890 264 227 662 694 65 974 808 892 777 461 432 0 603 383 0 83 929 493 686 437 538 0 605 0 257 961 0 345 0 847 153 678 346 575 366 440 0 598 823 261 0 673 709 928 606 416 0 0 711 409 692 866 147 14 0 210 162 909 630 0 0 424 961 630 808 705 957 149 773 210 747 71 685 984 415 477 860 397 802 0 0 805 551 0 540 0 0 0 774 0 754 258 710 852 0 494 448 526 176 0 235 703 758 0 423 750 0 631 199 0 658 0 31 348 803 712 544 912 718 4 69 475 0 0 48 571 137 0 20 0 611 976 181 0 937 342 559 657 207 300 437 0 0 302 0 311 790 802 284 13 682 0 17 730 0 0 73 812 608 840 790 0 0 0 931 825 0 631 405 771 0 145 0 0 474 227 11 631 160 0 97 908 561 635 969 0 38 0 0 0 861 542 655 0 819 901 754 809 632 790 293 729 611 487 972 0 354 0 0 265 0 310 232 
790 0 858 185 762 0 758 520 75 452 964 770 601 329 151 0 282 588 453 892 0 456 801 0 0 0 781 857 243 443 728 743 250 467 266 0 890 679 661 378 119 0 937 0 583 284 295 747 648 304 243 891 510 542 292 148 0 539 994 265 0 928 273 169 708 0 7 235 250 749 873 344 372 616 54 345 955 0 998 208 276 611 0 815 80 218 415 426 589 342 0 221 0 540 54 694 0 0 424 137 192 820 918 201 0 0 0 498 811 614 717 96 214 947 0 137 0 0 56 376 0 20 92 579 207 876 618 691 17 285 573 884 0 939 508 0 850 103 905 863 527 832 560 0 0 286 505 0 0 95 915 749 0 270 186 893 61 960 231 794 870 0 528 968 332 421 0 871 892 378 0 940 0 346 165 25 138 816 360 921 270 0 679 0 566 613 0 628 879 0 255 463 104 787 128 157 131 0 924 810 659 980 734 382 0 299 0 152 534 0 0 491 551 365 183 889 779 0 107 0 0 60 528 780 562 0 0 0 86 175 893 0 603 598 0 215 43 186 894 176 287 965 773 180 453 932 767 0 0 664 493 0 524 196 0 538 446 268 531 457 71 0 0 0 327 324 720 127 719 591 0 0 0 0 0 397 32 0 885 609 221 936 853 300 70 0 160 976 692 427 329 507 88 984 75 913 610 544 102 0 891 756 650 758 950 47 708 881 
0 694 790 695 169 716 0 750 49 951 0 412 732 790 750 79 0 336 180 210 502 21 0 0 708 781 0 28 21 718 637 10 630 474 0 998 12 0 735 465 90 938 783 0 0 952 35 830 0 0 0 944 112 0 599 463 0 660 304 869 0 822 233 103 0 195 321 0 228 203 0 996 0 983 649 11 560 814 258 0 990 386 362 787 0 0 248 0 682 704 379 963 0 493 455 145 450 0 71 547 0 904 0 6 0 0 147 148 0 387 628 724 900 689 0 0 53 0 0 386 0 190 0 494 617 753 5 0 970 0 0 452 663 861 202 95 0 231 178 48 819 477 929 51 733 844 344 0 248 964 797 0 588 138 601 730 0 603 746 760 0 0 994 470 0 677 408 784 0 58 637 665 644 473 0 116 206 735 661 789 0 452 827 167 365 0 249 900 779 481 159 736 0 620 74 173 192 275 494 0 628 0 0 0 12 890 297 648 107 0 23 0 937 0 0 0 148 304 0 502 926 0 932 794 994 95 644 0 325 284 300 0 220 688 797 225 21 751 12 0 0 473 354 131 471 811 0 69 502 380 396 489 0 223 830 29 0 792 308 756 113 715 0 833 107 976 295 0 0 548 0 622 0 907 676 0 929 0 476 0 523 129 209 179 769 634 560 191 961 176 261 0 0 948 257 0 804 242 0 1 455 509 0 0 522 882 564 930 
0 767 0 370 0 476 29 544 0 170 75 517 0 143 654 246 497 0 0 992 967 752 0 619 388 857 28 0 841 0 119 0 527 621 0 956 0 416 0 956 0 784 597 503 841 40 816 357 0 976 995 366 0 569 528 269 0 801 333 782 146 721 330 886 571 242 172 0 19 867 0 851 152 906 718 363 891 176 289 808 0 0 669 0 665 266 875 471 359 511 786 403 0 474 239 344 400 0 775 0 903 0 530 688 7 813 585 625 87 318 655 0 167 341 588 558 932 256 0 878 59 458 84 824 253 181 0 11 947 288 484 0 365 0 0 244 0 689 0 439 0 829 943 807 612 700 856 0 193 664 0 998 255 215 390 906 936 701 12 22 0 369 871 483 556 965 0 906 735 975 161 329 0 0 159 728 21 288 444 513 46 0 878 6 256 745 671 43 850 324 165 706 0 124 817 86 958 62 0 900 584 397 0 533 0 455 0 680 539 772 68 0 0 0 0 0 711 0 0 410 0 258 801 0 758 0 0 95 390 325 24 406 739 392 306 456 0 830 678 7 0 0 488 0 789 980 827 244 891 909 0 979 569 667 739 0 540 983 445 98 0 366 80 947 0 776 607 733 309 537 95 394 263 243 426 726 288 0 0 0 758 793 38 124 27 797 42 696 784 818 268 0 344 195 830 925 972 727 23 993 0 536 648 0 744 0 0 83 
80 0 390 259 186 0 543 356 0 688 0 971 530 337 0 640 406 973 0 676 0 0 112 653 311 243 21 841 0 419 9 124 693 598 0 0 40 958 0 0 389 150 0 87 979 497 697 736 829 373 402 962 113 0 151 0 891 0 90 521 472 540 426 0 819 148 749 746 53 701 0 0 383 858 440 529 512 0 99 527 448 0 0 241 0 700 0 397 346 600 0 0 413 684 0 16 52 0 0 27 821 678 532 0 753 0 122 135 16 0 600 720 787 0 766 358 506 821 106 0 884 0 210 589 800 0 16 806 761 297 510 937 967 985 670 436 848 701 414 0 479 946 0 909 0 0 41 0 369 511 716 582 452 199 0 814 789 876 0 615 499 0 0 601 387 442 111 219 982 507 626 14 0 465 710 0 103 0 828 347 18 72 945 69 358 0 926 433 607 0 727 669 236 891 253 173 802 0 0 922 864 0 317 323 294 991 724 0 0 117 244 223 163 844 198 0 873 215 0 152 49 972 0 456 0 516 392 653 746 0 219 417 751 288 937 0 862 0 0 0 2 0 841 0 950 186 133 345 0 793 955 928 264 579 124 778 39 945 768 0 59 521 929 158 0 508 333 148 0 0 0 560 629 0 504 636 622 677 738 217 19 251 416 0 0 922 188 0 206 634 0 415 0 583 0 865 591 472 0 257 169 52 0 811 767 914 818 655 
221 392 776 234 702 485 527 632 350 0 743 466 539 0 451 558 479 848 621 490 0 189 547 246 191 443 718 0 419 0 419 111 968 0 0 0 340 833 0 0 830 681 176 0 398 816 0 782 13 0 564 952 792 579 655 60 0 255 0 0 443 734 20 0 396 824 237 408 435 230 533 870 666 348 978 0 722 116 912 0 708 0 284 624 335 163 978 213 0 516 443 184 0 0 515 0 0 777 392 494 0 0 822 648 678 300 440 197 0 460 0 947 0 804 0 857 412 68 834 0 0 678 938 24 0 418 139 0 401 599 731 772 747 43 925 28 169 856 109 316 0 0 430 0 299 401 368 397 824 219 0 682 0 623 0 553 0 711 694 931 887 0 55 954 979 925 0 318 0 582 199 163 0 145 409 0 831 892 0 0 288 0 331 623 0 0 434 394 160 178 121 296 444 909 0 623 477 655 549 0 128 570 0 0 298 523 91 0 0 0 30 230 178 0 571 226 0 0 627 785 298 0 940 315 0 484 262 451 698 477 0 369 534 755 157 0 0 997 0 394 219 439 133 639 17 729 650 0 0 173 199 659 998 0 386 217 154 673 0 960 0 0 929 0 499 280 905 780 148 272 496 359 200 0 888 305 154 802 354 499 39 0 0 0 875 963 820 0 0 0 107 862 43 973 0 0 728 265 0 0 304 666 0 867 221 869 10 57 
109 100 0 0 996 208 0 0 0 458 393 0 207 0 511 112 926 0 680 34 354 853 146 103 521 728 637 119 9 419 0 499 825 0 817 0 761 0 887 0 514 724 362 729 0 0 432 284 428 396 882 477 636 0 80 0 888 0 0 484 221 969 713 284 265 7 370 244 0 511 940 0 231 859 984 460 768 692 540 344 162 110 0 0 961 253 673 871 733 95 679 771 337 162 52 810 717 0 0 567 0 331 368 932 0 0 613 156 0 248 240 142 792 813 47 853 471 761 0 315 335 0 276 140 706 254 32 292 0 0 467 796 723 0 350 718 407 679 0 294 159 131 262 0 0 249 0 0 739 316 984 611 841 626 542 792 867 311 485 338 926 181 0 823 6 438 663 859 406 958 37 0 535 995 835 728 333 928 894 0 70 47 0 0 7 0 507 60 408 587 913 431 0 194 884 172 230 167 785 261 0 911 745 746 634 939 972 0 537 225 915 59 135 316 272 932 824 0 377 0 380 999 176 263 929 0 950 609 391 43 719 916 0 0 298 918 677 993 108 0 451 896 640 0 0 258 61 786 457 617 632 899 400 114 648 195 505 0 833 260 924 345 632 938 400 0 766 0 314 212 107 771 390 476 539 616 183 347 346 0 661 996 0 116 446 150 380 0 617 951 994 192 0 0 0 128 857 62 608 604 744 275 127 0 697 0 212 663 
962 756 0 0 598 834 825 0 265 312 754 607 0 38 979 146 968 408 767 365 374 939 447 716 217 743 10 0 124 111 499 0 929 569 33 474 0 0 0 464 991 0 85 0 2 0 349 0 500 51 948 837 71 529 0 524 732 283 921 572 0 317 305 0 734 863 683 201 0 945 462 882 799 139 158 0 439 0 177 799 0 650 0 120 306 77 0 0 652 591 706 771 998 420 700 153 808 659 0 691 864 542 0 359 0 391 742 624 676 265 418 105 104 0 314 0 958 0 58 52 533 0 808 431 770 0 642 0 548 722 686 0 614 725 578 524 1 0 21 237 0 39 759 287 709 0 342 0 109 185 135 879 0 281 338 696 0 695 0 0 461 23 0 725 610 356 294 489 455 0 273 0 859 0 868 497 0 576 0 190 949 0 0 17 667 984 736 0 0 796 664 122 0 894 168 303 985 241 682 31 0 300 883 731 0 741 954 12 0 732 568 839 897 0 831 431 0 0 798 967 728 114 240 251 266 0 989 0 557 785 0 339 0 0 282 160 0 508 0 0 856 0 135 0 446 814 415 335 456 0 353 342 106 142 92 80 251 691 228 0 605 893 798 0 0 604 213 468 445 448 872 38 475 293 707 677 64 0 646 796 0 565 631 180 504 675 0 45 114 820 518 0 0 643 69 526 800 469 493 0 93 518 982 0 0 0 797 0 
842 714 0 707 0 111 229 191 804 0 529 0 0 59 192 808 662 20 951 66 607 0 297 662 773 250 630 527 693 968 825 929 0 92 913 0 49 310 0 212 276 588 93 70 0 709 542 909 483 61 464 970 629 0 0 532 750 0 972 0 0 750 586 383 0 879 647 568 292 868 828 0 180 678 440 0 693 862 879 817 71 0 141 12 0 0 872 366 245 141 82 368 582 0 966 0 0 358 49 21 758 928 576 0 920 554 940 397 932 0 0 482 0 451 943 357 180 928 0 0 0 0 529 838 207 617 351 642 368 80 846 767 46 172 667 727 0 15 640 0 975 127 399 270 0 0 604 502 609 0 167 720 928 469 699 0 527 913 579 933 272 524 126 0 618 345 125 0 637 114 635 146 412 722 940 466 350 658 420 619 198 534 43 679 778 922 60 738 421 12 655 269 536 827 773 133 672 75 152 0 948 643 0 968 223 0 0 814 470 83 728 63 753 861 967 684 977 22 0 847 656 0 0 611 388 730 588 0 0 0 0 168 0 87 0 0 753 463 0 26 378 914 0 0 0 0 752 0 511 26 0 792 315 679 108 742 0 0 184 400 976 831 593 761 713 318 897 503 0 0 375 725 919 827 42 333 478 108 937 527 79 933 227 888 252 608 215 139 0 0 511 69 536 753 435 993 975 296 924 433 315 0 701 197 701 742 555 0 
330 0 0 0 317 911 0 806 295 0 338 764 581 0 15 453 778 0 0 254 517 36 689 162 708 467 474 621 598 0 0 569 92 0 906 836 0 0 13 0 898 0 409 0 0 873 539 688 430 0 0 841 0 112 932 644 724 0 0 850 215 8 907 60 0 0 701 960 846 0 577 32 969 145 844 75 531 525 608 0 123 797 668 868 932 778 0 889 0 828 0 140 0 457 872 205 971 219 196 425 724 826 345 24 722 0 0 211 689 0 112 859 0 364 158 910 34 0 705 143 733 931 116 404 823 0 71 848 174 138 699 0 462 180 925 792 0 69 462 674 593 227 218 445 422 655 511 315 0 905 770 0 907 272 94 0 302 0 0 777 30 907 747 441 563 0 528 747 544 63 785 350 0 0 653 5 0 153 0 200 965 0 960 0 0 400 0 393 0 0 0 407 72 876 0 0 770 0 440 687 354 535 0 0 840 396 364 0 0 582 996 665 797 0 657 6 0 0 787 79 0 0 461 502 9 0 115 794 0 197 541 0 447 0 562 0 563 908 28 364 147 360 0 0 656 829 462 420 527 102 636 350 82 151 112 0 850 0 617 745 187 0 190 756 165 0 0 0 36 625 0 326 0 526 233 0 741 0 705 0 298 56 742 690 0 200 42 294 877 0 0 0 649 664 759 955 494 0 125 767 0 349 414 160 169 219 959 926 
29 885 230 327 210 49 0 0 667 211 476 840 706 384 0 0 939 982 719 0 874 449 87 154 0 266 0 0 0 0 817 33 913 906 0 0 260 332 353 171 0 0 204 0 245 219 730 954 946 0 392 0 937 260 964 78 449 857 888 368 0 0 167 0 0 699 767 331 174 0 612 18 813 92 212 0 204 435 521 0 922 0 11 764 7 0 0 0 0 764 0 0 129 0 713 132 986 622 151 4 0 717 0 843 717 707 919 203 0 721 86 0 311 294 0 0 767 0 0 846 791 0 385 78 269 434 727 792 742 0 589 0 311 460 621 155 241 969 667 837 81 0 129 0 758 497 14 358 380 6 0 780 78 861 485 579 880 714 231 40 584 927 353 577 543 227 29 0 309 921 98 378 240 75 0 649 309 296 953 18 873 45 917 895 872 0 722 870 988 193 945 132 403 749 222 0 432 327 413 958 543 761 0 224 625 402 0 989 327 891 831 248 397 811 0 0 348 735 632 0 731 178 956 0 88 928 575 918 137 817 16 863 817 661 0 277 479 587 0 774 653 927 140 0 598 0 208 936 714 311 123 375 597 485 424 616 836 960 78 0 405 0 0 0 317 791 203 839 614 0 0 5 781 0 235 158 4 260 364 0 482 391 978 757 891 0 0 0 0 0 0 536 460 0 895 148 406 655 266 656 986 0 752 367 0 0 340 415 
156 142 959 540 70 856 0 610 0 326 111 0 970 396 467 0 903 941 992 0 961 994 750 99 0 0 998 956 0 0 0 474 0 836 0 0 421 981 403 326 989 508 948 769 0 912 922 572 663 626 557 671 0 668 0 835 68 570 580 875 532 0 276 0 533 592 699 666 623 612 0 761 740 579 590 331 542 378 15 0 45 267 696 258 714 97 698 114 947 0 673 520 702 435 885 0 0 587 416 0 974 78 98 0 900 661 0 534 0 436 2 543 880 700 315 251 560 301 583 878 903 0 278 800 488 849 353 313 0 495 949 598 866 707 414 0 52 305 839 266 416 443 0 692 525 0 347 0 761 53 205 0 430 396 889 381 0 540 620 0 222 0 866 56 718 0 215 601 927 689 0 508 0 0 220 981 0 877 0 0 296 0 0 547 0 702 844 562 642 556 253 568 818 92 659 481 423 536 66 615 170 440 901 0 616 362 0 615 822 390 0 235 608 200 997 0 968 0 26 901 0 801 715 184 595 513 931 255 94 981 0 277 597 513 644 0 934 662 499 294 601 247 0 603 61 680 0 493 332 931 164 952 714 0 0 725 604 0 886 860 822 68 811 66 0 0 960 0 451 0 321 198 544 835 302 25 659 0 172 486 375 0 230 97 693 88 580 678 304 970 0 0 799 89 0 183 916 809 744 357 496 0 403 0 0 20 0 215 
514 981 595 0 658 768 0 0 683 979 0 564 120 491 409 988 991 358 462 371 64 596 160 773 0 890 12 0 40 340 761 0 49 0 260 421 0 862 125 84 480 234 613 415 495 0 0 579 251 720 151 963 913 841 696 47 888 456 232 873 506 0 0 0 0 290 517 193 0 0 464 0 683 0 940 330 898 956 741 506 696 343 489 0 0 514 0 671 760 147 0 110 721 455 397 264 5 805 71 794 2 0 150 373 367 0 329 997 690 450 109 994 0 572 73 0 137 806 156 594 32 473 700 559 690 245 262 935 164 0 144 423 818 220 751 974 534 860 808 585 369 859 150 0 0 781 211 901 522 0 765 12 226 567 672 0 0 989 113 0 822 67 729 40 666 0 327 510 850 0 547 763 0 191 596 619 25 282 752 41 11 432 153 476 16 209 0 0 0 754 4 568 226 433 0 554 430 471 0 55 0 335 115 0 319 491 536 960 822 767 61 263 412 581 491 0 867 399 841 397 591 552 622 0 0 0 111 179 12 235 897 682 913 853 558 0 889 693 511 877 516 0 0 0 161 766 692 354 762 0 82 108 259 167 992 0 0 968 296 133 0 767 597 292 251 0 0 755 936 67 0 934 0 676 432 0 0 504 143 0 184 925 505 50 71 62 0 577 591 899 0 895 440 50 0 0 0 0 423 0 725 110 766 538 214 337 713 617 
