0 0 237 111 55 0 837 0 390 0 0 458 375 660 719 659 0 704 0 933 0 391 51 895 16 0 955 684 731 0 313 205 0 0 433 0 0 183 112 0 0 816 192 429 0 0 0 0 0 800 0 115 0 231 830 0 810 0 0 108 36 104 0 270 0 907 269 456 237 120 0 80 625 0 78 310 806 587 0 110 988 436 771 0 782 0 561 935 905 837 895 227 383 736 93 95 780 614 0 0 0 0 184 822 0 287 570 406 0 0 863 447 551 320 740 666 852 190 633 213 555 0 576 188 28 872 307 872 601 141 960 749 379 308 804 453 871 532 922 111 0 305 899 96 76 971 979 449 863 51 942 600 353 596 545 216 557 640 0 192 560 
0 0 960 695 549 274 965 589 0 0 463 720 0 78 509 576 368 868 881 904 135 0 422 0 986 0 145 582 530 0 319 723 233 692 490 767 0 121 511 728 580 601 442 210 533 871 565 537 509 666 598 168 385 325 75 193 504 488 300 635 585 0 586 964 0 0 772 763 397 0 417 954 906 766 811 953 256 0 0 942 343 37 0 215 0 432 611 0 854 675 256 143 891 52 950 318 424 0 573 0 0 220 908 665 482 589 0 223 56 825 771 0 182 850 912 134 0 0 0 561 276 918 320 62 736 116 813 277 199 489 0 634 0 0 869 857 168 990 0 218 111 0 792 120 76 98 440 884 618 768 0 913 776 247 321 486 321 556 515 381 56 
237 960 0 0 933 862 795 0 353 0 261 441 75 272 882 769 566 17 532 62 406 0 0 346 719 585 0 794 40 28 0 0 699 0 58 218 739 0 230 630 469 579 0 496 169 0 47 65 630 971 872 850 842 914 894 0 973 873 452 818 819 648 921 0 912 848 826 247 843 188 120 0 677 0 7 0 243 678 113 741 639 427 317 135 313 521 372 0 71 406 435 857 118 0 0 96 645 0 355 117 868 187 0 618 0 604 739 453 533 365 757 111 140 0 438 815 876 722 48 956 145 458 949 0 321 0 0 556 0 0 820 126 73 582 357 414 923 0 453 311 0 0 177 823 931 741 326 517 744 224 245 32 2 0 0 895 468 542 935 772 845 
111 695 0 0 342 0 118 0 108 771 502 0 0 0 0 965 226 851 861 69 0 522 0 683 491 0 345 0 206 683 390 171 0 319 669 924 781 449 0 371 529 970 925 166 162 305 0 497 102 210 269 536 883 895 665 978 739 520 238 0 0 223 977 966 768 415 649 903 0 461 477 252 921 939 0 595 688 630 0 173 818 993 0 910 250 954 0 0 625 521 928 918 95 601 980 0 493 701 629 508 0 178 403 727 0 791 748 619 0 780 0 900 0 300 190 226 120 861 0 484 667 315 362 102 520 966 240 0 0 834 935 0 342 0 0 599 750 443 657 873 388 608 263 327 381 260 188 956 387 703 993 695 847 688 360 16 703 925 81 0 697 
55 549 933 342 0 993 0 238 886 762 0 311 334 939 564 443 493 674 52 709 0 762 0 0 500 549 0 650 184 274 0 15 662 445 0 257 104 625 0 571 0 75 764 444 152 481 816 654 525 200 228 257 567 952 500 0 988 232 0 71 293 203 0 938 801 162 807 259 698 215 228 0 0 78 617 986 514 176 28 939 636 0 0 372 450 54 0 228 79 0 0 0 237 886 490 0 14 923 0 372 0 0 832 274 0 649 5 249 91 961 0 56 949 602 637 208 702 577 885 0 515 0 393 0 0 0 702 317 0 198 0 460 0 972 993 0 720 0 114 652 863 435 565 189 62 0 987 123 0 0 138 911 159 836 0 876 181 198 0 137 386 
0 274 862 0 993 0 3 763 997 524 592 799 923 0 214 297 706 0 187 860 601 164 634 157 0 0 412 0 817 0 0 139 357 678 84 121 497 0 625 320 0 0 353 265 43 0 839 249 884 901 523 883 499 662 909 427 0 835 865 182 0 623 268 542 0 0 871 0 636 295 891 878 208 896 814 615 585 785 222 926 0 488 524 1 638 418 965 769 775 273 751 762 455 611 0 203 347 996 0 938 154 666 961 315 841 61 0 524 321 583 740 866 622 347 189 865 0 0 630 238 0 163 194 513 919 937 849 536 0 0 0 0 0 960 40 530 817 317 640 450 0 47 45 525 824 0 505 13 0 0 0 256 0 0 0 937 954 0 0 734 0 
837 965 795 118 0 3 0 125 969 318 894 37 949 47 685 294 0 0 609 11 770 240 0 839 731 9 997 806 0 913 0 0 241 739 821 512 0 293 760 180 583 428 0 58 756 0 345 0 907 0 982 148 130 67 0 697 249 47 0 0 303 340 0 0 671 826 410 900 421 601 0 159 0 163 194 691 854 912 633 772 800 358 191 168 0 0 965 0 810 871 645 0 317 861 57 678 0 0 0 124 536 517 23 950 171 0 819 0 317 939 0 412 60 0 980 588 458 556 787 686 0 306 327 148 607 555 433 0 674 285 638 769 0 913 0 282 0 380 807 333 402 0 0 947 867 17 0 0 0 152 425 0 6 444 128 780 411 920 307 0 528 
0 589 0 0 238 763 125 0 0 98 939 0 0 788 0 528 168 155 0 440 0 588 0 0 0 0 956 887 26 0 395 767 674 505 0 0 361 260 202 91 457 0 161 865 637 0 0 0 0 346 707 0 319 95 70 343 821 977 871 0 421 0 353 166 820 676 19 212 644 0 977 675 0 773 974 110 474 33 0 162 654 112 412 832 589 635 0 683 0 0 629 0 427 372 348 694 357 143 622 563 929 849 440 554 932 0 335 273 777 145 470 328 729 0 513 677 947 93 764 0 451 645 787 497 685 918 752 267 620 591 0 541 817 0 105 696 611 0 138 145 296 985 0 520 0 798 0 411 848 692 0 0 0 123 394 53 733 176 0 675 234 
390 0 353 108 886 997 969 0 0 726 0 176 48 0 0 312 0 628 0 503 0 0 758 27 0 530 666 0 0 985 79 393 836 765 245 335 2 656 205 580 599 552 0 132 795 0 641 272 483 340 135 411 0 985 0 44 29 257 0 660 0 681 129 174 0 419 641 0 872 644 420 0 782 263 55 0 216 710 757 207 321 0 477 0 767 213 0 334 669 567 686 121 0 0 552 384 0 545 163 536 712 0 0 792 472 214 683 0 0 181 465 534 850 317 0 0 509 0 0 0 934 0 0 692 288 0 357 312 179 498 955 0 0 542 830 946 333 371 0 500 702 0 539 271 0 316 587 932 398 0 756 927 437 925 257 508 715 992 681 402 732 
0 0 0 771 762 524 318 98 726 0 115 68 933 603 545 0 365 690 188 0 127 134 651 685 939 0 466 331 0 0 925 4 31 637 930 791 0 0 315 373 735 0 217 963 355 878 769 0 886 735 0 0 0 129 480 156 606 660 0 51 0 98 0 0 0 650 658 684 10 973 848 101 863 343 0 449 141 76 906 0 919 0 248 792 804 41 717 624 0 0 852 137 454 465 0 0 599 618 857 484 938 368 490 0 787 282 397 886 346 830 817 240 46 237 714 542 635 16 467 395 621 739 778 157 134 453 837 545 952 416 71 0 552 680 153 924 0 845 469 0 446 250 593 212 474 995 0 277 0 180 498 0 861 826 102 0 370 0 0 250 506 
0 463 261 502 0 592 894 939 0 115 0 226 925 85 41 686 583 968 0 0 295 705 579 386 792 0 22 0 21 0 934 433 330 223 996 413 0 613 448 733 697 136 0 385 627 298 175 540 0 574 519 612 636 40 776 164 403 561 0 759 0 738 0 854 664 984 0 0 837 165 675 455 0 481 0 208 531 29 313 956 855 696 0 0 177 710 0 600 141 528 363 298 358 2 571 353 861 0 408 0 0 195 0 0 435 0 833 630 768 904 351 955 0 765 318 292 0 849 917 884 432 342 578 887 436 0 515 0 635 456 637 0 710 920 0 624 142 85 159 410 525 535 250 476 15 318 760 0 750 228 500 997 923 704 629 88 956 0 0 892 0 
458 720 441 0 311 799 37 0 176 68 226 0 101 0 484 31 0 0 0 905 926 509 416 984 573 579 568 0 0 412 310 111 116 833 401 0 414 167 510 0 216 0 550 958 957 82 595 246 0 0 161 214 743 353 0 72 930 677 640 0 978 887 0 114 232 316 151 30 0 308 546 588 628 0 471 749 151 391 0 468 69 204 837 0 160 0 419 0 38 889 873 0 0 55 865 868 0 0 526 150 0 0 0 913 393 203 528 473 865 254 488 663 0 805 0 0 250 0 962 816 125 476 172 0 548 840 0 6 0 719 0 843 271 898 901 0 825 480 0 517 145 785 0 0 713 241 84 946 318 643 113 0 961 0 0 817 197 378 0 906 736 
375 0 75 0 334 923 949 0 48 933 925 101 0 268 113 123 0 658 0 904 672 0 213 0 486 0 193 0 633 0 647 0 111 533 170 0 985 0 574 787 759 507 221 973 319 802 0 366 0 669 304 824 391 99 0 59 641 173 0 259 0 148 76 796 279 0 0 0 0 176 896 0 518 848 961 981 32 0 220 0 639 111 700 968 801 216 0 613 959 794 289 0 0 0 740 639 0 587 437 786 386 0 534 0 74 0 169 0 872 0 185 590 901 945 492 0 973 0 224 496 0 438 0 800 288 973 287 0 763 215 877 274 636 663 398 921 0 0 486 87 449 0 827 845 171 778 882 367 902 654 0 794 927 171 777 0 79 0 421 229 0 
660 78 272 0 939 0 47 788 0 603 85 0 268 0 536 690 460 588 697 637 698 247 0 713 364 0 794 584 0 0 92 825 732 0 84 0 495 365 587 602 504 0 798 591 214 306 834 798 480 496 146 939 454 0 993 23 0 637 0 57 470 688 266 849 0 0 184 0 308 0 724 0 638 0 578 0 0 497 68 0 0 0 616 919 421 497 604 986 525 976 626 173 738 0 0 563 585 0 731 665 417 860 526 487 963 0 0 904 322 18 503 33 649 191 736 319 592 0 0 26 0 0 919 698 93 771 580 994 45 264 75 942 671 589 0 598 608 78 408 363 391 720 949 125 126 976 960 981 241 682 163 0 98 774 827 910 0 232 79 270 0 
719 509 882 0 564 214 685 0 0 545 41 484 113 536 0 625 895 880 99 0 881 804 447 485 482 233 926 0 151 592 0 181 0 690 0 53 654 137 148 623 831 987 279 70 896 0 251 985 963 572 0 0 322 761 0 246 854 0 475 90 0 0 28 793 601 0 995 0 463 895 230 0 0 0 0 177 400 675 614 0 793 43 0 503 497 0 309 0 934 0 272 297 0 447 692 541 265 840 423 723 864 573 328 569 616 996 595 0 939 40 0 444 736 0 607 406 932 0 927 221 0 34 0 62 754 203 232 459 517 436 23 0 0 114 611 0 0 0 0 143 13 0 0 732 234 0 902 0 744 822 34 825 0 550 566 23 977 0 0 364 0 
659 576 769 965 443 297 294 528 312 0 686 31 123 690 625 0 454 842 491 827 0 220 940 0 145 93 952 0 0 996 4 891 403 772 0 208 338 714 501 755 307 954 581 599 108 245 350 412 0 412 360 0 0 0 681 248 775 0 0 925 825 0 746 0 0 0 511 95 913 623 369 721 670 16 251 468 0 518 711 195 483 740 168 137 467 301 900 898 350 0 0 430 572 413 0 0 0 0 914 706 932 534 415 179 347 985 0 485 410 279 0 261 978 39 0 399 83 809 199 0 0 570 280 859 0 181 229 565 0 371 27 471 25 0 199 677 122 531 62 316 0 703 406 0 98 989 0 466 202 585 0 455 749 150 0 356 524 988 0 44 0 
0 368 566 226 493 706 0 168 0 365 583 0 0 460 895 454 0 261 366 0 414 0 25 158 918 847 663 796 181 742 690 587 0 372 0 804 548 996 0 980 691 0 691 0 0 0 0 0 826 675 0 0 836 870 197 298 565 534 271 0 752 0 409 841 0 19 823 467 611 41 274 830 372 827 366 722 0 900 112 0 230 338 466 724 0 559 604 963 684 457 629 460 48 750 381 499 188 271 671 634 0 722 562 0 348 795 349 116 324 20 0 6 604 350 0 453 316 110 983 0 372 694 759 334 881 223 656 703 18 0 777 238 196 809 829 780 494 446 172 616 364 268 199 856 982 934 0 497 187 0 476 0 475 0 977 754 359 718 0 0 737 
704 868 17 851 674 0 0 155 628 690 968 0 658 588 880 842 261 0 676 94 0 47 232 446 574 113 58 202 0 932 418 130 349 48 673 5 901 539 718 0 426 254 315 578 0 0 42 880 119 596 915 849 0 0 78 93 707 0 0 0 0 928 451 470 0 623 249 706 195 900 681 688 0 0 627 442 0 914 74 264 24 946 0 105 61 0 667 353 806 518 0 0 623 75 0 427 0 963 0 758 619 527 599 451 161 491 71 816 896 959 234 837 0 68 350 0 407 115 354 777 0 96 494 816 281 366 752 720 628 0 972 703 874 151 801 394 809 461 0 0 976 0 726 105 89 453 879 0 835 307 431 664 926 0 469 702 129 434 250 0 181 
0 881 532 861 52 187 609 0 0 188 0 0 0 697 99 491 366 676 0 559 956 525 832 412 922 0 708 555 984 0 439 0 0 993 935 0 0 558 483 663 669 152 106 112 2 461 904 297 329 0 233 0 0 56 432 503 866 248 36 868 643 0 990 673 0 7 0 317 0 309 925 835 0 831 253 958 591 187 399 12 86 460 964 648 993 48 469 197 0 159 0 336 0 0 0 120 749 0 0 951 170 638 0 720 0 0 178 940 319 0 355 813 522 623 269 802 340 0 160 388 550 730 305 0 983 0 118 0 933 723 929 0 290 746 912 888 108 495 290 779 0 228 981 0 0 0 0 0 0 190 928 805 815 631 0 342 482 0 455 799 0 
933 904 62 69 709 860 11 440 503 0 0 905 904 637 0 827 0 94 559 0 0 471 334 917 605 608 466 964 308 711 0 875 0 99 0 925 262 887 596 915 0 649 0 0 533 0 747 769 622 327 635 161 288 846 984 0 95 869 888 0 14 297 497 182 719 930 64 974 0 918 45 964 327 965 700 0 237 691 207 489 931 905 146 650 482 869 0 0 843 0 730 929 742 17 0 317 469 182 496 0 0 674 0 723 277 469 852 907 738 221 264 868 0 707 0 866 369 171 551 665 375 0 118 0 0 328 379 332 0 140 623 904 185 867 713 376 532 138 0 118 394 225 449 0 885 117 0 0 456 0 133 0 677 855 172 0 987 585 75 974 0 
0 135 406 0 0 601 770 0 0 127 295 926 672 698 881 0 414 0 956 0 0 23 429 503 869 709 879 660 364 753 625 344 743 0 719 271 0 599 387 875 813 746 854 939 0 818 831 0 0 0 534 110 867 0 43 56 527 0 894 378 0 0 920 477 0 970 212 0 968 110 420 0 0 0 100 455 924 0 357 944 638 431 156 624 0 0 308 192 322 864 369 17 37 28 259 101 284 709 110 146 655 0 84 730 0 823 543 511 907 668 258 813 879 888 722 145 500 931 548 606 378 353 0 180 149 289 48 243 122 0 0 68 0 547 792 831 428 246 669 766 0 891 0 1 572 0 0 980 13 102 474 2 99 852 0 271 113 463 36 125 990 
391 0 0 522 762 164 240 588 0 134 705 509 0 247 804 220 0 47 525 471 23 0 177 0 380 148 0 0 570 710 470 252 579 0 359 558 449 593 336 619 828 543 0 0 638 0 467 380 0 472 615 0 14 698 274 0 655 564 623 16 0 314 33 0 0 0 395 144 436 165 929 0 269 726 909 0 0 171 0 295 805 578 0 950 737 277 597 0 793 753 0 835 726 0 205 0 190 983 686 57 489 423 383 0 449 560 338 637 198 514 605 435 0 666 66 240 819 0 665 0 0 789 924 85 956 0 742 137 76 198 111 0 809 762 460 0 758 0 152 628 0 355 901 144 637 0 529 389 192 238 525 908 962 574 369 0 627 0 656 796 996 
51 422 0 0 0 634 0 0 758 651 579 416 213 0 447 940 25 232 832 334 429 177 0 986 85 691 23 160 260 204 748 0 372 689 85 0 328 961 376 694 0 0 832 0 839 131 0 126 857 71 243 0 524 531 660 0 789 380 569 322 522 585 760 280 688 757 591 937 238 869 874 935 713 615 843 590 392 773 883 934 511 969 0 1 203 0 148 497 898 384 116 669 769 173 149 354 20 44 0 517 299 140 223 400 410 574 301 510 375 0 783 762 0 182 902 547 0 12 425 869 658 778 986 0 497 446 830 721 546 123 517 159 0 959 664 774 0 0 27 422 0 284 497 224 668 0 478 639 0 974 0 0 403 182 376 0 674 0 815 676 295 
895 0 346 683 0 157 839 0 27 685 386 984 0 713 485 0 158 446 412 917 503 0 986 0 547 14 579 641 468 0 101 931 112 947 425 0 985 71 94 972 0 987 852 425 205 0 317 0 0 0 264 0 119 975 860 0 482 0 0 960 476 379 0 758 0 837 445 985 0 543 726 795 734 837 18 0 550 789 0 107 0 836 107 0 376 0 864 777 82 238 329 22 67 825 0 966 567 0 129 758 301 617 828 655 808 0 0 0 745 0 6 346 765 591 241 209 538 223 995 798 283 753 524 957 704 0 0 333 704 447 961 0 0 917 8 208 9 832 0 848 693 928 588 933 633 350 720 0 0 460 995 104 357 37 729 0 338 431 0 825 303 
16 986 719 491 500 0 731 0 0 939 792 573 486 364 482 145 918 574 922 605 869 380 85 547 0 718 71 123 264 858 706 721 889 626 881 724 0 0 201 696 364 987 660 0 103 0 674 903 0 0 911 960 0 168 912 982 499 356 154 645 0 119 476 553 0 0 96 484 470 451 0 0 835 965 171 374 817 538 483 886 423 365 0 169 432 672 418 151 0 273 0 684 123 0 0 239 0 0 769 0 685 416 956 0 205 894 0 756 276 144 269 135 344 691 571 747 870 918 767 460 815 623 796 600 594 666 709 0 179 435 0 401 339 525 0 612 0 489 0 345 0 0 372 350 201 231 531 296 649 0 974 523 901 0 233 523 0 415 0 375 42 
0 0 585 0 549 0 9 0 530 0 0 579 0 0 233 93 847 113 0 608 709 148 691 14 718 0 231 358 547 0 888 47 0 785 584 448 608 860 946 573 497 480 638 0 0 0 844 923 163 117 0 0 147 544 722 0 959 40 490 0 0 0 479 0 0 0 370 317 376 758 0 779 952 0 831 362 0 666 0 0 0 659 59 295 271 846 862 521 933 0 0 633 0 136 16 0 16 568 0 56 689 0 0 870 0 0 52 229 0 196 719 227 926 214 887 398 228 441 851 0 178 770 575 394 834 461 74 733 0 0 0 211 6 934 972 296 141 200 308 76 0 525 374 872 0 212 0 0 763 877 125 0 200 756 92 756 809 0 0 864 367 
955 145 0 345 0 412 997 956 666 466 22 568 193 794 926 952 663 58 708 466 879 0 23 579 71 231 0 249 840 769 370 121 0 617 37 398 0 332 0 0 0 332 716 35 727 468 0 79 776 786 0 448 113 225 0 756 0 980 652 767 819 494 0 0 404 693 0 506 327 852 0 129 827 818 833 323 0 987 0 35 636 271 542 948 337 590 939 56 701 0 0 683 66 813 798 453 56 32 0 397 37 293 429 423 124 68 303 565 0 38 984 605 951 3 269 330 820 680 374 490 569 874 632 465 820 354 115 260 163 63 794 38 0 111 417 605 0 120 999 0 0 153 365 250 0 554 310 355 386 0 393 179 764 0 834 315 794 961 41 622 0 
684 582 794 0 650 0 806 887 0 331 0 0 0 584 0 0 796 202 555 964 660 0 160 641 123 358 249 0 553 948 879 478 199 552 523 0 221 404 370 146 226 759 178 0 954 686 115 835 0 189 679 849 0 318 714 480 5 69 179 719 226 472 901 751 602 780 837 981 0 99 993 683 0 0 352 0 0 225 222 696 47 0 876 0 295 0 277 804 533 391 373 140 481 0 457 0 624 111 0 366 125 454 0 0 890 834 122 783 0 932 977 923 747 965 995 393 98 746 26 818 35 123 0 100 296 236 40 175 664 0 151 277 84 0 808 457 215 849 99 0 501 789 806 937 855 975 94 0 831 214 883 0 443 592 0 0 409 0 231 829 0 
731 530 40 206 184 817 0 26 0 0 21 0 633 0 151 0 181 0 984 308 364 570 260 468 264 547 840 553 0 0 708 0 0 163 0 0 74 95 0 932 240 824 922 740 128 679 373 554 0 465 238 0 625 0 89 0 335 0 0 595 811 433 0 0 87 128 901 213 0 521 160 927 25 111 33 883 874 307 405 94 275 587 982 609 0 0 0 790 848 992 897 652 573 457 508 46 533 0 0 578 301 560 89 375 241 822 693 572 518 213 710 534 901 159 274 0 805 554 343 346 522 909 19 4 0 0 439 0 831 0 0 177 955 0 668 924 262 834 645 0 0 384 739 13 676 597 402 679 241 754 933 0 964 293 0 0 648 351 9 700 0 
0 0 28 683 274 0 913 0 985 0 0 412 0 0 592 996 742 932 0 711 753 710 204 0 858 0 769 948 0 0 0 0 986 913 713 228 622 0 591 168 797 0 903 941 479 404 0 190 962 742 0 613 134 0 0 382 316 492 851 0 859 935 772 0 58 595 257 0 0 639 966 696 874 369 875 0 0 34 327 470 892 581 867 597 0 249 478 944 749 223 293 837 119 650 0 508 48 440 0 0 0 223 424 234 680 0 76 0 0 325 0 798 565 588 0 105 644 331 0 340 352 959 814 0 297 0 0 973 547 60 142 646 297 427 103 432 762 0 999 548 844 581 187 164 2 171 0 223 158 0 563 0 785 6 89 0 364 701 704 0 512 
313 319 0 390 0 0 0 395 79 925 934 310 647 92 0 4 690 418 439 0 625 470 748 101 706 888 370 879 708 0 0 934 0 0 464 575 649 712 607 440 122 0 334 969 0 917 712 731 486 130 0 4 887 36 0 165 622 122 647 677 19 10 816 461 192 201 0 147 186 760 214 123 144 412 300 0 17 433 0 105 556 816 0 771 289 685 564 320 0 590 558 550 897 0 528 645 899 502 576 281 959 334 965 212 800 873 0 100 922 376 774 267 0 536 965 603 0 594 580 0 481 587 0 905 204 165 20 0 591 301 544 774 248 954 494 253 764 905 975 0 642 631 0 0 0 0 0 0 0 992 0 0 326 0 729 835 821 968 0 618 122 
205 723 0 171 15 139 0 767 393 4 433 111 0 825 181 891 587 130 0 875 344 252 0 931 721 47 121 478 0 0 934 0 375 977 800 0 357 712 0 860 626 914 703 816 0 40 0 416 297 140 271 304 198 0 0 479 388 0 783 493 790 391 0 24 0 622 843 0 0 0 342 629 54 410 0 607 847 0 806 805 248 716 120 771 552 281 75 411 953 179 349 0 935 0 961 805 684 907 131 973 748 0 527 242 92 80 982 404 0 669 751 385 825 797 914 0 674 0 982 100 222 645 0 381 354 812 993 70 0 700 306 66 618 550 0 833 0 475 0 0 569 497 381 0 869 54 789 336 10 310 388 0 158 375 286 542 0 485 316 357 309 
0 233 699 0 662 357 241 674 836 31 330 116 111 732 0 403 0 349 0 0 743 579 372 112 889 0 0 199 0 986 0 375 0 378 271 849 0 218 147 259 306 663 0 174 0 869 765 882 168 503 0 713 745 740 168 673 47 25 661 936 458 997 0 981 961 463 0 0 698 852 0 0 650 556 344 22 0 0 712 590 0 0 0 604 501 0 0 139 537 923 947 70 402 750 335 815 979 448 0 837 600 0 0 625 155 460 754 786 627 0 462 199 596 0 988 711 0 320 939 37 100 299 0 669 734 664 356 0 561 804 0 797 770 921 0 346 75 366 967 533 923 711 0 308 97 676 778 0 0 529 452 602 0 0 185 625 566 653 851 150 0 
0 692 0 319 445 678 739 505 765 637 223 833 533 0 690 772 372 48 993 99 0 0 689 947 626 785 617 552 163 913 0 977 378 0 543 0 89 894 342 439 218 0 522 568 37 903 0 0 442 563 0 238 447 0 832 604 886 634 102 382 823 703 639 0 0 888 698 740 894 61 272 438 49 194 515 178 0 374 787 818 0 451 982 674 176 0 457 861 905 439 0 797 893 0 212 557 903 353 0 0 347 182 67 654 0 0 272 0 0 573 81 0 392 666 786 249 745 0 663 214 0 760 0 450 184 349 0 0 0 0 0 0 0 0 549 461 838 740 861 234 278 763 12 0 0 826 609 74 100 0 206 656 315 366 467 0 0 680 0 365 43 
433 490 58 669 0 84 821 0 245 930 996 401 170 84 0 0 0 673 935 0 719 359 85 425 881 584 37 523 0 713 464 800 271 543 0 0 20 0 958 101 0 267 167 921 578 0 0 348 86 301 640 642 0 817 676 79 989 51 80 901 0 88 192 433 894 946 18 0 319 945 392 949 770 633 393 253 931 0 119 655 180 627 239 816 78 847 205 530 0 182 574 626 190 295 694 243 865 320 0 0 704 892 59 0 0 954 636 316 226 783 199 729 398 0 567 0 780 715 608 299 410 955 29 496 778 649 72 900 0 992 0 390 232 372 857 450 15 95 636 428 69 700 801 0 522 337 743 0 624 355 209 0 0 330 639 973 0 319 102 934 960 
0 767 218 924 257 121 512 0 335 791 413 0 0 0 53 208 804 5 0 925 271 558 0 0 724 448 398 0 0 228 575 0 849 0 0 0 902 694 848 0 252 0 175 0 377 0 144 24 762 944 0 619 942 666 254 946 861 804 946 0 677 0 681 879 0 686 441 129 0 238 117 379 846 0 678 809 333 286 597 717 324 0 0 0 621 593 657 567 84 0 0 25 0 0 804 991 947 536 445 83 228 0 0 280 249 649 942 25 996 0 458 0 0 122 0 639 0 0 410 0 552 0 565 0 0 784 98 63 0 17 165 921 0 0 0 471 0 0 0 0 911 0 0 0 451 466 0 285 121 797 0 53 460 929 0 0 37 976 705 0 130 
0 0 739 781 104 497 0 361 2 0 0 414 985 495 654 338 548 901 0 262 0 449 328 985 0 608 0 221 74 622 649 357 0 89 20 902 0 241 700 959 924 445 20 969 467 654 287 914 717 375 864 0 457 768 135 501 763 0 650 112 548 462 258 188 986 459 0 165 799 655 761 324 177 543 552 670 134 0 732 918 420 443 379 664 590 0 0 804 0 977 344 387 273 576 667 86 104 454 325 0 846 109 749 0 510 794 416 0 329 9 758 0 0 839 103 351 317 0 0 800 0 0 291 992 0 143 940 0 560 876 155 474 960 754 764 0 306 377 810 0 0 287 472 0 552 798 826 315 345 0 229 507 257 810 547 924 266 421 0 780 621 
183 121 0 449 625 0 293 260 656 0 613 167 0 365 137 714 996 539 558 887 599 593 961 71 0 860 332 404 95 0 712 712 218 894 0 694 241 0 375 879 252 80 552 0 0 508 831 0 627 978 667 891 0 16 973 0 471 815 323 553 859 957 898 443 360 0 0 990 147 22 328 0 481 25 169 0 8 768 664 0 306 493 494 764 0 0 109 297 850 389 838 263 365 0 466 0 0 449 954 0 102 0 230 853 414 150 870 935 0 0 169 327 35 0 849 317 0 0 0 0 283 543 559 0 837 70 0 189 505 0 667 465 0 159 864 99 837 0 794 368 882 336 0 305 469 0 310 57 835 0 628 437 0 866 527 241 578 986 190 158 34 
112 511 230 0 0 625 760 202 205 315 448 510 574 587 148 501 0 718 483 596 387 336 376 94 201 946 0 370 0 591 607 0 147 342 958 848 700 375 0 0 208 206 29 615 0 0 0 353 304 0 534 338 0 27 980 732 0 544 0 342 0 560 289 0 273 0 4 801 700 733 0 0 869 341 107 422 536 652 525 666 444 543 388 521 0 471 695 900 372 0 0 360 444 910 0 294 0 0 0 365 842 881 241 708 774 0 366 988 476 0 826 168 748 9 268 307 0 0 896 565 0 0 0 942 396 741 998 727 0 0 0 667 183 721 745 0 0 700 586 252 49 266 0 389 14 956 744 0 60 377 349 862 101 833 364 0 0 978 656 729 59 
0 728 630 371 571 320 180 91 580 373 733 0 787 602 623 755 980 0 663 915 875 619 694 972 696 573 0 146 932 168 440 860 259 439 101 0 959 879 0 0 778 480 134 842 0 0 26 372 836 947 768 620 266 2 442 0 0 153 0 335 0 659 124 0 646 0 764 860 46 0 555 609 461 0 555 566 0 321 443 805 387 873 0 0 830 160 0 0 894 338 944 135 187 0 0 0 28 39 107 315 485 0 220 470 46 0 359 155 0 880 272 803 0 0 785 417 554 0 960 824 0 803 228 520 696 53 0 630 980 448 897 226 765 242 18 0 913 569 0 0 770 561 308 309 123 772 100 362 0 143 0 633 0 0 960 468 695 0 115 976 633 
0 580 469 529 0 0 583 457 599 735 697 216 759 504 831 307 691 426 669 0 813 828 0 0 364 497 0 226 240 797 122 626 306 218 0 252 924 252 208 778 0 860 8 0 0 0 500 436 622 403 944 0 896 955 192 518 426 583 594 695 766 95 238 0 0 0 0 525 472 0 894 211 219 0 282 106 738 0 0 603 994 846 0 42 612 168 516 752 439 428 0 961 0 0 475 794 76 443 590 843 377 922 0 29 728 327 104 0 0 529 781 183 666 0 394 0 0 0 420 671 0 467 0 0 290 193 0 496 0 0 819 0 195 833 55 552 93 477 0 158 182 0 0 673 882 348 0 73 718 0 395 513 979 7 825 717 369 392 570 130 844 
816 601 579 970 75 0 428 0 552 0 136 0 507 0 987 954 0 254 152 649 746 543 0 987 987 480 332 759 824 0 0 914 663 0 267 0 445 80 206 480 860 0 182 793 734 0 342 128 218 154 0 480 636 638 401 0 830 679 150 452 955 497 0 0 859 190 398 760 946 969 116 674 418 909 362 454 964 226 15 675 4 869 688 779 65 0 137 369 409 0 897 999 4 0 0 0 167 985 564 944 0 0 766 420 803 170 242 368 61 475 207 513 0 0 74 673 628 686 973 317 789 384 698 239 459 0 745 763 444 641 369 242 0 32 939 17 555 0 750 971 0 0 558 220 503 0 944 492 339 385 636 0 132 306 716 0 860 0 534 902 0 
192 442 0 925 764 353 0 161 0 217 0 550 221 798 279 581 691 315 106 0 854 0 832 852 660 638 716 178 922 903 334 703 0 522 167 175 20 552 29 134 8 182 0 277 719 451 0 83 364 959 0 447 697 0 97 196 693 313 0 118 916 217 625 0 510 0 104 772 263 0 626 340 358 273 313 913 691 323 476 344 568 604 600 423 231 813 453 395 0 0 992 31 0 923 73 0 0 201 196 271 474 770 0 523 639 545 535 179 229 0 941 511 0 375 85 462 490 766 0 72 606 511 819 802 12 347 744 727 815 0 155 0 680 114 62 61 970 0 300 725 98 0 0 427 763 459 893 812 0 544 113 757 0 510 89 947 195 269 0 645 580 
429 210 496 166 444 265 58 865 132 963 385 958 973 591 70 599 0 578 112 0 939 0 0 425 0 0 35 0 740 941 969 816 174 568 921 0 969 0 615 842 0 793 277 0 0 511 505 563 751 550 765 0 914 796 373 419 643 690 0 526 807 0 0 210 499 188 732 218 768 177 0 791 708 269 0 798 0 421 983 0 224 843 8 0 368 709 397 673 0 0 0 0 8 32 349 331 0 436 770 882 0 787 648 201 555 0 560 0 321 416 278 49 0 743 631 220 206 364 147 540 427 499 377 195 525 0 731 253 0 761 82 486 100 0 0 0 142 909 374 0 32 317 939 498 317 447 0 0 0 0 269 317 569 952 466 0 0 0 245 512 508 
0 533 169 162 152 43 756 637 795 355 627 957 319 214 896 108 0 0 2 533 0 638 839 205 103 0 727 954 128 479 0 0 0 37 578 377 467 0 0 0 0 734 719 0 0 718 0 0 162 0 430 55 267 0 502 179 813 735 470 0 0 0 0 576 92 0 468 0 156 849 0 566 552 776 898 0 888 119 63 736 600 432 830 849 391 564 650 441 880 0 876 357 0 377 773 163 0 724 0 272 0 792 725 831 592 0 903 0 429 473 0 920 0 345 757 400 629 0 0 0 663 0 284 762 454 799 277 333 502 651 539 819 0 319 825 0 506 0 749 480 0 0 643 0 877 610 582 874 0 0 243 712 600 964 496 204 457 529 0 672 181 
0 871 0 305 481 0 0 0 0 878 298 82 802 306 0 245 0 0 461 0 818 0 131 0 0 0 468 686 679 404 917 40 869 903 0 0 654 508 0 0 0 0 451 511 718 0 544 0 254 190 982 729 841 884 299 0 784 392 945 322 114 594 347 222 704 0 543 772 0 265 477 417 0 921 560 649 0 766 0 462 0 998 476 594 682 691 728 904 626 373 680 932 842 0 366 317 330 971 0 0 0 684 308 858 165 0 382 834 524 955 717 0 0 0 547 88 702 482 350 127 0 537 312 318 224 321 779 55 382 626 891 0 0 395 0 692 119 0 409 0 0 0 0 0 0 538 0 25 749 956 138 0 0 991 0 888 12 671 0 396 330 
0 565 47 0 816 839 345 0 641 769 175 595 0 834 251 350 0 42 904 747 831 467 0 317 674 844 0 115 373 0 712 0 765 0 0 144 287 831 0 26 500 342 0 505 0 544 0 0 295 0 973 754 555 0 0 488 882 603 386 0 0 226 111 920 413 803 476 613 880 0 317 500 383 7 658 189 194 524 170 655 0 314 326 0 973 0 173 869 414 88 739 69 0 0 450 119 0 17 276 952 0 472 870 711 504 0 0 471 477 602 417 675 226 0 0 605 0 0 541 323 247 376 542 706 356 0 234 0 463 386 309 884 542 347 138 302 11 792 491 585 403 950 47 788 0 0 2 0 166 885 676 67 533 299 113 0 983 0 627 487 0 
0 537 65 497 654 249 0 0 272 0 540 246 366 798 985 412 0 880 297 769 0 380 126 0 903 923 79 835 554 190 731 416 882 0 348 24 914 0 353 372 436 128 83 563 0 0 0 0 883 122 786 919 0 597 555 370 0 573 0 636 824 663 932 880 0 826 208 0 435 246 53 22 221 314 0 678 432 663 613 57 578 148 1 370 739 476 480 102 0 401 191 274 840 83 0 63 97 223 331 75 490 398 413 34 929 82 670 479 594 108 35 0 905 124 832 761 0 0 405 632 62 264 454 531 0 916 0 615 78 171 0 465 0 444 646 539 459 2 504 242 238 245 608 0 768 0 0 0 418 832 879 562 505 506 311 953 302 228 0 113 574 
0 509 630 102 525 884 907 0 483 886 0 0 0 480 963 0 826 119 329 622 0 0 857 0 0 163 776 0 0 962 486 297 168 442 86 762 717 627 304 836 622 218 364 751 162 254 295 883 0 761 0 0 451 659 0 849 72 501 264 0 693 430 176 527 210 364 634 302 674 0 0 321 0 0 322 0 777 192 769 219 585 948 894 953 856 0 0 574 0 0 362 378 486 918 939 0 637 520 707 167 696 0 0 429 54 0 538 208 634 572 337 422 143 326 0 648 700 444 394 504 77 0 0 0 495 554 0 335 172 680 0 279 269 0 18 695 711 764 712 634 474 280 195 102 453 453 838 0 382 0 59 903 0 657 0 688 154 0 944 0 907 
800 666 971 210 200 901 0 346 340 735 574 0 669 496 572 412 675 596 0 327 0 472 71 0 0 117 786 189 465 742 130 140 503 563 301 944 375 978 0 947 403 154 959 550 0 190 0 122 761 0 271 922 210 0 0 371 990 643 56 801 565 408 267 0 934 0 0 0 638 0 371 0 387 303 0 128 685 817 0 74 300 242 0 737 655 0 338 503 0 0 878 42 672 923 0 974 0 0 914 0 177 796 240 0 238 678 549 768 343 848 0 0 647 889 705 0 721 280 925 141 802 0 0 0 682 441 103 254 253 665 85 73 0 0 0 550 292 457 825 115 178 755 216 0 567 963 345 416 518 313 284 8 0 677 953 766 769 470 136 803 152 
0 598 872 269 228 523 982 707 135 0 519 161 304 146 0 360 0 915 233 635 534 615 243 264 911 0 0 679 238 0 0 271 0 0 640 0 864 667 534 768 944 0 0 765 430 982 973 786 0 271 0 262 356 801 494 982 470 95 680 200 0 232 386 602 996 0 490 242 195 102 691 139 613 325 0 33 0 202 758 0 179 961 0 55 325 160 142 801 0 425 408 475 532 407 9 135 0 565 0 0 376 0 957 578 457 699 49 0 719 0 780 495 0 71 746 508 590 0 123 0 750 99 433 0 172 980 35 992 77 155 741 615 60 0 169 306 76 270 822 627 989 15 436 408 0 106 0 0 253 0 906 966 0 0 0 332 0 0 0 626 306 
115 168 850 536 257 883 148 0 411 0 612 214 824 939 0 0 0 849 0 161 110 0 0 0 960 0 448 849 0 613 4 304 713 238 642 619 0 891 338 620 0 480 447 0 55 729 754 919 0 922 262 0 203 0 0 593 47 744 980 0 237 957 728 31 450 47 689 490 678 339 912 801 0 166 0 765 593 0 110 280 0 945 512 265 548 0 965 378 813 947 51 0 750 296 0 177 696 0 999 315 158 649 418 432 677 745 87 733 0 108 642 714 388 661 0 21 181 0 832 117 187 0 200 570 589 680 741 97 451 305 447 0 789 720 349 0 628 570 457 694 219 0 0 599 630 812 643 0 653 0 575 925 241 989 833 848 190 254 616 623 919 
0 385 842 883 567 499 130 319 0 0 636 743 391 454 322 0 836 0 0 288 867 14 524 119 0 147 113 0 625 134 887 198 745 447 0 942 457 0 0 266 896 636 697 914 267 841 555 0 451 210 356 203 0 869 0 952 0 0 274 402 886 367 597 469 50 915 412 134 667 0 576 985 0 269 647 491 676 850 0 665 310 963 173 145 328 307 925 136 0 21 472 498 152 785 933 0 0 0 0 0 0 0 236 72 0 0 411 824 328 0 569 215 986 629 797 534 199 393 924 866 340 0 848 446 741 201 530 978 618 985 126 210 50 462 619 0 51 0 366 992 344 0 988 242 204 560 565 815 825 0 13 121 0 65 540 147 876 0 890 5 425 
231 325 914 895 952 662 67 95 985 129 40 353 99 0 761 0 870 0 56 846 0 698 531 975 168 544 225 318 0 0 36 0 740 0 817 666 768 16 27 2 955 638 0 796 0 884 0 597 659 0 801 0 869 0 199 312 303 0 0 400 189 910 0 0 93 148 798 449 966 309 489 967 348 483 0 268 649 0 90 373 0 446 354 0 0 292 516 286 173 966 747 934 207 266 940 0 681 783 299 203 386 183 713 200 405 594 0 0 800 628 567 0 299 326 258 0 197 190 272 487 927 0 160 0 0 715 0 867 833 259 9 652 0 43 0 652 0 629 35 0 815 64 267 256 568 534 0 879 318 0 494 467 386 622 684 450 0 293 677 868 0 
830 75 894 665 500 909 0 70 0 480 776 0 0 993 0 681 197 78 432 984 43 274 660 860 912 722 0 714 89 0 0 0 168 832 676 254 135 973 980 442 192 401 97 373 502 299 0 555 0 0 494 0 0 199 0 61 20 457 998 72 0 600 909 297 148 951 594 483 988 0 756 288 0 0 0 851 751 170 350 406 310 969 979 512 0 0 592 0 832 353 0 915 557 864 815 0 0 797 552 494 702 804 752 978 0 0 693 290 405 485 854 0 970 0 484 271 699 928 816 396 376 312 499 0 723 901 255 736 984 332 297 445 491 570 373 372 896 480 0 271 435 417 737 356 973 819 515 0 143 324 496 304 438 0 550 931 797 997 738 767 218 
0 193 0 978 0 427 697 343 44 156 164 72 59 23 246 248 298 93 503 0 56 0 0 0 982 0 756 480 0 382 165 479 673 604 79 946 501 0 732 0 518 0 196 419 179 0 488 370 849 371 982 593 952 312 61 0 0 470 25 624 827 521 653 203 82 212 559 189 0 639 697 517 0 576 747 212 552 0 363 575 191 195 229 608 210 506 431 515 0 698 291 858 179 28 625 88 328 0 630 139 0 170 847 434 619 746 523 173 468 999 0 379 0 27 966 748 870 0 0 695 0 799 0 0 564 488 0 461 0 562 566 614 710 0 7 602 304 822 178 736 39 902 0 0 328 609 0 960 140 918 471 179 0 440 793 285 0 0 445 0 961 
810 504 973 739 988 0 249 821 29 606 403 930 641 0 854 775 565 707 866 95 527 655 789 482 499 959 0 5 335 316 622 388 47 886 989 861 763 471 0 0 426 830 693 643 813 784 882 0 72 990 470 47 0 303 20 0 0 734 0 76 748 0 632 391 859 0 983 0 373 753 395 0 896 0 269 0 0 789 183 0 0 0 466 0 0 0 0 163 0 809 56 0 0 0 0 449 226 0 220 0 231 0 562 467 0 0 0 271 415 693 331 232 142 0 0 0 81 9 748 855 0 957 0 332 0 43 324 632 78 720 77 370 937 455 288 615 10 949 636 212 335 281 580 269 494 0 489 653 955 128 0 460 833 179 0 593 652 26 776 241 288 
0 488 873 520 232 835 47 977 257 660 561 677 173 637 0 0 534 0 248 869 0 564 380 0 356 40 980 69 0 492 122 0 25 634 51 804 0 815 544 153 583 679 313 690 735 392 603 573 501 643 95 744 0 0 457 470 734 0 839 249 754 100 163 233 265 740 0 745 605 0 649 523 161 907 468 46 0 440 143 139 0 684 553 0 158 0 456 727 267 671 656 806 349 189 0 25 0 178 0 0 788 568 137 927 415 926 0 297 503 0 327 0 108 562 864 928 119 193 371 475 62 296 0 874 974 619 408 77 0 71 704 0 345 615 233 0 0 117 467 0 547 322 3 0 158 975 583 794 538 310 791 788 294 0 754 0 54 720 73 214 0 
0 300 452 238 0 865 0 871 0 0 0 640 0 0 475 0 271 0 36 888 894 623 569 0 154 490 652 179 0 851 647 783 661 102 80 946 650 323 0 0 594 150 0 0 470 945 386 0 264 56 680 980 274 0 998 25 0 839 0 874 0 151 360 771 530 0 9 583 907 575 368 839 0 291 267 967 0 161 0 954 0 941 832 0 225 0 0 661 0 0 0 504 594 0 287 939 91 0 837 0 167 0 667 401 921 677 626 572 0 0 625 300 270 740 326 0 627 0 785 666 311 727 486 0 261 497 215 259 597 446 158 219 750 355 680 348 932 834 906 0 364 965 352 671 0 995 994 649 507 604 17 837 31 683 0 70 640 609 818 195 0 
108 635 818 0 71 182 0 0 660 51 759 0 259 57 90 925 0 0 868 0 378 16 322 960 645 0 767 719 595 0 677 493 936 382 901 0 112 553 342 335 695 452 118 526 0 322 0 636 0 801 200 0 402 400 72 624 76 249 874 0 192 556 0 525 0 0 361 0 0 701 820 351 173 0 303 0 726 229 568 431 0 0 303 157 0 605 446 0 362 808 129 722 298 0 739 999 664 794 852 252 552 863 0 955 99 518 528 0 0 924 0 185 16 124 513 927 944 858 509 183 602 302 759 105 484 0 412 572 581 502 280 76 0 0 0 0 441 0 949 760 0 0 469 318 648 79 719 0 268 590 704 962 27 505 233 0 0 390 738 667 144 
36 585 819 0 293 0 303 421 0 0 0 978 0 470 0 825 752 0 643 14 0 0 522 476 0 0 819 226 811 859 19 790 458 823 0 677 548 859 0 0 766 955 916 807 0 114 0 824 693 565 0 237 886 189 0 827 748 754 0 192 0 951 945 119 0 277 0 0 0 486 603 0 611 372 745 0 917 433 0 576 0 0 566 299 711 457 0 862 736 55 0 0 587 59 322 67 313 5 0 390 0 0 753 817 328 538 610 273 423 612 569 0 726 0 504 429 821 212 0 0 0 734 967 96 530 135 0 0 917 631 999 0 0 138 7 846 462 922 71 987 904 210 943 0 0 689 0 0 134 181 364 189 661 210 830 182 262 749 484 0 396 
104 0 648 223 203 623 340 0 681 98 738 887 148 688 0 0 0 928 0 297 0 314 585 379 119 0 494 472 433 935 10 391 997 703 88 0 462 957 560 659 95 497 217 0 0 594 226 663 430 408 232 957 367 910 600 521 0 100 151 556 951 0 968 94 1 282 170 279 783 0 24 225 5 895 977 689 385 494 539 861 401 630 618 904 0 0 26 363 572 972 0 572 0 675 99 841 599 822 825 245 0 257 462 65 85 974 27 0 0 445 897 0 2 852 131 378 294 525 261 0 22 0 47 452 429 0 509 343 646 971 723 0 186 155 0 0 70 362 599 427 0 894 74 778 966 230 236 0 0 173 467 0 0 418 251 973 478 0 284 549 0 
0 586 921 977 0 268 0 353 129 0 0 0 76 266 28 746 409 451 990 497 920 33 760 0 476 479 0 901 0 772 816 0 0 639 192 681 258 898 289 124 238 0 625 0 0 347 111 932 176 267 386 728 597 0 909 653 632 163 360 0 945 968 0 551 748 515 727 672 0 904 857 601 537 397 336 798 733 953 38 197 773 408 350 504 619 157 892 0 368 802 646 919 468 120 479 0 0 454 267 38 0 436 0 20 136 481 0 0 960 674 720 751 394 0 798 104 0 766 201 947 647 875 498 907 0 170 959 0 921 0 978 314 621 0 0 397 393 757 373 0 639 281 882 730 913 411 932 74 213 880 754 258 692 0 473 0 169 0 0 935 186 
270 964 0 966 938 542 0 166 174 0 854 114 796 849 793 0 841 470 673 182 477 0 280 758 553 0 0 751 0 0 461 24 981 0 433 879 188 443 0 0 0 0 0 210 576 222 920 880 527 0 602 31 469 0 297 203 391 233 771 525 119 94 551 0 0 820 803 892 984 478 877 177 362 269 33 0 940 873 244 36 346 945 0 432 964 0 120 781 744 441 238 96 337 0 190 901 0 902 273 751 308 953 0 514 41 435 951 615 507 0 0 0 186 93 0 0 0 0 927 255 773 317 0 679 549 152 0 480 438 180 513 119 0 775 442 0 960 237 774 290 472 0 0 0 18 721 143 160 0 127 279 324 267 0 138 900 54 42 0 465 173 
0 0 912 768 801 0 671 820 0 0 664 232 279 0 601 0 0 0 0 719 0 0 688 0 0 0 404 602 87 58 192 0 961 0 894 0 986 360 273 646 0 859 510 499 92 704 413 0 210 934 996 450 50 93 148 82 859 265 530 0 0 1 748 0 0 840 0 0 934 0 0 376 849 419 922 742 732 798 614 680 173 0 0 192 332 0 328 718 0 440 837 436 641 0 5 0 6 874 892 0 760 782 0 754 660 747 661 777 819 0 948 398 590 0 684 144 786 785 0 406 422 0 55 761 0 791 0 886 291 70 806 759 957 753 482 0 393 262 0 693 909 778 715 0 480 516 179 0 0 813 0 208 0 885 618 335 199 844 218 282 0 
907 0 848 415 162 0 826 676 419 650 984 316 0 0 0 0 19 623 7 930 970 0 757 837 0 0 693 780 128 595 201 622 463 888 946 686 459 0 0 0 0 190 0 188 0 0 803 826 364 0 0 47 915 148 951 212 0 740 0 0 277 282 515 820 840 0 971 368 706 0 403 539 0 0 57 0 935 556 163 631 676 626 553 884 603 359 616 252 800 0 527 0 0 855 934 455 447 0 0 65 447 0 96 0 725 467 545 65 75 0 0 484 471 0 381 421 0 0 62 0 637 820 892 432 772 143 0 116 806 370 672 51 282 668 0 995 0 0 614 339 217 573 369 0 364 247 55 962 436 301 431 705 916 425 0 593 459 589 492 0 781 
269 772 826 649 807 871 410 19 641 658 0 151 0 184 995 511 823 249 0 64 212 395 591 445 96 370 0 837 901 257 0 843 0 698 18 441 0 0 4 764 0 398 104 732 468 543 476 208 634 0 490 689 412 798 594 559 983 0 9 361 0 170 727 803 0 971 0 395 902 0 708 687 316 956 477 692 44 148 119 945 0 101 123 541 351 414 646 952 517 15 970 0 98 0 882 0 0 301 939 0 140 915 645 0 112 43 0 969 0 231 0 0 525 243 554 616 748 0 661 588 0 191 169 975 474 913 836 0 118 398 69 974 303 0 512 113 6 0 585 977 651 951 225 132 0 994 0 12 0 501 929 620 903 22 288 962 65 772 555 929 35 
456 763 247 903 259 0 900 212 0 684 0 30 0 0 0 95 467 706 317 974 0 144 937 985 484 317 506 981 213 0 147 0 0 740 0 129 165 990 801 860 525 760 772 218 0 772 613 0 302 0 242 490 134 449 483 189 0 745 583 0 0 279 672 892 0 368 395 0 737 731 991 360 0 540 98 104 542 799 566 0 340 36 499 299 0 403 947 381 0 203 300 693 469 709 851 141 630 351 944 746 0 762 787 960 0 190 717 876 306 505 581 0 985 754 955 0 457 0 827 341 511 601 161 972 187 6 165 951 836 975 0 0 229 144 729 426 814 781 0 0 638 302 826 975 0 649 380 0 638 0 434 861 914 382 324 163 98 675 722 21 729 
237 397 843 0 698 636 421 644 872 10 837 0 0 308 463 913 611 195 0 0 968 436 238 0 470 376 327 0 0 0 186 0 698 894 319 0 799 147 700 46 472 946 263 768 156 0 880 435 674 638 195 678 667 966 988 0 373 605 907 0 0 783 0 984 934 706 902 737 0 0 208 0 596 653 0 999 613 197 494 340 0 0 64 889 961 218 0 41 0 162 310 125 682 99 996 426 784 498 366 327 0 116 0 826 692 260 0 765 0 475 985 988 634 77 920 545 953 0 0 190 0 88 0 141 695 0 151 0 594 429 690 77 99 338 853 0 0 395 512 364 713 0 991 136 207 660 0 718 165 593 940 0 357 740 201 699 26 358 53 239 762 
120 0 188 461 215 295 601 0 644 973 165 308 176 0 895 623 41 900 309 918 110 165 869 543 451 758 852 99 521 639 760 0 852 61 945 238 655 22 733 0 0 969 0 177 849 265 0 246 0 0 102 339 0 309 0 639 753 0 575 701 486 0 904 478 0 0 0 731 0 0 865 0 176 507 0 77 0 0 442 0 338 413 602 0 0 44 229 497 616 0 690 0 0 703 74 545 599 64 0 349 241 749 764 364 579 0 715 274 930 941 46 0 245 706 76 129 607 164 0 966 941 72 162 186 0 0 0 138 0 490 0 852 959 676 0 359 0 472 0 171 757 275 782 270 886 756 241 0 970 261 781 761 613 547 613 404 736 528 567 382 547 
0 417 120 477 228 891 0 977 420 848 675 546 896 724 230 369 274 681 925 45 420 929 874 726 0 0 0 993 160 966 214 342 0 272 392 117 761 328 0 555 894 116 626 0 0 477 317 53 0 371 691 912 576 489 756 697 395 649 368 820 603 24 857 877 0 403 708 991 208 865 0 650 104 552 244 742 0 240 733 132 971 53 0 0 0 68 0 718 0 837 733 754 0 228 854 0 0 197 223 803 336 556 99 401 733 0 0 0 0 603 213 302 713 382 0 340 912 909 0 681 181 0 0 962 674 726 567 348 686 0 696 566 410 872 0 629 0 484 890 986 0 394 123 0 916 682 782 669 416 483 2 0 0 0 876 0 911 456 821 0 0 
80 954 0 252 0 878 159 675 0 101 455 588 0 0 0 721 830 688 835 964 0 0 935 795 0 779 129 683 927 696 123 629 0 438 949 379 324 0 0 609 211 674 340 791 566 417 500 22 321 0 139 801 985 967 288 517 0 523 839 351 0 225 601 177 376 539 687 360 0 0 650 0 725 459 2 872 144 11 38 321 283 0 0 0 304 544 566 552 0 799 647 284 0 750 146 633 185 0 0 1 508 852 403 75 349 0 0 232 0 496 442 842 140 0 864 245 495 767 160 79 27 415 0 3 322 0 714 871 208 731 0 425 312 557 466 145 0 342 597 745 823 280 607 966 146 865 678 288 236 992 486 930 819 472 420 10 20 414 0 245 759 
