0 958 74 90 0 0 704 79 879 32 192 222 0 802 0 81 515 26 834 454 109 522 606 765 0 821 0 0 362 921 739 0 418 917 104 876 227 121 401 45 972 705 752 0 699 550 413 0 0 0 616 823 0 268 91 0 143 491 499 565 177 293 0 814 857 0 23 528 0 994 73 0 0 565 10 439 0 279 0 107 129 107 0 0 0 145 953 0 0 779 305 792 124 828 0 0 992 953 0 0 745 797 267 469 890 46 539 79 0 0 0 0 0 834 0 785 115 0 558 411 121 0 195 0 0 854 0 28 633 435 816 557 277 0 551 260 971 0 769 274 96 972 231 0 733 0 578 0 0 0 598 527 0 272 0 245 562 498 945 769 977 61 230 0 0 859 522 681 276 346 0 895 63 938 0 0 915 0 142 479 868 784 0 451 349 658 90 830 385 0 729 515 940 65 587 591 0 349 367 453 969 693 606 171 121 685 0 0 0 634 105 415 239 254 525 66 696 356 67 717 437 0 647 629 
958 0 939 858 0 198 0 192 671 850 0 155 396 222 658 567 455 843 100 380 233 420 0 190 719 124 871 819 505 592 840 0 293 289 0 492 490 983 878 166 805 11 0 0 927 39 746 972 641 778 649 0 610 137 112 0 0 48 444 717 182 300 715 750 540 0 0 0 516 0 383 0 777 841 43 298 979 0 853 807 0 819 257 0 857 604 305 56 905 482 147 364 669 0 528 995 0 267 0 0 892 535 0 619 695 841 561 643 561 523 427 477 0 418 856 25 912 928 952 0 882 52 0 472 0 483 695 64 137 988 301 264 874 600 58 0 755 0 687 201 0 666 0 721 504 119 131 676 967 472 429 822 0 0 999 0 295 932 617 151 599 267 0 210 4 390 571 687 253 857 136 330 818 411 0 987 828 344 657 0 211 982 511 388 950 0 303 463 20 0 493 458 654 308 767 47 0 0 301 277 915 791 154 0 0 890 149 115 426 247 54 621 108 431 546 568 320 630 53 739 166 0 269 0 
74 939 0 0 0 340 977 0 360 133 423 0 57 205 742 820 453 0 82 251 501 0 0 0 66 368 502 881 740 0 0 397 304 344 697 427 802 865 755 522 267 413 433 237 405 79 380 89 173 927 346 229 0 195 569 0 0 378 65 609 390 0 264 0 0 801 0 266 888 416 240 187 687 982 62 769 242 234 420 969 203 750 529 477 652 772 314 680 0 997 912 377 381 0 206 47 0 242 0 903 151 496 120 0 0 681 546 0 58 706 0 257 288 583 418 0 735 632 636 341 829 0 223 672 576 480 101 960 0 523 159 418 0 625 565 107 469 864 916 663 662 3 0 77 0 0 0 256 0 692 633 277 962 0 631 322 217 182 271 615 382 0 648 836 0 106 627 0 693 538 0 44 0 243 536 744 63 51 330 0 154 0 301 605 456 605 159 149 384 0 289 71 644 766 477 833 658 74 0 435 313 350 698 577 0 468 232 830 151 0 27 632 417 485 497 212 989 729 541 0 0 296 0 392 
90 858 0 0 874 373 0 739 803 185 652 368 567 0 804 924 338 363 672 50 0 90 0 0 0 894 0 0 100 0 914 0 708 394 0 0 871 440 597 288 694 419 860 253 864 143 461 32 497 72 0 0 530 646 0 459 392 329 533 0 498 875 486 0 782 17 0 364 782 111 572 875 944 119 0 371 459 0 208 0 0 842 258 832 427 84 873 477 64 0 938 480 408 18 163 762 435 0 468 150 987 86 612 680 996 579 0 640 63 571 0 765 327 371 915 0 836 597 986 94 0 828 522 709 725 811 100 422 0 102 0 0 762 0 793 500 0 41 0 0 0 0 396 0 170 680 32 745 145 457 19 202 78 0 0 827 214 553 391 384 991 309 644 0 170 122 404 535 675 0 178 210 0 0 904 26 797 0 0 0 301 884 224 906 767 269 0 615 706 131 991 0 308 0 966 209 472 185 751 594 338 535 894 714 178 56 912 137 927 513 0 0 324 41 0 0 846 355 11 798 0 600 819 351 
0 0 0 874 0 0 0 0 947 912 37 830 189 593 0 0 0 394 99 328 545 535 776 308 0 500 70 0 881 127 388 906 488 494 216 613 620 615 802 608 538 886 389 209 213 474 512 505 283 0 635 583 29 981 473 394 386 569 822 0 959 28 688 0 0 356 314 621 0 342 195 0 0 436 344 247 886 0 856 500 469 860 0 281 822 213 515 589 152 642 54 0 4 847 312 200 0 0 185 682 751 125 928 498 94 77 652 759 666 194 423 580 930 675 353 690 330 740 369 497 0 394 504 0 603 0 125 702 957 423 317 88 229 0 0 64 0 23 876 175 546 591 0 675 647 0 0 0 0 777 18 666 56 0 798 644 0 0 980 69 522 892 711 0 876 528 593 140 0 356 739 830 593 553 0 407 42 394 201 831 42 0 523 0 419 0 915 0 151 351 0 42 0 422 579 902 0 0 195 920 380 0 917 5 0 204 202 147 528 0 6 379 712 0 442 2 249 845 268 0 0 0 0 0 
0 198 340 373 0 0 694 338 966 0 133 343 25 0 104 770 0 537 920 893 0 0 216 272 805 0 0 694 0 0 76 621 180 844 141 215 589 642 984 0 956 41 441 283 984 0 141 319 0 0 268 0 573 853 165 904 116 126 0 229 680 319 453 696 437 175 178 115 237 0 971 370 578 614 244 149 494 0 0 137 0 995 521 383 708 117 0 0 131 870 195 611 0 24 0 293 152 0 0 0 399 722 0 0 935 841 431 993 126 578 0 0 571 0 337 0 179 144 870 999 84 726 848 0 0 0 0 0 0 0 461 69 0 769 980 570 387 0 385 0 990 316 956 701 0 418 707 741 854 16 0 0 143 648 37 48 450 0 0 294 221 564 239 874 991 0 740 529 0 382 442 0 0 476 163 241 350 890 0 507 837 889 0 441 720 516 772 780 841 195 0 0 589 0 0 526 21 0 921 499 414 656 0 325 668 0 194 371 942 0 0 234 678 526 0 25 926 996 858 131 607 158 582 753 
704 0 977 0 0 694 0 0 59 150 0 235 930 0 969 601 192 0 71 404 283 281 0 0 548 103 129 0 301 0 0 702 230 404 283 526 0 476 0 87 172 626 0 139 726 145 768 276 261 985 0 295 418 980 155 0 521 733 427 3 531 367 655 918 0 91 379 110 512 582 281 95 64 0 0 0 199 872 0 0 0 683 257 0 726 139 804 864 462 955 537 817 395 74 231 527 757 103 600 126 636 759 720 297 717 74 548 99 0 673 594 471 756 119 829 290 946 810 302 669 0 574 341 173 286 0 0 37 789 536 337 182 0 0 0 330 533 521 759 945 632 20 0 154 576 110 43 946 700 798 963 360 333 0 558 525 11 0 0 0 34 0 547 377 369 387 963 0 39 974 448 0 691 0 990 776 298 0 73 292 584 266 124 668 0 0 0 0 0 0 0 487 886 5 0 437 597 0 930 0 801 796 547 56 166 0 338 401 870 53 301 483 956 960 448 0 0 773 931 556 319 370 14 826 
79 192 0 739 0 338 0 0 0 0 178 28 421 951 583 518 9 874 779 110 0 528 443 850 0 68 0 763 0 0 456 576 0 749 721 36 0 781 215 517 506 0 875 523 216 78 0 0 0 745 117 510 576 661 719 56 0 0 0 379 166 108 810 0 636 807 0 772 715 216 0 110 121 0 377 0 639 681 865 761 0 31 0 112 0 895 724 196 279 0 898 941 221 321 469 897 992 0 0 822 101 798 0 482 509 714 820 66 0 0 629 964 0 0 0 538 344 768 0 291 0 983 501 644 491 0 499 495 0 713 813 187 165 263 645 218 262 358 956 231 702 0 856 151 0 355 573 872 493 681 577 294 543 482 0 792 0 0 345 87 687 360 569 599 994 763 968 238 775 973 678 772 0 367 49 810 0 913 150 355 119 0 897 0 622 995 591 202 905 879 448 469 649 461 255 407 62 0 612 0 0 884 457 240 497 236 691 0 0 0 844 994 893 460 169 374 17 709 947 651 19 0 463 0 
879 671 360 803 947 966 59 0 0 29 616 620 0 0 496 0 0 543 502 448 907 416 41 73 858 305 323 226 669 382 0 565 694 0 859 175 203 174 584 745 0 224 195 48 621 499 874 0 526 0 796 496 840 518 973 402 450 0 0 201 34 285 0 0 424 905 0 163 964 780 702 0 0 0 796 0 520 0 797 0 817 0 714 0 737 947 733 0 875 227 341 0 972 51 720 133 969 221 0 323 0 0 203 0 201 746 514 780 525 0 995 0 0 0 298 815 861 0 0 90 992 908 0 777 0 287 930 690 806 0 828 309 609 154 210 874 49 665 421 352 47 49 246 812 722 705 707 628 710 290 425 3 0 265 0 0 445 391 796 0 341 87 907 467 108 141 444 0 298 193 0 851 233 0 0 0 958 0 0 0 908 464 385 569 599 735 177 709 920 887 0 12 0 681 495 62 617 868 0 0 4 342 0 776 0 153 478 0 0 780 604 147 326 0 681 499 406 705 45 986 406 228 0 412 
32 850 133 185 912 0 150 0 29 0 0 353 48 672 0 275 566 33 397 424 0 0 0 294 733 616 945 58 0 0 115 0 0 0 789 0 633 138 493 572 785 919 551 221 0 802 753 950 946 763 13 169 0 491 0 0 921 0 371 573 0 54 0 339 0 109 856 0 676 586 310 100 547 0 517 190 0 743 584 716 120 614 0 942 730 0 0 883 625 393 274 251 295 238 295 217 115 867 448 967 537 645 278 246 74 236 368 469 298 132 599 591 54 229 919 815 470 967 0 111 0 0 373 705 916 588 0 601 854 913 932 487 0 952 311 0 0 186 243 869 999 631 832 226 963 0 909 0 244 0 150 907 550 297 24 248 0 0 0 924 555 181 113 249 649 300 68 967 325 980 270 173 671 885 0 892 344 0 966 106 278 818 874 875 649 508 795 63 307 509 857 700 0 529 882 921 117 0 263 50 65 361 973 575 256 594 917 38 0 294 10 61 0 362 733 697 296 273 591 313 406 775 566 572 
192 0 423 652 37 133 0 178 616 0 0 686 611 698 52 351 188 0 816 258 570 221 807 77 159 482 120 165 635 616 712 595 574 165 0 0 0 0 447 0 807 0 329 567 0 305 347 0 821 130 166 722 0 721 675 955 412 0 211 0 571 0 258 387 66 448 976 79 796 488 83 223 600 204 103 0 905 743 968 387 0 747 20 660 123 53 335 713 0 274 45 0 239 546 14 81 895 575 0 0 413 466 186 828 0 887 0 203 0 5 112 0 0 751 428 0 52 0 0 0 718 12 402 878 0 132 171 0 797 842 77 0 354 0 792 470 609 0 0 151 911 0 563 294 0 969 684 0 210 714 630 0 940 0 629 394 0 742 834 294 127 0 686 0 264 0 901 544 0 321 391 197 0 214 0 0 0 978 994 200 439 319 563 839 890 700 685 872 658 0 0 430 728 175 725 161 0 843 144 0 0 872 429 134 795 832 0 614 185 826 879 456 0 751 910 132 0 60 559 362 784 622 0 633 
222 155 0 368 830 343 235 28 620 353 686 0 950 404 0 448 692 0 991 0 0 0 0 0 0 637 733 205 0 0 85 37 82 38 644 461 344 74 824 501 0 0 639 0 385 0 99 0 215 0 0 0 0 956 0 152 595 826 0 0 289 664 500 72 11 343 0 386 0 148 342 928 77 533 976 0 670 217 823 0 208 187 590 306 755 698 559 467 718 0 524 10 912 869 491 96 651 0 894 0 766 886 0 0 513 146 0 703 185 928 556 551 283 0 852 911 336 70 611 364 598 560 367 18 38 132 36 520 380 863 552 682 501 887 0 486 798 856 926 619 0 200 440 133 851 828 0 534 653 592 958 598 59 767 241 207 35 0 826 35 0 517 355 754 689 103 111 765 0 0 1 191 659 831 690 426 716 0 0 451 621 0 768 661 0 388 950 589 129 210 73 223 763 252 125 643 135 0 398 597 490 523 0 634 885 0 150 382 595 819 165 160 578 197 480 274 829 177 759 206 157 0 369 374 
0 396 57 567 189 25 930 421 0 48 611 950 0 0 90 559 994 407 132 355 0 913 479 532 132 513 228 997 422 3 855 236 10 0 282 362 0 0 173 0 508 581 155 797 0 701 785 848 804 676 0 227 722 450 616 819 940 0 902 528 0 490 0 0 759 648 928 387 628 0 0 696 0 154 0 0 0 263 739 272 0 0 0 0 105 902 103 0 185 842 0 458 964 0 0 0 183 276 214 0 0 171 119 16 632 247 312 549 6 670 338 818 961 0 575 837 405 709 276 76 0 961 161 0 625 562 0 184 195 0 47 205 803 714 881 148 914 0 0 846 433 145 0 634 612 587 466 33 228 393 0 632 169 257 806 696 768 0 0 477 31 628 666 0 0 58 0 289 981 705 267 818 559 822 0 887 80 506 814 0 157 499 0 541 319 861 0 209 655 473 63 0 425 695 0 273 728 0 202 467 0 135 238 298 864 41 102 0 0 351 765 104 855 0 0 396 499 609 880 520 46 370 0 360 
802 222 205 0 593 0 0 951 0 672 698 404 0 0 360 256 476 346 524 588 0 116 0 160 528 7 381 131 716 206 465 65 859 0 892 485 966 265 675 335 343 778 857 0 0 0 54 818 0 211 0 611 989 324 986 743 558 608 40 791 399 94 356 131 174 292 0 626 489 0 400 61 546 317 278 0 353 99 984 108 0 0 178 781 94 174 41 873 423 377 673 3 818 26 982 395 218 204 93 908 336 928 650 922 537 958 0 947 0 0 0 216 0 899 183 0 328 981 177 49 653 462 923 235 286 0 391 31 857 491 634 758 0 0 0 0 0 652 504 552 127 155 700 0 921 731 0 776 833 413 615 368 0 927 388 0 201 900 38 0 0 733 625 8 0 0 18 394 260 0 786 74 286 164 0 379 730 0 12 76 651 0 0 564 580 831 0 326 367 0 927 410 919 417 447 374 0 125 739 0 569 410 538 553 454 57 713 0 353 961 536 277 742 257 122 0 926 499 314 0 48 0 751 777 
0 658 742 804 0 104 969 583 496 0 52 0 90 360 0 0 294 0 1 0 606 0 583 0 0 0 96 219 90 259 39 738 184 0 0 655 36 567 499 936 704 448 0 497 0 619 0 506 376 280 981 0 0 688 905 14 68 118 867 0 0 259 333 27 0 414 0 87 890 707 119 0 301 973 0 135 242 435 897 821 996 402 0 639 228 0 0 0 837 323 641 0 697 82 0 753 0 616 375 530 176 376 842 0 0 915 0 60 0 826 645 804 776 677 961 0 0 0 609 0 398 98 115 148 0 325 455 753 945 839 0 385 276 865 0 940 764 0 557 947 223 0 389 462 537 559 441 618 957 431 0 949 899 497 198 0 0 749 670 478 28 0 0 621 557 0 121 0 574 492 0 597 0 403 410 245 0 743 0 578 0 343 767 630 437 425 0 316 919 602 986 0 350 521 0 0 791 0 0 591 0 499 923 0 0 936 122 0 353 867 138 247 0 257 702 26 835 438 0 224 695 55 621 975 
81 567 820 924 0 770 601 518 0 275 351 448 559 256 0 0 913 889 652 229 0 254 674 0 217 477 321 423 27 241 901 402 49 631 0 0 0 762 0 0 534 0 489 814 368 550 328 25 828 753 182 804 0 0 301 876 618 0 237 108 814 823 756 318 0 0 574 848 226 39 0 303 505 217 342 821 195 565 449 0 0 52 0 370 0 903 412 535 0 234 659 240 163 525 573 493 300 849 259 941 636 13 0 703 558 53 0 385 704 43 227 947 87 765 866 0 0 0 44 0 938 274 315 682 159 152 571 0 664 35 0 706 464 0 0 0 345 711 834 748 313 289 206 0 823 64 756 318 382 120 155 0 6 761 554 241 685 25 252 16 573 885 412 0 0 190 245 0 378 0 167 537 368 138 759 261 534 896 994 101 778 94 938 412 0 639 0 934 555 166 952 898 979 591 415 685 606 987 699 878 660 56 0 796 0 150 665 384 321 0 0 0 789 805 396 922 755 653 0 0 144 628 0 375 
515 455 453 338 0 0 192 9 0 566 188 692 994 476 294 913 0 420 414 661 0 39 497 267 304 788 790 224 784 924 850 432 0 495 813 412 367 284 477 401 0 442 36 0 396 997 865 647 0 21 0 683 822 761 0 635 298 0 0 588 961 800 586 914 493 437 0 0 894 298 87 882 60 595 92 513 603 0 391 485 566 0 0 528 597 297 239 970 0 0 383 298 143 557 975 558 0 224 119 0 979 663 227 0 707 0 400 759 674 501 905 0 630 506 969 0 417 34 590 327 510 478 765 937 587 941 583 915 362 217 0 783 0 0 791 781 799 228 295 449 0 455 0 0 429 0 0 511 416 204 355 685 0 0 568 169 850 730 609 534 0 855 0 72 664 777 916 0 0 769 751 795 487 45 161 0 0 990 474 0 226 908 47 803 770 199 516 774 381 444 208 304 808 345 999 0 950 325 656 403 781 656 262 44 472 0 211 615 531 0 866 35 0 637 699 326 472 429 231 581 351 899 991 0 
26 843 0 363 394 537 0 874 543 33 0 0 407 346 0 889 420 0 116 0 539 498 0 0 452 0 177 304 840 418 428 0 535 177 0 0 555 750 560 649 232 759 0 300 399 806 593 427 867 851 35 0 489 0 707 627 189 338 718 379 562 558 512 406 0 799 156 255 371 0 298 455 422 684 0 0 203 0 551 0 0 714 0 813 760 0 395 0 580 998 849 281 773 544 122 769 901 0 0 126 766 90 436 889 258 186 0 705 42 929 747 96 911 745 0 776 814 700 0 0 635 631 475 961 807 690 707 0 449 998 0 927 0 490 400 756 807 428 450 232 177 49 77 0 220 0 629 0 79 335 666 0 234 915 436 0 776 739 835 0 362 0 267 0 569 922 790 225 573 175 248 60 278 274 799 332 329 72 248 647 186 342 46 656 608 508 0 589 0 0 726 586 0 390 0 645 500 479 122 250 0 351 915 223 73 292 0 291 808 943 783 851 923 838 223 317 868 0 887 976 360 0 203 268 
834 100 82 672 99 920 71 779 502 397 816 991 132 524 1 652 414 116 0 0 0 0 726 0 591 427 349 885 0 688 0 205 0 789 0 986 48 57 112 902 697 336 96 272 834 0 377 127 623 292 226 509 507 0 270 0 863 193 360 0 932 0 125 0 331 127 849 0 593 254 106 0 0 528 277 446 967 143 554 0 522 443 964 0 277 625 694 0 0 599 693 830 249 55 523 974 0 462 293 0 106 62 824 542 0 0 287 0 0 197 385 363 415 0 336 813 54 803 868 0 193 0 891 0 627 546 318 970 645 361 247 0 336 575 0 950 0 0 499 215 653 0 0 11 866 342 0 0 84 600 39 0 780 493 496 138 702 412 0 986 688 341 0 711 0 811 80 343 439 0 25 0 0 368 736 61 43 552 487 493 177 719 0 343 505 0 381 22 345 287 430 893 267 988 0 438 894 383 660 870 60 153 0 856 264 940 36 804 111 142 446 978 0 147 581 902 0 174 807 258 125 976 697 625 
454 380 251 50 328 893 404 110 448 424 258 0 355 588 0 229 661 0 0 0 651 163 51 658 147 0 570 385 263 793 101 0 0 0 0 803 891 0 900 225 0 0 0 806 286 0 573 917 219 0 0 505 337 223 996 870 0 987 455 0 57 825 655 408 965 0 0 0 380 536 427 176 673 190 0 342 379 30 934 0 895 355 129 583 0 396 791 0 0 622 0 173 0 971 383 776 160 105 292 612 0 493 639 360 0 571 0 164 425 0 429 225 776 0 0 229 651 61 598 0 0 103 16 0 230 117 767 0 654 382 160 387 549 495 913 0 0 0 864 364 821 395 780 0 0 504 0 0 0 0 84 444 812 0 816 0 0 0 0 0 382 0 0 379 995 36 366 711 0 0 450 0 0 525 0 47 644 421 0 4 484 138 320 179 166 835 7 617 332 0 95 460 784 572 423 730 231 300 223 305 193 80 324 327 715 750 0 465 0 798 907 836 54 485 958 8 749 676 950 964 0 76 393 37 
109 233 501 0 545 0 283 0 907 0 570 0 0 0 606 0 0 539 0 651 0 0 458 433 0 874 347 996 544 0 0 0 366 299 599 0 0 148 319 144 676 625 953 0 839 254 895 350 835 429 226 846 828 964 676 892 126 315 79 774 698 760 138 322 0 0 0 102 0 575 749 676 949 987 652 1 594 0 179 530 629 539 0 14 0 796 233 294 47 884 356 734 603 372 468 0 848 371 0 583 356 394 0 439 625 141 143 142 4 26 0 409 283 698 129 336 0 329 150 0 291 278 78 463 45 0 0 596 885 24 747 167 152 702 614 866 77 167 559 10 731 700 881 0 0 921 0 813 0 310 654 0 588 0 458 912 232 509 732 924 0 788 238 993 21 454 0 550 0 892 0 728 327 425 945 133 0 292 984 508 287 599 777 773 0 0 0 230 457 725 334 534 453 567 747 0 618 38 637 0 0 0 157 337 434 213 896 137 505 657 446 581 177 249 725 519 96 119 985 241 142 481 466 652 
522 420 0 90 535 0 281 528 416 0 221 0 913 116 0 254 39 498 0 163 0 0 110 0 0 0 834 599 0 466 657 762 0 611 639 832 834 276 23 621 489 260 926 84 244 0 0 722 983 691 561 510 47 0 546 24 272 387 718 489 325 872 452 0 191 859 365 325 627 352 46 40 70 254 492 255 917 659 716 0 785 349 430 109 0 813 503 353 162 825 0 999 602 731 716 813 594 0 0 850 404 558 5 0 736 561 0 940 69 508 223 705 458 451 869 736 827 0 423 0 401 857 0 635 411 0 0 62 920 613 234 205 0 923 0 231 316 914 728 0 338 112 911 0 238 574 0 495 0 398 365 506 0 39 0 493 880 455 575 742 0 856 0 315 238 463 597 769 243 0 0 629 0 241 38 0 135 614 0 154 393 184 476 707 62 0 642 247 995 991 925 912 570 407 395 366 0 0 0 951 402 344 0 698 0 872 569 0 37 388 402 917 724 398 765 0 751 0 436 0 624 539 0 503 
606 0 0 0 776 216 0 443 41 0 807 0 479 0 583 674 497 0 726 51 458 110 0 0 858 945 443 0 362 595 0 451 0 212 691 126 0 684 898 144 0 792 748 261 596 754 0 324 810 358 385 0 0 0 271 840 919 408 0 522 624 0 0 776 640 224 604 39 692 105 682 982 924 300 56 0 968 0 208 707 542 189 462 390 678 368 0 0 765 880 95 677 569 69 972 505 0 561 97 0 499 610 510 137 897 283 0 352 0 382 0 329 616 0 523 429 230 0 490 528 543 273 242 0 245 146 0 0 0 564 0 361 36 485 546 680 0 974 402 0 298 0 0 553 214 623 443 892 403 0 864 886 0 851 544 786 260 741 713 858 47 449 450 0 0 578 471 870 0 231 648 0 0 0 781 0 5 126 887 674 557 132 131 891 846 506 52 917 726 178 0 270 815 0 0 889 407 579 0 746 744 34 804 891 0 701 698 259 830 0 541 432 925 90 843 574 592 145 0 198 493 526 861 219 
765 190 0 0 308 272 0 850 73 294 77 0 532 160 0 0 267 0 0 658 433 0 0 0 0 206 82 629 708 329 0 172 665 488 768 610 0 356 0 364 0 106 453 693 254 731 232 519 805 30 176 236 0 697 960 0 893 0 13 873 0 0 0 572 478 676 0 67 0 0 0 953 0 585 646 878 872 0 0 296 65 0 377 350 0 905 494 346 509 475 944 207 0 628 723 270 57 0 511 121 757 29 751 118 101 176 936 199 0 0 0 895 0 579 28 701 0 393 642 22 0 290 266 0 161 0 712 0 0 940 876 0 977 564 948 0 889 645 0 0 34 0 0 0 560 526 566 233 125 346 626 0 566 0 548 540 0 8 487 534 78 0 303 154 0 103 0 457 0 154 417 65 873 118 403 0 79 93 0 0 65 486 0 0 592 201 0 199 454 588 537 244 0 24 297 409 282 860 401 262 0 679 870 893 206 55 433 136 520 969 0 751 411 0 0 930 0 895 580 638 69 533 0 533 
0 719 66 0 0 805 548 0 858 733 159 0 132 528 0 217 304 452 591 147 0 0 858 0 0 390 78 0 5 529 0 531 667 821 122 88 274 911 498 599 105 506 789 0 526 953 981 258 806 674 429 0 592 489 246 0 455 0 96 0 965 2 193 144 34 987 716 882 661 0 0 835 943 240 0 142 0 0 841 657 0 863 251 39 179 126 933 0 0 0 0 514 0 0 911 209 748 530 0 48 41 590 965 128 0 0 857 866 517 494 0 852 978 0 996 218 0 309 863 0 402 543 492 0 922 0 837 0 0 0 516 793 388 0 664 109 300 0 865 623 0 712 0 624 524 0 922 238 844 412 900 970 0 675 456 194 0 848 445 0 885 366 913 944 0 0 108 419 595 664 287 633 274 0 395 971 277 514 850 0 0 433 476 905 161 528 379 108 347 0 452 0 0 946 120 719 558 110 612 0 612 91 546 669 789 254 139 65 326 780 859 709 921 727 812 66 0 649 0 0 0 0 0 319 
821 124 368 894 500 0 103 68 305 616 482 637 513 7 0 477 788 0 427 0 874 0 945 206 390 0 0 94 149 0 0 823 749 0 0 0 501 0 603 357 363 567 401 907 204 339 0 0 539 0 361 0 352 479 848 648 591 0 0 373 0 473 792 904 68 981 692 933 900 184 269 676 0 78 525 336 162 444 151 503 535 197 0 315 808 248 573 371 763 952 253 616 540 0 676 899 845 317 962 0 129 472 687 966 403 257 779 311 494 0 864 0 0 0 675 749 216 735 449 395 170 0 662 541 0 464 0 449 984 822 441 0 0 896 0 978 833 265 627 0 38 965 715 270 0 0 469 330 0 646 332 196 499 679 61 0 450 441 452 0 326 319 138 288 0 5 973 977 527 0 232 233 976 725 881 790 640 0 969 98 626 923 568 195 647 0 82 0 447 0 0 0 42 26 457 567 678 717 677 595 0 940 10 56 552 90 934 247 109 282 233 116 944 815 0 644 520 456 472 0 228 680 756 423 
0 871 502 0 70 0 129 0 323 945 120 733 228 381 96 321 790 177 349 570 347 834 443 82 78 0 0 687 814 112 425 0 0 217 164 777 0 0 0 630 17 612 496 155 74 214 209 441 590 0 892 861 297 0 981 411 199 839 0 953 760 0 184 0 251 77 83 0 0 831 774 777 0 832 55 916 856 994 92 822 516 222 174 0 415 904 0 0 383 191 719 886 544 2 0 87 208 0 876 992 803 476 440 119 926 0 205 0 35 187 859 204 0 204 365 649 0 826 662 992 258 180 828 437 622 269 786 736 591 312 611 568 121 0 975 513 450 274 557 0 678 796 0 995 58 134 381 537 0 280 344 0 150 456 0 220 19 427 949 568 894 0 609 466 0 549 37 245 363 957 630 0 772 674 0 606 214 648 937 192 605 526 404 0 102 91 481 131 616 0 517 843 472 0 905 0 201 419 886 342 591 342 665 900 0 712 868 179 736 0 0 131 775 253 231 0 370 889 70 945 781 0 416 662 
0 819 881 0 0 694 0 763 226 58 165 205 997 131 219 423 224 304 885 385 996 599 0 629 0 94 687 0 662 340 630 356 582 0 588 0 132 575 443 988 105 0 382 226 0 880 126 742 624 108 729 0 476 20 0 863 427 0 0 0 704 610 0 464 847 953 512 286 340 857 875 263 16 395 694 142 320 345 649 821 870 710 958 711 127 471 0 598 173 0 463 456 611 984 820 260 193 436 104 766 545 250 268 945 461 0 0 703 753 306 207 827 453 0 276 861 343 344 0 0 692 967 447 0 884 113 231 98 834 682 0 253 23 978 500 882 775 432 0 973 223 0 626 669 825 516 738 635 429 0 812 0 8 454 656 369 767 218 0 900 710 166 210 831 901 747 559 0 830 0 605 397 519 241 44 526 323 317 566 0 48 16 0 75 207 624 674 0 140 41 740 496 0 766 885 667 427 843 545 0 815 400 215 41 651 697 820 0 66 707 0 366 70 812 843 983 0 413 492 911 274 14 929 313 
362 505 740 100 881 0 301 0 669 0 635 0 422 716 90 27 784 840 0 263 544 0 362 708 5 149 814 662 0 735 129 320 0 674 267 0 162 636 0 563 738 457 409 348 23 447 0 912 0 913 987 992 535 644 0 66 164 167 896 66 704 113 381 994 897 511 0 554 0 909 704 0 0 12 628 0 700 0 0 0 391 514 0 322 731 0 682 0 551 240 772 0 0 336 774 596 0 0 128 866 301 680 53 240 0 0 442 840 0 0 42 0 583 0 945 669 0 574 509 599 289 721 0 262 0 0 245 0 936 166 930 114 830 987 694 810 891 749 519 0 901 463 813 784 239 0 906 0 0 913 229 358 0 0 687 0 746 124 0 0 558 850 278 126 61 147 0 445 0 840 226 0 284 0 473 0 863 717 0 887 928 268 524 0 0 897 0 145 214 708 131 614 520 0 191 3 0 932 293 288 97 234 0 429 722 713 0 273 455 0 265 0 0 88 408 0 294 504 0 554 511 645 551 413 
921 592 0 0 127 0 0 0 382 0 616 0 3 206 259 241 924 418 688 793 0 466 595 329 529 0 112 340 735 0 0 384 324 313 0 197 629 0 757 561 77 603 232 935 384 51 908 947 49 938 464 772 660 885 0 463 0 0 374 0 910 882 0 0 686 0 0 0 929 401 108 920 0 0 0 0 231 239 0 422 0 0 468 826 348 453 479 0 0 876 417 0 676 553 53 0 0 0 129 122 0 558 605 467 855 332 761 484 0 914 925 715 0 330 0 0 794 399 377 348 754 175 981 420 394 881 380 998 0 807 446 640 152 644 766 341 156 639 354 0 0 966 0 0 764 0 12 665 15 308 374 139 110 108 0 677 285 503 852 984 331 0 285 0 305 0 505 0 0 883 107 948 0 298 0 66 0 0 986 0 693 971 634 388 483 514 864 371 849 153 967 688 936 11 64 0 479 0 874 0 0 103 548 476 978 187 790 612 702 0 0 0 0 342 0 311 543 662 70 353 563 685 394 0 
739 840 0 914 388 76 0 456 0 115 712 85 855 465 39 901 850 428 0 101 0 657 0 0 0 0 425 630 129 0 0 627 816 123 76 290 317 147 409 932 508 691 0 309 79 778 706 995 590 0 519 0 0 0 965 930 0 790 829 448 980 0 471 165 0 0 885 397 577 733 468 190 148 449 0 341 0 611 311 247 679 304 625 623 93 0 942 664 616 0 528 735 810 365 165 0 71 361 96 285 738 184 512 791 701 0 920 0 805 732 135 0 411 46 567 0 362 627 101 252 837 875 866 291 0 197 911 0 426 793 129 0 972 234 142 0 743 577 650 102 0 141 342 0 446 963 141 994 0 0 590 0 250 893 134 890 216 691 176 667 795 65 390 827 489 565 0 137 0 898 824 49 727 677 980 281 402 351 0 444 49 231 0 731 476 152 0 962 438 762 245 0 0 263 555 381 45 0 0 849 0 394 527 0 735 452 459 954 224 12 152 25 617 838 875 710 103 35 141 586 0 886 542 126 
0 0 397 0 906 621 702 576 565 0 595 37 236 65 738 402 432 0 205 0 0 762 451 172 531 823 0 356 320 384 627 0 92 0 97 231 326 943 295 470 897 0 466 643 442 319 509 921 281 308 1 158 416 113 386 245 0 923 916 32 133 71 154 173 0 0 330 98 378 942 0 311 0 583 991 992 0 0 116 0 0 689 230 939 170 268 529 0 332 639 960 171 54 0 776 96 94 0 0 347 676 82 230 190 600 0 147 357 0 170 0 728 885 686 0 0 0 130 0 745 290 386 225 725 694 492 331 997 786 0 686 703 541 0 886 122 165 323 546 653 397 523 195 136 0 327 191 148 0 1 107 0 0 0 542 262 75 0 53 0 904 804 209 475 755 417 436 0 778 667 664 0 0 491 27 123 0 369 0 0 808 451 713 0 658 418 333 12 685 78 535 113 167 192 240 689 0 712 0 312 0 407 139 67 227 470 0 576 102 501 336 793 851 658 199 0 847 127 593 52 940 318 431 613 
418 293 304 708 488 180 230 0 694 0 574 82 10 859 184 49 0 535 0 0 366 0 0 665 667 749 0 582 0 324 816 92 0 871 261 819 740 995 703 405 579 78 225 445 444 58 734 392 434 2 649 715 686 590 913 94 200 0 0 998 930 185 0 730 0 545 0 946 461 409 0 0 797 153 540 0 896 0 786 524 44 730 285 91 889 55 824 816 631 931 466 569 0 0 870 586 116 506 372 238 395 16 352 599 537 647 331 16 132 253 0 788 465 28 962 442 0 512 292 619 0 587 15 0 547 783 729 879 508 760 768 0 622 0 429 0 388 591 327 831 789 876 649 496 0 616 0 665 902 887 528 159 739 0 150 974 669 494 238 0 808 921 902 540 0 0 0 205 421 645 578 0 110 247 352 478 582 0 0 212 685 0 0 606 590 165 306 935 686 676 96 991 566 229 0 97 923 0 0 624 266 230 792 415 380 820 0 837 503 0 336 0 512 448 0 0 954 0 0 265 702 949 395 0 
917 289 344 394 494 844 404 749 0 0 165 38 0 0 0 631 495 177 789 0 299 611 212 488 821 0 217 0 674 313 123 0 871 0 124 0 0 958 279 238 539 371 891 757 406 0 999 0 63 668 255 519 0 48 654 852 210 0 846 210 275 0 26 0 511 366 0 885 886 934 254 417 0 119 0 0 684 141 510 158 0 350 603 329 0 877 0 0 677 498 824 345 382 35 406 617 111 0 743 415 0 105 0 663 500 24 262 0 845 71 349 0 0 0 743 642 963 422 782 720 0 0 0 309 665 42 0 0 900 484 0 682 0 887 312 0 12 0 784 466 586 0 796 27 744 864 472 446 606 541 392 907 382 127 918 651 330 792 44 276 216 147 0 0 676 0 266 0 891 132 943 289 725 192 259 422 0 899 401 75 0 872 475 765 232 894 288 177 29 976 0 0 874 219 58 815 749 0 257 842 0 0 786 0 707 995 950 97 362 670 87 495 95 594 255 988 765 871 12 0 127 723 689 909 
104 0 697 0 216 141 283 721 859 789 0 644 282 892 0 0 813 0 0 0 599 639 691 768 122 0 164 588 267 0 76 97 261 124 0 244 750 371 918 960 357 0 90 227 0 395 843 0 817 172 0 373 575 184 806 175 0 0 196 213 822 64 0 203 233 711 77 829 860 551 858 0 554 433 577 0 0 749 923 199 0 727 674 126 0 0 779 602 741 181 951 0 57 0 976 652 30 278 0 465 874 529 255 218 0 85 899 0 662 376 0 58 724 0 799 529 38 314 437 0 776 495 910 373 262 641 900 920 320 890 676 36 754 0 776 353 948 0 680 0 832 687 180 0 823 593 662 0 0 447 848 610 0 331 915 782 0 62 0 424 329 0 170 331 49 580 649 812 757 789 14 796 970 539 441 94 583 580 26 247 429 0 269 0 0 485 257 289 942 144 671 928 0 473 801 446 918 488 317 432 0 909 998 22 873 0 87 0 155 682 101 839 831 0 873 557 637 784 228 269 752 827 715 517 
876 492 427 0 613 215 526 36 175 0 0 461 362 485 655 0 412 0 986 803 0 832 126 610 88 0 777 0 0 197 290 231 819 0 244 0 455 566 818 336 0 0 426 31 658 0 902 0 46 154 811 795 383 0 32 87 0 130 656 572 0 625 903 0 704 766 573 236 207 866 28 0 743 106 956 0 79 485 0 532 0 314 642 941 0 461 670 61 121 54 362 567 992 607 0 165 498 814 735 690 365 73 0 47 326 510 0 721 846 622 975 399 247 996 410 0 785 16 0 861 138 0 4 98 0 0 137 389 708 4 825 929 0 593 0 0 850 63 40 920 323 275 344 217 877 552 59 756 0 3 0 472 0 387 950 547 789 0 198 624 0 463 896 666 591 447 999 389 0 936 763 412 838 287 756 430 836 782 408 918 292 0 0 747 0 830 857 354 695 932 122 650 0 921 0 158 949 641 799 72 924 100 506 675 0 623 0 213 911 0 573 525 779 0 0 970 386 717 0 69 0 0 0 244 
227 490 802 871 620 589 0 0 203 633 0 344 0 966 36 0 367 555 48 891 0 834 0 0 274 501 0 132 162 629 317 326 740 0 750 455 0 817 73 781 266 533 766 327 0 323 479 0 843 236 395 60 161 24 0 284 0 951 0 910 172 465 0 217 746 738 620 0 407 0 583 417 0 534 531 994 298 674 0 275 496 250 0 0 304 0 0 527 0 0 0 700 687 693 0 0 814 992 309 806 845 351 0 409 0 0 0 0 0 115 610 703 0 803 396 81 168 793 0 363 729 0 802 749 791 185 666 552 478 0 244 695 136 479 272 0 491 758 0 0 777 157 302 149 802 149 971 413 469 185 0 906 551 46 0 73 679 738 935 789 948 148 636 343 47 81 610 0 0 0 354 0 395 0 235 0 0 102 0 0 0 0 387 849 549 54 889 475 285 0 0 702 811 322 687 80 903 631 135 7 543 937 512 21 936 0 877 0 846 311 0 996 72 970 391 17 563 225 476 280 648 0 0 400 
121 983 865 440 615 642 476 781 174 138 0 74 0 265 567 762 284 750 57 0 148 276 684 356 911 0 0 575 636 0 147 943 995 958 371 566 817 0 0 70 0 991 0 0 533 0 0 415 676 109 364 22 361 0 223 0 53 451 458 0 972 420 429 0 0 672 583 0 187 709 942 114 888 577 360 921 758 0 548 290 173 469 187 268 0 90 391 285 0 956 0 561 971 822 409 775 994 748 619 0 200 456 576 405 116 37 662 604 522 779 874 366 431 90 55 0 198 321 0 19 666 0 0 916 883 0 239 675 608 84 0 0 521 889 200 25 0 449 31 0 245 516 919 151 433 0 0 503 784 0 416 0 879 835 900 976 321 95 45 78 184 638 417 0 105 0 327 389 958 166 640 768 586 955 744 964 282 297 671 324 287 678 262 563 232 184 0 738 0 267 46 595 934 640 130 936 0 211 666 455 81 0 0 981 738 653 0 330 229 802 0 612 0 56 0 568 980 645 0 357 0 164 0 0 
401 878 755 597 802 984 0 215 584 493 447 824 173 675 499 0 477 560 112 900 319 23 898 0 498 603 0 443 0 757 409 295 703 279 918 818 73 0 0 111 0 476 0 483 799 86 889 71 108 610 45 77 225 0 111 463 476 16 0 579 91 513 637 0 445 0 537 0 803 0 562 896 0 284 0 938 888 839 482 0 287 516 772 653 652 917 0 0 0 99 938 890 974 95 460 341 681 0 717 820 371 647 102 301 825 0 816 449 897 0 662 579 438 528 0 457 127 250 868 846 755 338 775 0 668 0 481 0 0 203 780 27 579 621 0 184 42 785 0 0 403 684 0 932 906 267 813 284 301 177 89 916 164 0 0 0 532 9 0 845 226 467 0 878 449 791 646 154 733 171 146 738 712 0 403 0 662 968 858 801 0 833 0 796 562 514 242 949 256 541 0 0 220 0 845 809 0 63 0 0 0 556 0 0 0 0 925 124 750 0 0 489 930 192 118 3 0 667 939 600 568 191 398 689 
45 166 522 288 608 0 87 517 745 572 0 501 0 335 936 0 401 649 902 225 144 621 144 364 599 357 630 988 563 561 932 470 405 238 960 336 781 70 111 0 947 0 246 825 209 0 943 470 105 433 0 0 770 353 292 581 363 774 0 908 0 262 0 935 315 0 169 761 872 0 709 598 217 0 0 696 0 614 746 0 257 499 596 295 0 262 150 42 820 271 668 0 830 518 20 812 822 0 723 895 835 935 180 437 619 579 0 120 898 928 505 0 872 586 0 266 519 0 578 0 427 116 317 758 0 0 144 529 801 965 166 881 461 382 528 252 400 0 200 477 987 643 0 135 533 656 494 684 974 792 213 0 908 124 993 0 68 97 539 0 722 122 758 691 257 574 534 781 318 679 0 107 0 636 335 468 0 867 598 507 307 572 0 0 0 442 939 714 344 172 996 0 77 245 767 622 624 643 317 784 823 733 0 108 578 684 2 168 0 197 0 18 128 638 0 6 466 0 263 955 90 0 465 481 
972 805 267 694 538 956 172 506 0 785 807 0 508 343 704 534 0 232 697 0 676 489 0 0 105 363 17 105 738 77 508 897 579 539 357 0 266 0 0 947 0 978 156 970 613 0 177 513 543 933 66 0 442 0 732 722 54 973 0 124 655 0 326 774 960 501 690 398 506 493 0 0 669 0 263 353 813 43 881 900 0 0 264 0 328 955 517 613 91 563 12 787 533 814 115 196 95 311 67 56 598 630 727 759 0 236 477 751 784 36 427 0 657 189 297 246 0 89 701 0 0 0 183 657 898 45 857 271 953 702 0 12 836 0 332 0 44 845 214 941 78 574 28 93 296 239 0 207 836 324 665 515 596 994 996 861 280 325 6 445 325 537 646 50 0 902 352 992 766 0 864 986 123 874 380 904 414 516 0 723 0 494 447 799 381 0 130 121 677 213 874 227 0 48 654 0 704 0 62 135 0 0 898 362 357 529 895 0 534 230 407 419 357 0 59 837 0 0 10 0 175 552 134 0 
705 11 413 419 886 41 626 0 224 919 0 0 581 778 448 0 442 759 336 0 625 260 792 106 506 567 612 0 457 603 691 0 78 371 0 0 533 991 476 0 978 0 780 0 228 227 950 462 0 0 212 710 269 619 0 0 405 341 194 479 829 0 0 363 156 321 666 0 274 842 877 946 0 841 549 570 289 286 882 365 159 778 148 789 0 433 966 0 0 83 892 0 0 295 0 371 840 278 0 999 0 0 473 350 283 468 323 111 143 0 0 480 380 0 126 0 918 542 0 66 0 223 795 862 719 956 447 141 0 0 405 675 912 948 0 241 392 459 831 309 810 0 793 773 893 571 87 0 0 419 583 221 523 0 743 0 637 0 934 186 523 480 0 0 737 126 905 535 160 96 0 795 457 915 0 95 416 14 930 0 845 380 0 872 607 0 337 0 0 448 114 211 399 0 551 0 249 480 0 516 952 595 756 551 542 172 24 703 0 256 80 784 706 118 340 524 0 423 166 0 0 0 0 0 
752 0 433 860 389 441 0 875 195 551 329 639 155 857 0 489 36 0 96 0 953 926 748 453 789 401 496 382 409 232 0 466 225 891 90 426 766 0 0 246 156 780 0 533 0 0 754 447 0 0 0 374 670 786 0 532 53 829 177 817 0 0 127 798 363 618 67 260 0 393 772 122 840 242 585 211 533 605 658 784 817 97 999 34 844 0 339 947 639 0 562 70 471 0 0 14 0 0 122 0 930 0 0 416 0 652 500 482 894 966 457 0 0 0 0 310 332 699 566 0 982 310 569 683 867 593 914 247 646 638 537 243 167 878 236 0 460 670 113 448 191 717 338 0 0 848 0 45 695 0 166 330 125 196 860 460 811 0 581 273 944 0 425 155 526 3 0 371 820 580 253 0 834 29 527 309 208 413 409 360 272 285 671 0 0 758 0 0 540 179 174 0 0 0 0 478 64 450 220 0 779 0 339 818 829 941 0 191 0 810 828 727 782 106 896 235 936 325 0 0 481 29 47 715 
0 0 237 253 209 283 139 523 48 221 567 0 797 0 497 814 0 300 272 806 0 84 261 693 0 907 155 226 348 935 309 643 445 757 227 31 327 0 483 825 970 0 533 0 0 296 0 0 381 0 721 153 97 0 836 692 0 0 628 778 762 266 28 0 179 356 189 938 392 135 293 0 802 158 0 194 789 0 0 0 741 542 936 343 0 297 11 502 802 778 694 662 932 916 0 39 531 704 438 675 836 750 21 889 541 322 506 234 446 736 0 0 0 0 0 181 140 436 0 773 217 329 719 0 0 0 696 962 613 291 849 0 0 845 529 0 114 0 145 365 0 90 595 770 797 0 287 471 677 0 623 205 101 0 930 0 12 228 294 927 98 0 700 222 0 461 888 99 175 0 0 350 0 0 651 939 38 0 12 472 0 179 508 988 3 0 23 321 889 0 900 181 92 0 0 601 850 0 223 456 51 177 349 603 373 0 0 321 530 656 0 0 314 681 435 0 954 0 439 933 837 989 0 863 
699 927 405 864 213 984 726 216 621 0 0 385 0 0 0 368 396 399 834 286 839 244 596 254 526 204 74 0 23 384 79 442 444 406 0 658 0 533 799 209 613 228 0 0 0 856 506 872 80 330 0 686 75 0 917 815 415 437 0 781 715 0 0 980 138 206 596 750 0 0 33 29 626 918 0 0 793 0 921 538 438 0 14 62 972 583 557 685 0 154 258 546 605 586 307 0 876 387 851 724 954 0 621 405 884 0 457 683 7 939 278 690 0 313 915 877 581 299 0 911 593 741 0 472 515 539 598 0 372 328 154 161 364 678 0 727 0 447 227 0 560 240 581 829 0 0 0 0 925 0 955 277 889 537 152 147 100 0 303 406 459 59 397 239 34 945 0 697 146 890 925 907 0 318 0 698 273 894 494 466 230 0 344 709 343 0 372 904 0 181 624 0 316 842 883 914 0 720 0 104 897 970 170 0 48 964 795 0 0 0 0 0 930 101 782 932 349 677 684 442 337 647 983 648 
550 39 79 143 474 0 145 78 499 802 305 0 701 0 619 550 997 806 0 0 254 0 754 731 953 339 214 880 447 51 778 319 58 0 395 0 323 0 86 0 0 227 0 296 856 0 874 680 843 780 883 110 0 303 35 660 905 809 0 121 670 845 760 455 0 37 523 688 617 938 599 966 455 819 0 942 58 0 71 0 464 687 722 444 0 0 323 664 844 8 947 0 531 0 161 34 144 0 972 629 0 0 189 0 905 0 0 195 932 406 483 0 0 510 972 0 879 0 119 481 953 514 913 923 866 31 525 662 619 59 727 306 167 0 175 0 83 521 461 639 0 101 317 0 554 8 0 613 704 893 285 110 0 147 0 658 0 0 519 943 817 185 662 765 0 241 0 732 274 0 104 374 253 171 203 553 490 551 365 0 940 949 887 266 569 408 351 757 659 719 627 0 811 0 445 0 84 20 871 0 53 0 436 0 0 0 124 665 488 33 939 777 0 727 0 168 641 874 0 0 962 0 14 481 
413 746 380 461 512 141 768 0 874 753 347 99 785 54 0 328 865 593 377 573 895 0 0 232 981 0 209 126 0 908 706 509 734 999 843 902 479 0 889 943 177 950 754 0 506 874 0 0 505 779 0 491 0 565 0 387 448 0 576 973 633 0 462 686 0 307 0 886 583 303 120 777 992 120 207 92 771 401 972 538 494 0 0 0 293 912 467 45 81 711 721 278 0 12 25 532 0 534 775 410 128 295 422 661 463 530 906 677 0 932 236 84 933 413 682 615 217 0 0 794 949 332 0 0 576 921 358 536 649 0 455 530 307 924 946 0 900 83 342 944 820 0 786 0 97 0 386 308 819 962 0 0 543 229 0 846 85 0 0 0 428 772 739 0 0 60 0 213 869 837 360 655 143 0 409 347 700 692 646 708 571 0 155 876 566 427 269 0 0 545 273 560 870 283 40 0 70 0 0 643 56 330 58 0 0 0 295 852 0 733 63 549 548 334 840 65 0 390 138 0 0 893 643 160 
0 972 89 32 505 319 276 0 0 950 0 0 848 818 506 25 647 427 127 917 350 722 324 519 258 0 441 742 912 947 995 921 392 0 0 0 0 415 71 470 513 462 447 0 872 680 0 0 883 46 637 0 116 0 0 6 0 610 432 277 127 0 700 80 793 30 520 746 0 0 0 424 701 465 0 821 652 0 0 0 42 222 175 0 0 874 405 631 8 0 0 185 235 0 84 208 0 760 686 235 0 197 931 914 12 645 329 0 232 0 77 0 556 177 0 541 0 884 980 0 830 599 858 940 0 451 593 709 892 0 0 0 0 435 857 641 212 67 715 168 362 336 547 624 618 0 273 985 945 161 493 0 0 707 747 70 667 846 491 0 0 969 577 319 407 908 151 770 443 704 633 592 80 0 277 0 251 599 0 745 458 0 0 820 0 633 621 647 0 888 0 137 618 281 716 60 796 754 508 0 0 0 107 844 545 0 0 761 20 0 0 68 0 447 0 668 828 579 847 802 4 0 385 0 
0 641 173 497 283 0 261 0 526 946 821 215 804 0 376 828 0 867 623 219 835 983 810 805 806 539 590 624 0 49 590 281 434 63 817 46 843 676 108 105 543 0 0 381 80 843 505 883 0 508 0 0 906 225 41 955 950 18 486 0 148 0 631 553 0 840 2 795 931 607 732 840 0 615 929 0 820 993 71 469 890 168 0 0 513 957 0 0 855 646 401 368 0 0 466 341 679 0 364 354 983 260 67 0 144 229 550 887 0 0 0 387 501 0 616 0 497 987 0 912 416 916 967 407 0 256 0 326 0 137 153 388 467 128 0 581 714 450 0 199 0 0 532 321 98 43 14 918 816 718 0 0 561 819 572 708 0 0 120 808 782 817 472 940 683 78 853 400 872 193 289 670 924 0 0 14 509 947 243 0 403 361 168 126 678 0 466 19 90 145 691 599 693 218 575 659 132 637 956 361 311 612 0 568 658 169 932 915 537 0 666 719 975 850 91 0 362 132 639 158 0 0 231 261 
0 778 927 72 0 0 985 745 0 763 130 0 676 211 280 753 21 851 292 0 429 691 358 30 674 0 0 108 913 938 0 308 2 668 172 154 236 109 610 433 933 0 0 0 330 780 779 46 508 0 102 0 0 715 339 736 0 917 715 900 733 0 875 0 169 0 0 0 0 38 840 797 0 0 0 107 835 0 1 236 288 476 0 735 452 922 566 954 135 0 0 401 476 0 797 746 979 964 0 0 909 792 214 98 0 443 102 714 0 370 585 422 0 196 67 80 257 508 773 482 401 0 242 86 10 185 0 979 133 422 0 31 0 0 45 299 547 202 976 0 118 0 0 0 0 293 0 21 896 0 213 223 554 903 556 668 947 0 0 0 317 0 930 58 982 0 859 414 277 0 978 240 0 330 0 126 992 0 396 367 0 0 916 853 305 650 611 56 132 942 947 341 108 474 162 971 652 735 709 824 665 766 0 390 310 464 416 450 682 833 962 793 0 0 0 0 309 40 190 0 0 0 329 195 
616 649 346 0 635 268 0 117 796 13 166 0 0 0 981 182 0 35 226 0 226 561 385 176 429 361 892 729 987 464 519 1 649 255 0 811 395 364 45 0 66 212 0 721 0 883 0 637 0 102 0 395 582 50 0 828 341 426 345 211 625 0 0 0 0 0 429 141 926 392 502 813 298 354 899 391 675 0 242 294 892 663 805 0 152 759 978 128 676 0 340 923 583 0 310 459 445 944 0 722 0 0 422 604 690 611 27 0 443 398 390 552 0 939 853 0 905 719 141 192 773 0 0 563 352 726 441 0 0 238 0 209 555 70 0 88 799 450 331 397 603 241 0 274 67 762 0 977 652 211 875 632 290 34 0 116 216 285 543 0 716 966 829 850 851 0 373 957 781 0 200 0 949 725 0 740 490 0 890 352 0 129 370 93 235 693 292 831 807 717 313 117 920 0 0 688 737 0 216 901 0 484 717 488 0 226 896 534 89 935 0 48 0 214 494 0 0 76 742 202 0 0 0 806 
823 0 229 0 583 0 295 510 496 169 722 0 227 611 0 804 683 0 509 505 846 510 0 236 0 0 861 0 992 772 0 158 715 519 373 795 60 22 77 0 0 710 374 153 686 110 491 0 0 0 395 0 639 0 891 653 556 925 992 632 0 311 142 890 579 219 0 63 947 0 18 99 585 82 367 0 310 0 576 654 395 940 825 481 41 990 0 226 0 265 0 321 194 683 572 0 0 455 0 97 819 807 286 510 375 0 257 318 612 0 0 449 682 688 675 863 106 455 817 116 0 243 677 633 28 215 0 268 0 938 278 75 0 50 402 422 546 847 836 143 0 490 73 329 0 338 288 0 855 807 322 187 0 473 847 584 527 861 235 956 142 890 0 521 834 0 191 36 420 514 835 912 948 9 653 858 412 901 0 180 832 278 866 981 974 0 127 0 451 318 949 783 0 544 447 498 224 0 0 0 452 412 0 539 730 950 123 384 714 907 664 0 622 0 704 0 747 583 926 436 474 919 604 196 
