0 337 221 893 113 652 388 16 707 103 562 594 840 532 0 32 0 0 0 671 816 637 958 561 88 151 75 171 737 274 294 503 328 0 199 0 0 0 100 751 974 453 458 236 63 0 132 163 447 0 691 705 77 913 166 663 198 332 886 67 675 500 484 849 755 0 162 0 884 0 751 770 0 507 851 690 41 383 212 0 34 287 313 72 199 62 255 225 745 282 360 579 807 0 852 397 430 0 0 0 0 313 0 476 230 998 594 0 0 510 917 0 0 0 884 653 0 133 178 359 700 458 925 779 866 46 298 473 358 433 258 794 0 0 199 7 195 38 737 0 603 390 0 842 884 930 83 737 770 0 567 0 952 931 506 0 592 0 513 896 656 910 365 409 0 125 799 0 372 294 373 298 654 0 929 129 112 874 0 794 77 508 837 0 926 457 468 0 608 10 148 288 544 788 30 577 0 615 0 0 0 0 913 882 224 779 600 0 876 475 0 843 144 981 326 0 0 458 0 724 8 0 0 115 284 0 0 0 0 0 0 994 54 0 147 965 605 493 0 197 0 746 0 475 0 524 442 277 406 0 935 435 226 522 0 204 954 2 0 0 821 116 379 575 100 733 0 733 276 587 52 361 414 0 22 31 997 486 0 0 614 0 149 624 948 0 69 
337 0 433 564 134 451 835 0 980 0 925 0 30 622 499 0 910 190 0 342 0 0 79 909 220 293 0 211 0 0 273 0 0 0 451 829 900 621 574 0 770 310 0 31 899 871 73 235 535 369 0 642 0 0 979 0 391 0 348 21 965 743 0 0 0 798 109 34 0 607 895 349 0 482 807 309 809 194 319 0 0 0 803 0 0 21 267 0 916 0 0 0 26 651 0 421 724 243 0 392 793 203 0 616 826 913 560 871 0 489 0 217 0 687 713 799 122 0 749 81 168 423 656 518 17 415 895 507 865 288 404 745 386 509 58 462 677 330 0 199 611 565 378 0 976 445 545 0 640 0 808 8 358 0 700 179 0 262 595 158 982 105 130 0 953 632 0 569 995 6 24 821 0 558 226 0 528 470 331 470 662 0 526 267 514 879 686 223 0 261 966 302 299 881 585 144 836 467 99 433 951 209 947 289 0 911 498 514 998 487 216 521 906 991 159 717 504 612 955 0 863 450 323 140 0 227 273 416 0 487 0 545 929 77 0 610 957 966 437 0 188 399 0 339 0 0 936 875 754 800 388 782 691 0 0 447 59 0 86 0 513 551 551 0 0 0 23 512 138 0 758 558 639 890 873 588 817 632 0 121 726 607 30 740 312 24 671 
221 433 0 584 882 168 343 459 102 389 254 514 831 0 380 533 0 44 236 0 816 361 569 0 85 431 569 451 86 193 545 541 213 0 0 23 698 0 272 50 957 73 235 962 0 779 0 13 653 729 0 195 0 939 949 593 156 949 176 0 652 32 864 894 1 10 627 581 356 0 0 632 0 202 0 597 751 596 368 921 94 675 361 62 940 807 664 941 147 494 0 0 557 441 0 0 716 0 999 0 0 42 402 842 609 329 313 630 923 983 0 48 764 841 0 689 732 563 355 118 0 906 0 155 946 461 481 0 427 0 940 0 445 0 190 437 0 53 0 488 446 0 0 0 0 774 68 12 102 0 842 55 181 508 814 391 0 0 343 980 0 155 822 923 44 623 691 223 195 436 0 0 655 788 0 164 0 796 0 919 295 989 0 178 654 0 0 0 553 77 0 657 910 236 0 0 399 0 0 394 119 0 197 867 204 0 0 899 0 856 956 252 576 37 0 441 190 0 136 996 787 89 0 394 0 91 599 738 646 0 0 0 657 144 482 236 242 643 429 980 151 480 749 0 121 796 0 464 0 429 307 686 572 802 754 663 745 621 478 740 410 956 419 0 333 443 0 340 0 0 370 586 112 668 0 2 0 0 422 909 424 8 667 994 294 897 0 
893 564 584 0 679 0 242 431 513 214 365 353 259 339 250 885 801 0 751 405 0 0 0 951 646 898 0 294 667 413 495 0 700 0 0 0 834 429 371 358 0 0 998 168 881 0 759 28 614 0 155 993 0 242 799 236 318 448 620 0 919 0 124 789 142 0 526 0 613 552 0 24 894 0 214 0 0 939 786 94 0 935 125 917 104 0 912 932 0 113 380 75 114 277 37 952 221 0 101 0 617 536 0 459 0 0 0 311 473 0 801 0 933 695 681 793 0 312 532 0 615 0 301 0 694 399 584 919 0 618 178 46 588 0 414 17 964 0 827 362 955 352 6 834 0 804 0 0 0 624 574 166 0 119 0 396 0 283 688 0 92 896 603 617 334 272 639 0 0 504 0 0 967 685 877 476 157 461 716 622 148 189 262 0 386 968 196 0 218 0 281 19 0 933 961 619 19 0 136 895 618 388 708 914 0 493 0 196 265 0 878 0 559 29 113 90 0 927 865 983 0 628 830 0 542 173 118 180 319 641 0 562 0 501 311 517 0 0 36 527 553 651 435 658 325 636 413 795 614 0 0 292 418 840 0 816 982 1 0 0 967 360 0 674 148 0 447 92 767 498 181 941 0 0 624 416 659 0 0 85 533 570 410 64 389 0 297 
113 134 882 679 0 92 781 980 533 0 303 71 622 46 788 250 169 874 600 220 28 0 0 676 376 0 0 0 0 510 167 698 365 792 553 892 61 632 19 707 286 662 474 275 0 753 918 924 0 0 483 42 0 0 37 0 477 568 849 393 764 931 0 0 634 854 456 987 703 354 544 887 366 328 455 0 0 0 232 427 0 867 872 122 989 977 982 777 317 582 326 572 90 875 91 0 0 16 225 0 16 975 0 160 683 966 0 319 940 695 0 693 828 449 0 256 0 575 628 0 0 324 0 0 512 0 148 879 0 0 356 745 584 78 56 790 377 568 0 0 499 296 297 0 469 704 663 109 262 541 301 28 0 0 272 801 0 817 182 989 0 519 0 818 830 52 548 0 0 752 177 744 817 934 0 0 0 650 0 740 551 817 477 253 252 79 21 501 0 48 657 0 687 0 0 0 0 474 33 989 764 940 896 0 536 804 930 358 218 276 355 104 390 427 848 81 919 0 418 894 0 0 12 891 0 704 41 0 522 320 256 537 0 167 376 400 221 268 45 0 599 0 0 707 584 277 687 47 68 791 608 471 747 0 59 572 197 0 0 0 931 164 705 945 884 585 956 217 762 0 100 773 121 517 824 757 466 988 564 940 0 102 606 642 0 438 73 
652 451 168 0 92 0 875 206 3 978 792 357 525 129 84 788 675 482 143 786 394 399 633 0 311 0 473 233 59 0 141 0 367 461 14 700 701 977 882 0 880 233 468 735 0 95 819 586 463 114 0 750 933 690 105 359 591 493 0 0 53 0 81 0 684 994 683 342 356 474 325 66 0 0 708 0 787 111 716 182 0 0 272 0 286 492 973 639 19 0 0 0 552 844 590 475 695 415 412 50 425 0 0 993 188 160 0 0 0 0 982 882 0 230 378 0 999 0 266 261 448 861 0 70 0 830 295 699 388 881 962 0 880 30 0 875 222 712 0 799 547 415 31 746 0 400 166 684 0 300 248 96 805 997 752 945 0 30 783 119 456 550 851 26 619 455 992 565 589 462 480 507 403 0 916 170 0 152 829 386 674 348 752 524 0 260 555 257 398 0 819 230 171 40 618 337 630 7 347 650 11 0 0 0 848 924 609 0 566 784 0 374 292 100 0 42 164 910 0 373 687 0 251 0 806 59 799 669 844 375 95 424 609 766 209 237 456 574 761 346 649 966 0 346 613 279 512 642 365 389 0 459 0 0 658 680 755 762 257 6 868 565 0 586 203 636 351 643 763 494 0 241 0 0 33 479 179 197 930 166 452 0 532 181 104 0 572 
388 835 343 242 781 875 0 920 909 989 250 591 37 770 669 0 145 408 525 0 219 525 72 34 638 575 0 966 986 433 0 984 416 569 992 920 0 214 977 66 574 172 528 877 82 762 245 16 195 542 625 704 0 699 132 446 0 9 0 66 734 149 261 889 919 880 523 799 60 893 660 0 249 828 588 851 781 957 596 519 0 431 396 443 0 179 746 896 0 96 140 724 621 381 2 642 0 34 582 0 365 150 799 452 0 907 882 0 65 651 0 861 0 722 33 950 15 44 0 109 303 0 619 43 373 0 121 55 528 623 312 922 270 938 0 847 41 232 791 694 390 101 0 798 933 738 101 816 0 0 173 0 412 180 0 0 27 472 657 125 0 0 0 562 132 0 262 0 90 438 531 928 325 14 151 464 0 996 944 0 54 820 968 325 0 873 364 271 906 0 0 396 321 351 466 884 961 0 468 0 547 0 510 915 0 43 478 532 990 373 210 209 0 28 814 0 0 775 891 408 463 804 304 0 150 0 74 964 731 0 335 0 0 690 374 0 364 0 489 0 273 695 872 939 714 49 0 881 0 412 243 902 115 678 263 672 980 1 121 638 177 752 106 488 268 0 260 80 0 0 597 59 601 21 161 0 682 369 229 71 86 367 179 0 0 0 0 
16 0 459 431 980 206 920 0 498 219 0 807 239 622 826 0 0 942 939 0 111 58 309 0 152 547 0 616 997 120 0 920 0 516 931 180 0 607 176 541 60 988 737 0 953 944 440 250 811 0 656 411 29 0 0 0 769 885 306 194 628 764 0 303 0 321 406 79 807 518 0 662 416 0 654 774 914 0 708 300 781 911 0 240 442 669 0 0 774 0 0 0 0 0 455 350 212 763 525 246 223 0 0 0 276 353 872 0 527 427 316 0 233 813 512 856 306 999 44 597 0 0 992 0 387 687 0 218 0 988 0 109 484 992 267 271 249 528 94 999 0 0 69 707 204 0 0 80 0 915 487 87 197 0 502 222 436 0 790 339 573 0 957 597 0 820 989 463 266 0 459 637 0 0 938 230 349 807 693 743 271 0 0 983 893 776 41 350 0 0 0 0 0 0 143 364 239 718 0 575 706 460 0 906 0 92 169 969 0 575 514 0 384 677 71 0 231 828 0 939 349 0 385 106 240 605 977 0 0 0 800 345 0 257 399 933 285 0 74 0 0 897 184 272 0 64 3 81 188 0 834 218 986 12 0 965 297 474 0 0 548 294 203 320 250 677 736 497 504 903 0 0 0 338 403 339 30 767 177 761 0 704 975 715 603 984 392 
707 980 102 513 533 3 909 498 0 42 0 0 269 656 579 569 961 69 623 672 167 130 149 0 55 573 242 890 465 0 118 0 155 560 751 786 764 139 796 645 0 0 795 0 331 130 906 450 221 23 498 583 0 934 64 800 644 233 0 844 614 298 38 0 972 606 300 0 822 833 732 84 715 397 152 232 546 467 208 19 759 0 984 0 0 853 0 572 0 404 870 939 808 493 39 554 401 0 0 0 403 0 158 260 871 403 374 140 870 817 0 0 590 0 91 649 29 553 0 670 0 866 0 0 821 361 0 0 0 988 407 49 0 460 817 96 150 0 470 205 491 324 790 802 121 0 0 991 731 0 859 0 421 0 750 977 0 420 692 0 797 716 546 775 4 540 0 26 784 476 362 929 299 72 617 590 161 0 75 828 905 941 314 0 0 358 0 106 417 758 445 146 42 239 0 637 696 17 865 390 0 395 82 441 381 817 733 88 675 122 63 95 153 258 814 678 205 772 954 978 718 119 530 899 0 0 917 327 845 308 818 631 0 361 0 360 946 450 805 604 715 183 96 0 0 0 0 98 110 157 475 849 408 0 283 990 31 0 375 0 107 957 37 22 481 84 126 0 667 539 554 0 92 937 508 0 420 0 853 800 115 355 0 0 123 383 305 
103 0 389 214 0 978 989 219 42 0 171 487 0 188 439 0 174 308 141 896 0 0 724 0 557 0 0 0 161 0 295 403 0 10 623 403 0 979 0 615 0 425 680 989 143 285 370 952 507 0 0 957 409 526 840 889 793 925 781 0 414 473 430 413 0 0 483 173 0 125 604 0 0 668 0 682 546 597 680 0 127 715 360 958 668 0 0 781 117 0 118 904 0 0 884 702 668 0 0 946 49 0 964 699 252 792 0 481 395 515 467 390 849 630 0 157 63 0 998 279 0 10 965 0 114 0 0 167 804 69 468 830 0 0 719 890 801 507 388 0 159 916 43 132 0 0 118 517 0 649 85 15 0 742 856 948 553 675 270 137 0 505 0 0 911 107 112 0 410 918 73 74 0 424 406 509 0 251 580 0 566 689 515 651 0 381 479 156 6 57 0 733 745 0 115 228 762 0 912 0 0 0 988 0 22 0 700 0 428 503 715 410 0 0 643 622 850 0 665 557 622 0 997 766 594 157 436 983 718 504 0 954 720 529 271 0 758 482 985 948 7 0 49 0 938 241 0 0 0 899 440 635 63 696 9 95 933 0 945 530 497 146 487 187 0 775 106 0 73 632 0 604 59 811 0 429 597 493 0 0 26 197 0 586 797 365 973 
562 925 254 365 303 792 250 0 0 171 0 787 0 586 513 386 0 196 196 0 621 0 0 189 0 748 0 0 0 637 28 299 904 0 409 960 0 0 0 786 0 0 516 0 490 392 231 0 814 561 0 853 0 206 889 485 98 390 532 896 81 549 0 0 191 883 16 841 719 0 151 963 878 0 0 349 0 332 423 677 0 259 335 0 0 0 788 309 0 883 752 800 830 266 624 828 460 580 0 426 0 196 90 0 60 141 539 885 467 901 471 806 0 110 273 491 738 500 794 820 70 753 296 0 0 941 600 0 0 786 715 725 0 296 886 462 275 981 0 38 671 136 0 689 919 603 0 130 507 518 170 361 373 486 0 0 0 121 0 78 172 0 98 29 48 807 499 726 909 0 0 0 109 902 334 0 869 746 0 0 566 595 491 0 825 0 905 0 244 185 230 153 393 706 275 676 723 467 0 44 713 366 0 652 141 0 878 0 346 830 0 401 494 0 89 0 735 474 859 564 565 335 0 0 798 0 978 0 637 872 0 448 952 310 0 331 323 377 0 703 732 266 0 210 613 711 111 0 20 316 641 0 0 863 427 195 66 501 801 0 247 719 986 0 0 895 580 668 573 378 596 403 61 798 0 523 331 881 0 0 352 948 0 848 898 890 37 
594 0 514 353 71 357 591 807 0 487 787 0 308 606 0 571 847 687 0 220 336 74 564 349 78 561 117 544 393 108 721 363 135 274 143 400 303 0 309 704 855 0 744 0 523 362 597 783 51 954 274 289 749 109 285 812 662 180 964 700 38 20 593 65 596 867 0 129 185 0 169 958 869 0 0 266 648 59 0 896 564 257 0 0 0 0 758 495 0 196 986 378 873 858 554 909 740 800 311 131 278 504 804 60 889 253 396 361 93 0 874 627 9 347 609 601 346 0 864 0 672 98 0 742 20 22 328 483 969 520 503 327 977 970 196 867 875 0 680 766 376 150 0 27 409 369 743 0 673 175 545 732 987 460 748 0 459 0 0 208 655 0 189 17 939 912 14 73 307 119 818 426 574 589 896 678 204 799 948 0 167 546 0 0 0 375 359 972 0 621 421 0 92 471 0 28 868 407 724 0 0 579 109 718 454 355 612 613 145 0 105 48 0 651 990 410 463 810 0 0 918 122 0 0 306 99 0 266 10 0 0 970 408 393 269 579 0 0 373 85 349 533 396 887 23 448 227 260 202 150 0 426 0 591 22 526 488 192 0 133 871 844 0 285 215 440 629 111 631 281 616 995 316 0 848 0 496 774 69 225 531 901 445 11 0 395 0 
840 30 831 259 622 525 37 239 269 0 0 308 0 0 0 879 0 0 897 460 269 102 0 445 799 220 0 546 0 155 189 0 0 867 880 0 29 0 0 0 827 509 669 273 0 982 617 314 703 890 0 0 620 476 0 80 219 774 509 954 335 0 0 500 0 316 41 181 343 841 490 0 287 0 425 118 528 341 96 770 0 256 839 36 263 900 407 742 400 56 36 1 668 758 839 820 180 179 940 638 790 0 253 110 0 137 0 692 921 705 970 418 0 904 839 821 916 0 6 583 853 865 25 0 8 674 93 0 997 312 0 908 365 369 147 0 75 817 0 0 661 573 363 411 0 444 61 994 0 0 0 0 934 73 90 388 826 0 0 0 410 964 259 773 407 525 0 645 164 427 665 355 0 0 891 892 0 385 716 885 738 0 544 942 0 907 602 798 103 412 483 650 560 845 0 393 921 787 937 347 226 261 83 161 298 155 173 850 964 0 997 0 815 432 769 0 911 398 168 394 907 892 0 0 0 693 844 560 0 168 130 0 873 356 515 824 555 642 75 627 533 8 847 285 347 275 430 227 907 600 0 679 350 0 152 477 578 780 938 507 805 0 986 253 0 895 239 270 942 282 0 994 836 353 0 0 740 176 181 421 584 610 0 0 913 0 0 
532 622 0 339 46 129 770 622 656 188 586 606 0 0 994 0 0 0 0 0 891 0 721 113 0 195 0 0 33 959 0 722 97 0 603 123 548 453 360 0 393 0 430 823 118 549 228 0 0 299 742 0 0 211 0 0 966 0 149 414 775 437 322 0 0 634 0 0 480 80 97 142 727 214 379 213 0 575 0 501 485 793 0 506 924 0 0 561 0 0 222 731 778 299 858 869 320 129 326 897 386 912 0 893 254 0 515 208 187 0 0 23 8 868 0 0 974 0 135 150 0 743 604 388 927 0 715 41 354 66 0 132 367 542 0 932 908 74 481 0 0 365 0 112 300 0 281 0 341 880 692 56 280 374 0 690 530 955 0 688 765 558 0 84 561 501 317 889 466 384 733 0 792 0 828 0 944 1 470 930 650 268 205 365 809 722 520 0 44 0 0 0 194 458 574 0 305 156 484 0 96 254 365 757 234 0 938 217 150 0 469 530 831 883 0 0 328 811 916 0 399 919 256 594 713 0 278 862 45 95 858 94 0 932 0 35 852 75 0 657 906 0 0 323 700 952 278 283 0 124 299 0 111 0 831 778 989 182 454 0 594 76 117 996 53 597 431 223 635 640 822 204 599 381 386 705 226 37 529 209 793 0 412 0 0 0 320 
0 499 380 250 788 84 669 826 579 439 513 0 0 994 0 549 136 483 0 780 0 0 83 499 0 265 581 733 931 0 600 0 280 0 259 888 428 848 725 394 964 230 415 124 66 0 86 266 266 535 0 344 7 0 503 744 748 0 0 593 701 401 0 0 431 891 565 15 706 155 58 0 0 134 834 0 553 166 0 679 227 0 877 833 189 50 0 268 663 839 702 799 172 257 760 125 833 79 791 0 86 12 619 71 128 168 307 966 722 0 982 0 0 703 0 510 543 191 901 557 894 177 0 0 633 934 203 0 892 285 0 178 475 0 979 530 475 20 411 951 680 929 239 64 217 184 0 721 0 534 574 0 0 429 845 69 758 321 691 340 0 559 256 17 0 690 237 831 795 0 448 0 942 0 274 0 153 0 0 15 0 0 907 479 114 698 241 0 156 272 282 0 591 246 561 0 371 234 299 467 179 732 713 356 938 613 643 625 521 749 0 553 873 548 368 486 0 500 676 593 93 59 304 502 548 889 386 328 380 274 922 415 399 969 952 556 0 511 0 679 193 23 536 114 824 0 0 822 682 635 41 0 869 956 0 282 0 798 871 811 822 576 101 120 222 412 0 143 0 937 985 682 650 347 808 784 585 0 873 0 0 0 0 133 961 0 912 
32 0 533 885 250 788 0 0 569 0 386 571 879 0 549 0 0 0 0 0 350 99 799 549 597 0 849 250 579 452 306 572 768 829 386 24 712 662 333 0 0 191 0 999 686 935 964 432 0 463 0 973 861 905 94 256 356 55 341 0 404 105 542 338 262 991 683 654 116 180 628 971 0 648 442 750 580 758 767 0 0 345 0 539 0 156 163 0 873 768 122 16 811 811 648 0 734 446 0 562 885 317 675 568 0 111 129 990 111 174 912 784 0 865 796 0 840 737 245 0 0 0 754 677 674 88 720 981 442 490 501 586 177 169 472 842 0 0 0 875 532 0 145 871 982 0 49 335 0 956 840 46 0 764 37 547 659 56 0 0 88 0 718 261 210 0 263 875 320 328 627 275 0 982 600 144 0 0 0 662 820 55 495 404 212 325 932 0 0 985 0 0 673 873 18 563 0 0 40 19 623 0 695 389 0 922 0 342 94 302 73 0 697 719 937 342 993 200 960 736 929 345 489 830 548 234 601 0 391 685 577 0 0 0 0 0 0 0 973 765 108 369 0 0 589 0 325 0 0 334 994 349 663 468 837 601 0 923 206 167 576 15 0 414 18 703 729 0 29 891 524 171 925 0 150 629 0 326 0 952 0 0 96 0 209 0 0 
0 910 0 801 169 675 145 0 961 174 0 847 0 0 136 0 0 0 0 829 845 540 466 899 0 0 183 0 40 168 0 0 905 519 26 433 941 157 206 61 0 0 377 827 676 730 361 0 0 0 781 268 551 0 0 577 919 445 387 0 343 678 212 361 974 600 0 473 0 0 0 0 793 89 857 0 289 778 250 755 492 17 300 898 0 597 698 426 51 153 728 471 539 498 0 0 894 751 754 560 390 185 580 0 0 303 865 924 514 455 303 962 638 745 0 0 855 319 651 0 308 88 983 376 722 317 699 0 0 419 942 993 830 903 868 0 0 0 641 210 623 808 56 837 595 370 0 739 752 658 490 118 257 292 0 0 603 677 0 768 0 335 158 333 498 550 996 999 253 0 0 810 90 224 0 0 497 829 546 0 0 66 980 133 506 744 0 872 702 310 825 878 350 509 842 243 73 40 855 219 434 197 103 386 261 0 692 0 0 251 643 983 681 493 0 0 595 0 940 409 305 673 802 742 45 845 779 116 316 991 722 169 874 200 0 162 638 303 255 0 630 56 0 210 796 1 566 604 546 663 75 513 4 88 338 424 0 0 58 0 106 0 5 0 33 0 89 284 0 0 791 0 750 243 0 4 0 901 584 30 665 0 161 483 0 364 0 
0 190 44 0 874 482 408 942 69 308 196 687 0 0 483 0 0 0 276 130 620 0 0 0 955 384 270 383 28 0 936 0 557 0 258 775 699 490 66 0 194 0 394 116 440 20 0 761 626 2 268 685 467 202 337 313 727 584 46 973 799 0 0 56 174 0 648 674 697 674 316 524 19 981 0 16 727 941 144 0 15 546 428 708 0 0 818 97 58 488 169 759 814 0 582 16 777 985 816 226 0 731 0 221 789 889 0 341 137 686 641 100 571 0 989 0 0 556 292 411 491 412 0 0 16 872 368 631 738 76 0 0 203 271 561 214 0 211 982 422 218 0 197 61 704 0 0 734 556 15 3 549 38 144 686 944 0 0 410 726 377 949 488 221 890 268 501 267 376 101 933 728 19 839 621 369 712 0 939 0 276 548 911 632 125 277 143 0 462 416 176 923 70 807 131 684 409 0 520 954 791 0 148 681 362 743 0 0 528 725 868 54 206 861 965 401 31 415 0 0 685 919 103 302 69 269 264 270 0 477 869 350 0 144 989 888 377 0 37 920 729 546 338 0 991 572 419 270 0 898 953 855 795 627 551 516 794 788 474 588 2 121 0 543 112 137 801 151 34 469 497 189 99 0 868 17 734 857 0 0 784 0 0 259 0 0 764 
0 0 236 751 600 143 525 939 623 141 196 0 897 0 0 0 0 276 0 516 175 0 241 765 60 0 0 0 184 649 200 0 411 0 183 260 991 0 0 0 56 0 992 242 421 433 0 528 297 942 0 775 677 903 970 583 650 656 454 181 60 387 0 596 437 79 0 0 0 838 384 391 0 0 243 0 616 712 467 300 457 486 0 239 861 316 719 347 497 341 332 451 368 377 602 69 663 559 686 99 467 47 0 774 461 0 268 0 650 940 897 845 337 702 208 29 243 54 436 313 0 0 107 993 500 0 0 994 511 193 207 0 881 985 991 299 169 90 0 821 675 842 213 112 0 0 628 868 1 671 772 0 0 916 667 108 455 93 906 568 560 0 929 205 841 781 896 0 795 0 93 490 382 162 0 0 385 493 0 515 3 0 0 389 0 379 789 983 395 765 44 241 0 281 623 253 439 291 512 53 605 46 842 252 723 458 0 0 0 0 240 859 960 719 401 774 671 691 344 404 299 352 482 725 561 137 0 0 772 431 132 495 0 538 0 0 0 555 942 915 185 0 765 636 340 0 967 0 0 481 743 0 863 0 297 0 0 388 555 0 0 844 0 156 0 335 0 827 258 47 999 979 0 315 0 494 314 987 301 670 894 163 816 0 424 0 505 
671 342 0 405 220 786 0 0 672 896 0 220 460 0 780 0 829 130 516 0 0 0 932 0 409 0 908 0 381 142 0 0 410 104 234 525 663 487 683 830 105 0 968 458 406 408 0 282 729 656 815 788 953 0 26 408 486 0 997 911 0 929 28 0 558 949 260 176 80 616 397 0 0 737 721 403 83 99 458 0 0 945 372 708 89 0 86 723 871 96 0 514 217 0 0 709 824 991 18 0 0 31 298 914 128 0 816 0 0 490 984 519 234 296 0 0 87 316 704 0 793 57 75 266 581 0 0 47 826 104 0 830 0 301 0 630 257 835 445 0 0 0 0 0 555 230 130 0 97 0 0 296 283 0 825 0 721 0 465 750 880 144 742 613 118 765 467 150 0 947 669 353 762 122 116 125 22 888 111 468 158 496 112 960 257 0 335 456 632 136 802 776 205 277 240 72 729 87 352 59 349 0 435 0 396 96 562 113 400 327 856 88 651 95 61 965 802 802 381 496 240 0 479 796 897 916 54 0 0 0 499 0 336 0 0 171 183 796 835 0 447 976 23 289 0 0 293 461 854 0 0 23 992 0 231 0 140 187 580 561 903 627 0 0 365 626 461 52 24 201 773 960 207 140 16 759 0 554 703 68 385 105 493 0 305 869 0 
816 0 816 0 28 394 219 111 167 0 621 336 269 891 0 350 845 620 175 0 0 448 852 755 549 0 591 992 111 0 476 663 967 406 627 392 0 529 0 674 172 0 598 146 375 110 879 0 751 47 13 928 106 219 788 461 0 0 521 0 531 0 298 483 610 0 0 481 460 0 154 0 122 735 569 0 0 389 550 218 536 282 0 0 0 316 761 543 814 0 104 703 15 927 954 871 0 0 192 501 550 518 554 16 0 991 172 508 421 466 751 305 573 520 0 841 0 592 370 738 313 854 0 276 0 613 975 300 0 329 0 107 886 760 464 615 0 830 473 963 776 969 187 328 609 202 0 551 0 199 627 929 991 0 555 625 659 838 195 30 55 239 505 735 778 0 0 889 42 0 916 842 211 188 0 23 538 93 392 805 726 452 682 759 0 871 0 336 341 783 619 0 731 0 0 724 81 274 0 997 682 0 628 633 181 48 667 106 0 0 194 296 0 0 922 0 152 0 340 527 933 528 548 862 477 521 532 0 633 204 687 344 407 775 826 0 990 899 234 180 670 0 881 483 610 0 161 945 350 277 858 738 630 988 0 257 297 0 704 789 273 715 718 167 483 0 0 560 381 29 609 0 0 533 448 451 620 0 879 284 440 138 0 598 322 164 0 
637 0 361 0 0 399 525 58 130 0 0 74 102 0 0 99 540 0 0 0 448 0 0 877 645 0 477 939 758 208 0 553 619 0 272 0 700 301 804 0 0 373 944 343 0 225 255 488 400 70 0 539 0 899 179 0 551 124 0 0 0 87 826 224 634 572 994 0 742 283 47 0 217 885 406 660 999 325 932 646 777 102 995 503 760 978 456 942 371 973 0 0 0 0 0 0 0 587 990 0 421 249 696 817 224 402 472 505 884 941 0 338 931 0 426 188 511 841 52 0 0 429 445 914 114 0 809 77 238 328 502 159 415 0 0 41 744 766 345 718 134 422 412 695 238 180 182 364 0 435 3 465 353 143 747 0 358 600 438 994 707 0 421 677 574 991 828 349 512 897 15 0 890 548 665 0 123 506 203 170 0 990 0 678 140 637 585 0 198 558 931 227 202 606 795 718 0 400 0 0 776 540 0 557 688 0 306 810 0 525 879 895 207 0 184 555 0 868 686 388 692 387 499 0 680 933 54 397 0 938 691 4 187 0 549 617 266 712 129 774 280 178 168 0 486 206 0 947 670 16 125 811 82 420 0 735 455 0 760 268 778 696 0 565 999 467 782 764 641 342 0 660 0 394 561 0 0 333 544 525 193 479 20 917 676 352 568 
958 79 569 0 0 633 72 309 149 724 0 564 0 721 83 799 466 0 241 932 852 0 0 0 815 312 0 430 273 784 715 655 0 0 895 806 817 584 213 635 0 490 261 581 669 670 434 391 48 882 13 318 0 877 0 0 359 696 528 609 716 0 115 0 0 430 249 826 846 555 270 191 296 875 365 234 691 139 306 848 0 43 0 728 105 524 669 442 778 554 402 712 501 277 161 324 999 690 767 809 0 698 977 250 702 207 311 947 668 0 531 47 937 58 375 899 665 716 0 60 885 205 387 381 0 507 100 98 551 0 438 765 864 646 454 0 0 907 711 144 302 190 718 817 0 145 0 0 742 0 610 0 411 0 496 117 376 0 3 569 318 0 41 0 0 798 414 0 787 0 0 0 992 730 519 0 0 0 288 568 0 89 612 284 671 953 877 731 368 722 822 54 707 743 660 175 0 0 773 147 459 0 960 530 544 354 431 420 945 993 969 0 173 553 797 0 0 326 0 351 706 194 0 708 0 0 222 222 610 302 774 804 0 0 0 24 832 332 762 583 0 368 0 72 35 668 609 296 0 777 962 0 0 929 886 35 472 546 718 56 333 814 93 0 0 565 59 0 39 465 0 799 955 823 397 0 923 0 995 713 0 842 0 0 0 171 104 
561 909 0 951 676 0 34 0 0 0 189 349 445 113 499 549 899 0 765 0 755 877 0 0 842 0 119 454 0 252 677 0 968 829 14 53 994 242 0 364 212 652 953 550 356 0 85 248 163 908 484 378 466 865 0 0 0 0 892 345 946 715 0 0 0 828 873 5 0 815 813 527 364 175 741 0 0 659 724 313 601 740 966 785 158 757 0 0 770 604 0 0 854 425 305 210 252 0 5 0 0 106 0 915 987 0 176 0 916 868 0 419 312 790 903 131 571 0 0 143 844 541 329 440 926 114 731 149 263 593 0 0 376 833 0 721 965 0 725 528 67 946 51 907 409 893 158 825 619 0 775 106 124 363 598 470 372 161 0 483 0 584 118 0 132 73 964 658 175 5 19 931 512 650 0 569 952 403 657 755 214 983 154 711 776 7 179 0 0 733 760 814 690 0 672 0 292 0 401 0 203 279 0 330 851 0 0 750 50 316 238 534 455 415 0 0 522 893 138 679 659 932 0 921 597 0 30 707 6 984 741 495 831 40 12 583 0 799 730 541 412 5 587 0 933 588 57 922 0 0 68 43 221 0 0 970 0 975 0 195 532 66 507 0 0 685 635 718 572 0 557 966 994 477 0 682 808 840 15 987 122 87 254 0 945 573 572 
88 220 85 646 376 311 638 152 55 557 0 78 799 0 0 597 0 955 60 409 549 645 815 842 0 891 872 27 226 0 92 0 501 510 881 920 185 241 675 535 805 849 573 967 0 618 976 0 254 0 610 692 180 655 0 289 769 106 0 644 971 0 202 554 694 930 374 465 906 47 0 0 261 0 697 234 80 144 0 729 0 80 542 0 854 605 433 819 0 852 856 835 886 12 775 467 9 0 955 38 0 199 0 281 569 962 745 0 0 281 0 714 0 940 831 614 647 0 264 265 346 436 162 196 108 385 790 195 549 706 10 491 946 673 0 0 443 86 770 531 229 387 95 991 204 503 0 721 856 0 134 49 812 293 303 661 660 0 860 877 911 482 64 0 220 258 0 0 578 629 549 253 0 424 0 950 924 0 825 0 673 0 606 597 803 979 749 0 837 661 184 207 15 0 0 0 0 860 195 0 0 734 0 798 0 624 0 698 179 574 440 694 734 247 409 313 243 762 596 377 773 910 359 752 280 303 0 0 588 717 858 705 724 569 381 0 322 83 89 0 0 534 228 0 455 0 22 842 537 0 596 0 0 122 0 650 456 976 0 187 734 0 231 741 562 777 34 0 435 0 411 612 91 0 141 413 395 804 119 0 0 975 0 540 0 156 422 
151 293 431 898 0 0 575 547 573 0 748 561 220 195 265 0 0 384 0 0 0 0 312 0 891 0 41 0 5 819 414 79 121 127 0 356 891 168 0 744 129 428 84 364 325 497 0 0 212 418 648 973 0 60 0 617 232 39 829 239 61 287 0 581 695 980 152 103 194 674 0 0 388 0 0 0 566 335 539 664 0 419 502 0 0 810 0 531 526 479 217 109 804 73 994 81 894 0 434 895 0 926 0 0 918 938 0 0 285 0 699 744 645 0 318 0 537 277 973 925 757 176 0 88 823 586 606 813 564 178 390 0 468 407 161 0 142 0 963 341 878 1 814 352 951 672 251 778 242 0 966 878 20 0 148 832 629 60 232 85 139 809 813 593 867 0 954 0 0 287 68 0 0 0 666 403 0 762 0 288 0 487 340 893 0 0 272 361 231 124 911 0 206 196 660 214 156 64 755 0 838 175 749 132 307 273 171 393 0 710 610 0 901 224 0 170 861 562 375 959 877 378 734 573 611 579 77 636 878 94 106 0 679 838 299 0 0 932 295 666 0 0 179 768 701 881 0 55 0 500 838 277 0 0 475 339 114 402 925 101 887 941 532 863 662 833 0 750 491 0 753 859 158 471 371 850 875 0 0 973 0 232 538 784 448 918 334 
75 0 569 0 0 473 0 0 242 0 0 117 0 0 581 849 183 270 0 908 591 477 0 119 872 41 0 0 23 0 770 512 718 887 598 666 0 0 0 921 325 960 810 0 264 647 800 0 70 331 30 560 0 945 0 442 346 0 829 0 494 98 0 762 159 128 296 0 670 178 21 860 62 257 0 961 0 949 0 332 417 47 616 0 794 905 0 204 2 0 281 156 610 480 661 0 237 0 140 0 708 0 0 80 0 619 482 0 0 0 673 962 475 875 0 116 872 988 585 80 970 0 343 796 953 0 872 539 0 33 175 0 128 961 0 0 965 0 417 868 0 0 0 0 0 590 0 173 419 616 616 19 0 972 632 773 0 0 168 767 289 552 41 730 335 0 851 936 789 191 769 482 0 726 0 802 809 603 813 0 0 0 328 9 0 0 973 508 569 232 0 400 0 943 275 754 485 309 329 429 0 452 416 117 784 615 0 545 0 989 531 199 807 0 0 0 178 0 655 0 0 728 392 0 410 0 0 263 587 839 0 81 0 30 274 0 0 0 978 279 530 774 0 138 0 189 0 118 938 319 685 91 0 0 295 350 47 19 0 45 904 223 393 0 476 510 170 651 885 754 122 874 0 0 367 937 0 828 463 835 643 88 878 595 259 492 958 
171 211 451 294 0 233 966 616 890 0 0 544 546 0 733 250 0 383 0 0 992 939 430 454 27 0 0 0 588 0 0 0 583 54 820 444 0 0 0 897 888 483 679 861 928 123 493 0 0 87 466 0 596 915 773 65 780 111 471 936 499 0 800 0 452 0 1 330 388 555 758 427 0 73 113 0 985 119 442 741 0 0 71 839 848 819 527 884 138 875 733 923 120 761 628 895 0 250 0 0 473 24 733 943 115 213 0 54 610 367 458 0 941 495 729 930 0 93 36 510 55 741 321 34 859 960 177 775 542 569 34 737 57 714 0 869 684 840 0 502 666 29 506 884 284 280 0 150 449 0 580 0 454 82 0 574 331 0 280 0 571 646 0 729 0 0 276 207 0 9 0 0 0 0 0 433 262 154 823 95 0 429 843 650 670 190 0 845 313 216 0 863 562 0 423 486 428 0 0 0 0 637 788 0 276 0 58 0 0 348 285 0 861 0 684 0 352 324 527 992 949 0 676 724 893 405 52 133 814 648 189 56 0 329 572 253 380 118 736 0 0 89 0 956 842 0 888 569 741 323 502 693 0 649 0 0 0 711 648 87 363 565 999 234 0 20 620 0 308 0 6 991 714 0 86 0 566 597 784 0 0 347 781 808 958 353 946 
737 0 86 667 0 59 986 997 465 161 0 393 0 33 931 579 40 28 184 381 111 758 273 0 226 5 23 588 0 383 629 167 21 892 302 0 981 977 0 463 190 135 225 191 0 177 744 72 821 731 304 0 284 162 82 560 809 460 0 0 147 813 481 543 221 501 824 500 493 233 413 862 486 86 0 0 816 81 990 200 0 0 891 856 145 796 814 741 86 344 437 416 350 550 0 336 229 752 47 526 632 115 840 8 0 818 556 426 0 0 964 0 0 611 0 0 735 0 0 0 101 130 232 0 0 39 864 0 458 291 648 215 600 533 0 901 459 569 607 583 0 743 33 780 706 225 715 59 784 285 0 629 420 691 0 556 0 898 723 0 689 255 0 979 0 0 160 963 192 438 3 833 956 958 376 848 497 164 758 0 538 783 807 86 66 0 270 644 793 0 273 0 396 941 828 514 14 147 0 605 292 0 107 916 0 994 332 605 118 0 10 248 0 143 0 347 731 63 0 610 615 0 97 502 412 52 157 525 408 909 322 717 689 833 0 84 0 981 780 732 866 49 106 267 568 646 447 993 0 494 536 464 0 19 669 725 0 0 645 0 25 328 701 0 0 752 0 0 0 436 0 222 361 0 659 805 748 591 997 830 0 898 603 148 304 890 0 
274 0 193 413 510 0 433 120 0 0 637 108 155 959 0 452 168 0 649 142 0 208 784 252 0 819 0 0 383 0 702 979 0 362 748 0 856 984 816 250 658 473 657 466 61 420 512 0 809 643 360 725 917 0 3 597 569 602 409 571 354 30 377 506 970 523 416 0 637 0 782 0 201 898 0 644 0 420 379 223 15 674 168 0 0 835 600 0 82 997 417 427 202 548 516 760 0 0 0 0 247 920 0 109 174 386 0 829 767 762 106 0 51 144 775 871 0 704 750 0 898 363 949 816 826 127 384 620 376 146 835 0 415 709 0 276 168 715 845 372 0 0 894 116 706 895 471 469 370 0 0 862 8 724 468 208 130 0 495 128 947 332 649 341 699 521 0 261 588 790 0 156 839 136 22 0 256 687 876 56 300 700 148 552 148 0 794 332 876 829 170 0 50 665 0 762 996 0 0 257 791 609 916 0 0 853 768 197 0 0 308 273 234 757 184 0 0 876 167 0 721 629 510 463 0 253 969 307 95 98 906 206 0 557 156 17 557 0 875 718 355 53 643 0 333 197 35 634 632 161 165 635 0 82 0 102 0 98 540 854 641 365 0 0 0 414 182 317 668 238 723 337 0 0 677 472 927 465 252 0 288 404 0 751 332 592 0 
294 273 545 495 167 141 0 0 118 295 28 721 189 0 600 306 0 936 200 0 476 0 715 677 92 414 770 0 629 702 0 0 936 984 589 0 0 127 0 966 158 75 569 799 212 0 735 773 344 239 539 0 28 0 461 492 760 114 0 114 766 196 485 245 517 695 235 633 349 925 564 0 499 593 874 325 698 527 990 926 327 457 488 581 0 202 285 0 0 0 643 398 449 663 329 0 809 154 301 86 0 0 262 660 132 0 341 603 809 384 418 963 0 126 0 153 316 0 478 0 156 393 492 54 245 796 906 576 491 297 782 754 410 367 730 785 0 0 0 690 13 265 0 0 0 651 0 200 410 0 74 0 785 199 9 772 0 917 0 183 31 989 0 0 979 148 0 107 512 263 312 0 935 993 642 0 783 120 844 926 422 0 537 392 209 713 656 531 780 317 112 0 624 65 985 648 725 948 0 96 0 816 742 62 678 0 0 690 150 293 839 728 13 0 0 362 508 596 69 382 603 901 529 0 656 0 0 0 584 760 808 724 135 719 363 553 322 464 343 741 0 567 532 0 135 399 999 595 0 984 165 973 0 809 0 0 404 813 704 501 0 544 219 319 908 0 0 909 988 0 589 122 0 296 719 90 787 229 0 372 631 0 529 609 458 489 0 
503 0 541 0 698 0 984 920 0 403 299 363 0 722 0 572 0 0 0 0 663 553 655 0 0 79 512 0 167 979 0 0 710 799 194 306 357 962 217 667 0 174 640 998 0 991 383 614 320 714 0 405 223 0 0 883 112 152 0 0 717 131 227 12 875 83 938 636 754 0 494 821 0 641 848 0 666 857 527 0 0 238 201 343 253 791 882 0 0 862 713 443 775 918 0 0 221 0 668 945 0 738 432 955 861 68 586 547 328 864 818 436 983 0 684 703 371 0 532 433 0 627 238 0 747 415 286 953 536 52 753 0 930 0 788 0 284 495 896 299 216 507 0 0 0 784 215 84 576 0 284 851 490 626 471 160 861 745 382 561 273 576 362 228 533 652 0 627 6 119 96 337 0 0 0 648 410 0 811 130 69 0 525 488 267 230 0 0 0 342 691 932 0 396 0 203 172 444 345 474 264 0 882 718 510 987 0 492 122 449 0 829 748 10 163 250 385 0 641 703 0 783 941 175 385 923 472 0 0 0 563 0 649 392 756 719 778 781 527 731 0 663 262 0 510 768 184 0 385 175 0 970 971 269 71 729 0 328 903 246 166 824 0 632 555 717 53 391 0 364 993 530 0 0 351 920 909 0 843 824 0 516 706 615 970 863 153 
328 0 213 700 365 367 416 0 155 0 904 135 0 97 280 768 905 557 411 410 967 619 0 968 501 121 718 583 21 0 936 710 0 184 74 0 334 368 794 601 460 469 0 493 0 446 542 0 0 757 0 0 0 538 840 0 48 135 52 351 0 0 660 715 0 869 0 0 387 75 779 591 837 117 358 671 19 485 637 243 687 788 0 157 875 960 389 429 0 0 570 5 430 0 209 0 117 277 556 695 563 911 587 419 954 566 897 86 851 908 768 127 0 289 232 677 351 872 178 679 997 731 706 715 68 843 116 620 0 260 774 938 0 16 495 351 918 107 670 0 0 231 658 0 875 0 850 120 439 136 283 0 0 259 65 0 316 535 777 56 0 913 681 0 543 327 875 795 826 311 356 899 0 954 876 24 0 425 987 0 988 121 161 392 105 0 0 0 282 0 172 380 200 583 35 264 761 0 0 805 499 780 0 775 0 549 366 648 395 0 793 255 163 0 743 705 0 154 0 550 299 48 448 980 0 789 884 0 0 893 485 361 708 505 164 0 0 926 626 792 642 630 851 210 990 984 784 0 830 469 115 848 0 746 0 719 553 0 948 712 900 17 804 691 475 543 485 278 270 0 707 736 539 444 895 0 652 150 988 30 899 927 0 626 511 892 0 
0 0 0 0 792 461 569 516 560 10 0 274 867 0 0 829 519 0 0 104 406 0 0 829 510 127 887 54 892 362 984 799 184 0 750 438 0 671 632 0 771 535 704 124 434 431 597 834 352 806 201 722 876 383 69 623 0 284 994 669 873 844 0 0 0 494 0 239 411 298 195 0 587 675 689 509 236 0 357 0 684 15 964 0 0 396 703 400 576 847 498 877 0 220 419 0 696 497 202 427 0 0 0 319 94 209 621 814 0 141 503 0 546 724 0 388 95 0 272 0 621 25 628 610 0 0 54 0 341 440 0 980 0 566 723 305 212 795 0 771 401 0 344 442 35 911 251 0 577 85 45 405 24 640 491 871 562 899 164 232 293 616 0 947 595 0 925 413 0 601 182 18 328 134 890 0 0 0 446 555 100 0 937 261 584 0 0 110 569 273 417 568 0 285 461 626 191 0 659 974 620 3 957 256 655 142 862 0 576 0 0 538 524 778 0 80 0 778 0 869 0 0 266 865 0 0 779 619 38 0 729 403 337 0 0 405 737 352 0 0 454 299 904 396 974 444 71 0 833 678 0 904 508 31 151 0 318 482 117 0 152 726 0 39 0 0 0 854 137 213 387 857 467 0 611 948 526 639 384 314 218 75 549 869 0 90 0 
199 451 0 0 553 14 992 931 751 623 409 143 880 603 259 386 26 258 183 234 627 272 895 14 881 0 598 820 302 748 589 194 74 750 0 844 651 476 0 874 814 945 329 777 0 50 341 587 0 545 0 579 583 190 634 479 0 687 690 604 698 945 820 816 0 594 426 599 142 739 881 0 0 0 539 0 0 0 317 0 398 990 0 6 788 457 0 685 643 20 625 178 0 405 768 0 0 635 60 0 655 87 726 48 406 776 0 0 0 0 376 666 202 333 854 34 497 0 170 134 226 0 117 0 122 275 910 781 428 972 0 0 237 405 617 778 850 123 288 745 246 105 227 127 388 0 319 83 757 948 0 730 0 53 492 829 129 0 367 517 645 203 162 139 801 550 138 0 748 162 0 752 967 433 404 220 0 726 573 673 36 0 989 0 679 79 774 891 178 866 577 944 531 360 307 0 294 15 0 991 291 253 887 961 780 523 720 632 0 673 708 67 0 825 896 915 73 530 0 0 926 710 572 307 557 105 0 0 0 0 84 969 0 200 0 566 965 709 0 563 79 300 851 573 244 443 343 0 15 0 781 664 0 0 0 78 474 202 596 852 35 289 0 709 92 143 234 799 560 876 661 878 101 0 854 689 0 193 337 940 698 651 0 0 443 365 599 
0 829 23 0 892 700 920 180 786 403 960 400 0 123 888 24 433 775 260 525 392 0 806 53 920 356 666 444 0 0 0 306 0 438 844 0 0 838 281 502 0 89 183 677 384 499 200 632 886 688 97 281 0 494 915 356 866 642 25 0 105 501 109 694 0 0 63 179 702 23 110 496 234 18 444 0 512 0 823 824 935 0 0 0 580 609 851 0 759 0 0 786 217 0 0 838 463 7 889 762 448 973 143 0 865 180 601 854 781 566 0 117 0 823 685 0 165 452 0 0 703 98 0 981 621 74 774 610 204 147 205 0 401 934 0 0 695 221 963 85 838 0 465 725 0 89 0 455 621 0 826 0 0 0 0 611 718 413 717 459 0 711 0 858 41 888 501 0 263 0 441 434 564 172 0 363 540 142 842 0 439 676 65 964 0 32 713 223 183 381 0 759 238 0 988 110 221 813 842 545 406 770 0 922 197 886 330 116 578 645 0 141 752 303 35 144 419 0 601 0 0 852 0 0 428 833 153 0 631 951 979 736 49 0 935 640 0 357 202 0 0 852 327 327 0 919 675 188 909 318 15 0 0 394 169 0 610 277 180 659 0 492 0 70 0 702 742 17 83 98 19 955 0 593 445 0 51 261 633 0 165 768 0 314 105 361 607 
0 900 698 834 61 701 0 0 764 0 0 303 29 548 428 712 941 699 991 663 0 700 817 994 185 891 0 0 981 856 0 357 334 0 651 0 0 798 795 482 124 871 776 0 0 556 751 566 363 878 806 300 0 963 438 702 636 954 561 151 838 1 0 708 318 330 108 0 140 650 695 21 20 0 668 410 625 782 37 667 237 932 905 190 386 486 955 560 104 0 0 564 0 0 701 0 976 780 0 0 0 731 836 930 6 0 165 916 570 0 880 964 0 0 0 0 543 578 471 0 429 991 874 0 169 747 0 406 0 939 80 0 731 0 833 838 928 0 0 881 502 237 587 872 492 751 499 811 512 610 184 954 0 935 294 0 162 0 642 0 262 880 518 0 750 706 811 210 456 894 0 0 0 605 390 34 220 0 92 919 0 206 897 295 0 371 0 845 0 0 975 791 596 390 637 279 119 998 0 589 581 448 978 0 878 438 383 324 622 835 896 0 481 0 435 0 0 993 618 0 285 916 0 127 0 419 777 61 150 0 235 352 0 154 35 229 723 239 681 742 0 0 0 962 482 0 378 0 469 720 646 775 0 670 461 0 25 232 274 0 199 0 4 0 0 574 579 449 723 693 0 0 642 0 0 365 22 594 267 292 619 0 292 428 422 634 74 
0 621 0 429 632 977 214 607 139 979 0 0 0 453 848 662 157 490 0 487 529 301 584 242 241 168 0 0 977 984 127 962 368 671 476 838 798 0 501 179 471 507 86 170 0 0 961 0 329 882 82 22 0 84 128 200 618 654 843 657 0 505 603 365 231 112 507 468 0 46 839 68 118 492 248 716 0 0 104 296 247 479 640 142 342 767 888 0 769 189 0 462 266 630 418 861 842 616 281 434 204 0 0 226 0 0 467 609 784 232 849 0 0 817 486 406 137 322 44 315 523 610 4 26 626 0 580 0 672 0 41 35 579 888 0 299 447 139 996 939 882 70 0 530 908 0 788 98 777 324 906 553 203 1 967 0 0 574 907 0 303 369 847 718 828 131 350 730 0 296 836 491 0 558 509 17 895 160 0 0 277 690 940 0 0 859 12 0 452 771 522 322 0 847 559 537 0 426 147 454 546 989 802 229 164 0 0 507 0 393 0 0 833 0 0 172 632 198 863 0 47 921 0 76 0 0 0 0 652 695 759 828 710 0 0 0 28 315 0 0 115 314 308 771 443 871 403 526 0 380 0 219 503 371 677 760 947 322 188 0 494 0 680 129 210 0 688 78 784 293 593 95 603 509 949 716 370 0 718 0 93 901 774 0 0 0 84 
100 574 272 371 19 882 977 176 796 0 0 309 0 360 725 333 206 66 0 683 0 804 213 0 675 0 0 0 0 816 0 217 794 632 0 281 795 501 0 844 167 482 577 0 471 0 766 295 260 0 40 172 327 795 304 927 0 912 0 239 159 492 501 0 865 668 841 0 58 0 34 0 0 761 378 156 879 756 0 365 0 685 0 911 843 0 253 265 498 890 173 54 309 261 0 0 531 315 439 318 873 286 14 581 762 0 0 0 170 704 645 408 0 999 795 271 419 641 765 724 995 37 996 0 0 47 229 947 196 13 374 352 0 33 189 955 96 247 552 846 924 249 509 511 469 0 987 0 775 250 0 790 73 17 136 0 0 335 480 0 481 636 762 702 0 759 483 999 524 925 649 0 604 634 118 0 276 983 681 0 971 0 169 229 0 841 893 378 422 958 627 5 0 0 161 292 317 0 207 0 274 331 0 405 0 0 0 863 283 0 968 974 0 24 0 142 430 403 0 0 190 592 75 0 720 370 0 669 823 84 0 633 511 601 819 504 820 532 9 885 0 389 0 777 9 920 0 549 0 127 0 969 0 3 237 497 870 336 530 0 467 306 0 0 81 473 0 846 0 96 230 7 229 652 673 0 114 918 561 980 379 35 930 782 652 982 149 
751 0 50 358 707 0 66 541 645 615 786 704 0 0 394 0 61 0 0 830 674 0 635 364 535 744 921 897 463 250 966 667 601 0 874 502 482 179 844 0 635 200 45 768 0 0 977 536 229 979 417 562 485 702 936 206 4 253 254 87 877 0 0 0 0 0 338 49 722 0 0 991 497 751 290 455 17 0 293 684 829 177 0 395 603 10 936 499 501 14 498 410 623 126 393 240 502 382 561 944 30 707 325 784 904 0 160 994 0 0 634 571 397 956 201 600 0 514 639 521 861 359 215 630 193 554 0 16 713 0 709 463 0 694 282 893 0 189 940 0 14 377 769 218 0 571 181 774 131 412 248 0 730 868 0 198 582 264 539 497 186 706 654 28 236 302 523 998 0 199 432 255 0 0 0 329 0 199 782 131 884 612 867 0 215 610 368 920 0 0 76 404 58 0 0 610 772 0 448 0 0 495 649 848 543 451 413 1 469 0 530 655 0 0 263 87 277 748 180 26 0 442 169 0 0 0 82 389 192 968 0 211 0 0 11 631 95 0 0 92 705 0 189 759 504 416 323 890 321 324 593 925 462 0 0 646 810 763 112 530 567 0 282 813 842 0 566 74 286 466 392 485 338 696 65 909 0 380 709 48 919 0 0 409 667 665 0 
