0 0 47 350 86 425 0 976 421 0 290 0 622 741 0 128 146 695 0 0 504 34 74 719 601 845 856 841 0 201 0 0 0 0 502 810 992 97 569 0 605 502 42 0 131 0 216 0 0 278 0 659 285 442 890 239 546 129 510 0 0 747 792 389 24 0 707 711 159 0 137 495 570 243 792 0 0 0 324 168 460 0 802 38 518 495 0 233 331 0 0 249 218 625 0 0 507 88 700 525 525 81 893 527 0 0 0 806 207 0 612 742 470 686 941 678 261 651 131 687 117 0 310 494 780 395 476 0 54 534 0 0 0 723 111 0 739 0 0 378 801 908 917 923 925 0 589 548 35 0 942 0 675 935 122 803 282 0 737 0 0 392 85 0 719 477 274 671 730 0 486 124 0 837 368 550 0 0 0 549 121 154 446 333 0 0 0 0 454 750 958 692 0 705 759 904 653 662 0 0 99 198 4 803 992 403 737 963 901 0 38 559 954 0 965 996 0 553 708 0 973 421 846 157 70 289 662 418 400 607 0 0 64 300 56 0 812 911 
0 0 641 0 960 678 294 605 0 0 374 659 865 496 589 491 0 143 285 365 0 767 279 637 812 325 0 699 0 188 741 718 980 650 0 28 567 0 20 520 821 842 889 0 97 292 0 529 255 567 228 884 992 500 927 150 996 231 197 62 845 562 0 68 0 241 121 530 295 400 196 835 0 0 488 943 826 0 707 0 654 610 107 0 986 0 183 837 970 0 948 564 590 55 0 0 130 815 0 0 452 455 0 368 536 953 301 340 210 211 0 248 904 38 299 0 0 0 35 0 815 91 660 0 620 719 0 0 0 923 0 888 0 0 0 143 666 5 0 0 0 54 0 186 836 992 0 686 969 483 90 708 413 131 395 938 756 0 0 997 219 0 0 921 876 115 0 0 941 955 717 400 0 149 0 0 466 495 0 863 951 0 742 670 964 129 225 211 219 0 0 437 587 108 228 748 0 0 410 12 347 509 0 0 489 794 0 39 537 989 887 326 29 917 278 0 270 196 466 867 0 629 46 56 0 306 186 617 987 910 545 317 85 759 0 0 142 910 
47 641 0 625 481 882 0 215 563 0 469 79 342 0 0 2 638 0 307 917 507 0 0 0 617 0 181 53 0 205 72 115 84 456 984 425 2 0 256 62 548 234 19 0 0 665 0 330 754 648 273 534 394 0 214 776 0 0 0 998 0 0 515 115 815 0 10 50 0 0 23 802 434 634 748 640 15 775 746 258 0 942 879 930 0 544 914 0 799 868 557 705 224 756 549 867 50 348 62 283 0 771 0 0 0 729 830 598 624 0 430 802 228 972 17 0 983 273 0 0 128 600 371 0 68 841 765 845 141 760 625 478 0 888 848 835 116 966 582 677 432 0 587 566 773 502 184 64 586 0 0 0 418 0 241 954 0 0 762 769 486 402 0 166 828 108 810 0 124 0 0 735 0 788 344 157 490 703 645 497 426 0 405 834 23 747 97 0 257 985 0 872 206 821 17 208 924 76 845 682 876 581 0 247 0 0 564 477 780 760 738 141 0 291 0 0 584 618 501 226 0 86 833 59 923 0 245 68 383 653 336 183 630 54 0 907 0 972 
350 0 625 0 921 806 457 0 0 0 114 0 753 976 0 973 603 3 0 139 991 367 916 616 230 974 0 0 0 816 478 665 767 189 82 0 0 830 543 279 96 106 408 262 11 0 701 86 66 0 479 604 389 785 359 710 0 702 849 318 770 748 563 938 188 613 0 0 653 904 591 784 137 0 387 0 0 707 0 376 788 864 0 836 171 0 59 782 160 0 40 835 361 618 727 409 648 229 625 233 618 641 0 537 383 72 197 0 565 0 459 668 964 0 543 337 0 600 163 0 997 0 544 205 952 338 138 409 0 216 477 404 725 0 526 445 784 740 844 0 479 144 437 285 789 347 0 0 203 272 586 277 382 782 0 0 969 187 481 147 74 938 894 0 0 592 683 0 680 871 905 27 307 172 84 0 442 0 888 952 772 175 814 466 724 28 941 265 853 0 247 0 798 0 935 699 0 73 145 0 0 982 542 280 437 11 247 386 0 734 374 779 596 819 0 0 0 798 0 169 476 187 0 73 49 149 541 73 831 749 0 816 0 890 103 0 779 796 
86 960 481 921 0 198 282 695 750 608 321 632 0 0 491 598 330 989 72 686 0 472 231 770 441 0 566 251 24 620 406 484 806 253 0 0 111 470 171 289 17 658 0 0 225 748 416 116 7 567 324 0 0 353 901 294 519 423 434 989 464 116 705 95 605 9 956 0 718 26 0 868 157 752 0 0 546 55 585 0 0 74 708 389 930 879 0 632 59 0 958 236 840 305 773 21 413 854 620 748 527 424 864 0 227 335 506 362 879 236 909 559 395 314 22 780 576 939 454 0 58 793 140 850 584 0 823 728 0 0 30 853 74 473 0 458 753 531 922 188 0 620 220 221 30 0 139 668 91 828 122 632 0 96 624 738 0 0 750 750 523 0 113 745 0 0 426 908 896 0 127 472 0 428 0 357 180 0 260 769 62 112 417 538 0 0 0 0 155 491 0 292 995 851 977 337 0 431 83 191 336 0 146 961 736 595 409 651 0 671 0 294 962 158 356 0 887 0 256 195 42 401 375 0 783 569 818 915 925 0 0 871 273 0 103 439 468 870 
425 678 882 806 198 0 0 818 0 0 0 746 0 90 939 0 806 71 0 226 854 15 286 562 932 653 200 0 119 397 228 345 0 279 343 926 508 0 570 298 0 180 832 882 9 41 143 653 0 657 73 687 96 197 298 0 590 107 78 955 80 860 629 234 465 851 708 720 332 623 957 35 826 800 0 499 29 0 458 869 107 874 146 604 920 219 265 678 781 0 498 906 730 235 688 694 343 117 591 0 240 961 824 602 582 562 777 0 983 492 373 604 892 510 233 246 665 439 0 5 0 473 93 0 9 974 0 62 534 390 858 291 952 241 912 619 420 220 0 0 0 207 230 261 0 0 0 715 346 548 846 964 759 395 500 453 701 800 0 569 0 682 0 421 774 0 0 0 795 0 398 0 725 924 0 740 345 129 0 644 315 0 0 428 0 936 0 286 0 507 0 879 0 0 0 738 293 769 200 118 0 725 18 640 0 437 742 904 156 939 0 0 733 125 982 179 73 0 10 855 465 958 917 782 960 568 486 0 695 758 0 885 122 989 921 95 0 0 
0 294 0 457 282 0 0 703 414 992 0 655 0 220 389 763 546 119 0 0 0 855 929 165 82 159 0 272 901 399 123 0 601 0 342 26 398 393 615 0 849 0 687 43 258 915 0 583 992 156 355 611 39 316 501 9 133 0 0 660 896 849 294 572 793 210 383 0 0 932 0 760 0 901 512 0 0 0 379 0 221 0 711 989 27 0 0 0 980 860 792 904 0 88 518 984 544 872 643 5 105 467 502 231 0 280 144 251 405 559 681 53 0 0 954 259 519 580 4 611 873 150 124 716 0 222 313 274 543 353 552 715 1 863 194 0 0 0 712 152 236 781 182 0 14 447 910 0 188 1 953 0 967 0 560 735 995 416 982 940 926 474 354 887 0 568 203 520 232 527 0 910 915 0 669 507 738 240 969 586 707 747 417 0 74 0 0 167 0 765 644 432 559 0 0 167 983 994 0 625 475 542 0 819 0 885 0 670 0 0 201 319 707 951 592 562 944 539 745 801 560 129 448 172 509 201 248 318 741 437 0 0 0 0 521 665 972 43 
976 605 215 0 695 818 703 0 75 289 657 731 226 956 532 626 815 514 625 543 0 0 450 130 606 0 0 784 886 292 147 99 0 735 0 912 64 530 701 747 474 273 604 0 0 713 998 631 0 0 322 20 0 0 16 191 330 0 292 903 802 340 160 113 747 619 0 832 195 0 428 690 0 0 260 311 69 900 620 782 0 119 448 0 628 0 744 0 342 997 891 625 311 130 0 0 203 822 0 202 995 0 768 0 0 808 902 0 0 0 542 589 429 502 0 660 600 164 792 0 892 0 143 0 995 273 179 919 620 790 944 0 515 376 347 819 781 683 698 550 33 60 582 729 946 0 631 86 0 0 499 212 863 643 859 24 0 401 260 14 498 356 0 596 285 11 100 975 0 937 0 412 0 739 5 431 634 886 339 0 696 773 960 382 491 892 814 0 166 800 333 146 15 730 0 310 187 775 0 41 667 438 0 202 0 965 813 555 588 326 541 31 859 0 846 60 0 245 68 212 346 545 588 176 0 309 492 540 0 469 0 229 642 108 0 616 793 914 
421 0 563 0 750 0 414 75 0 747 272 615 922 346 685 0 162 879 957 745 473 278 522 0 425 452 599 244 419 54 128 0 715 0 843 0 89 531 836 610 808 0 67 280 671 385 582 0 631 82 713 558 471 0 0 0 691 222 310 221 331 700 0 771 867 0 276 975 777 625 246 0 764 522 715 891 348 0 890 281 922 360 45 878 240 54 893 271 797 875 388 646 356 137 6 874 41 67 1 641 0 191 945 777 454 749 760 724 630 213 883 58 800 687 0 0 887 81 747 686 0 0 943 361 326 49 18 335 142 147 962 770 930 0 490 360 554 0 436 308 40 0 299 994 742 0 0 656 864 930 743 741 155 174 612 960 933 0 0 791 822 639 0 0 820 57 306 913 0 0 488 448 200 0 142 308 363 616 530 0 294 982 947 0 431 77 629 0 765 0 600 616 222 892 875 370 0 97 745 449 253 843 855 914 25 425 639 0 0 635 0 368 104 682 0 954 43 128 216 84 711 706 128 0 414 10 583 306 882 337 0 456 0 646 870 512 913 0 
0 0 0 0 608 0 992 289 747 0 0 584 315 497 145 0 442 196 534 85 87 56 0 363 0 0 806 536 0 979 830 610 724 0 0 670 694 281 237 931 803 999 429 0 168 8 0 212 782 0 538 170 0 19 628 519 0 899 542 42 273 30 375 64 921 227 287 72 861 67 153 307 547 227 832 139 0 748 0 669 799 283 900 536 0 150 571 0 253 0 0 870 468 400 125 860 604 529 839 74 545 913 380 610 767 0 337 0 425 301 0 0 0 823 0 898 950 99 0 0 397 508 725 600 506 424 606 0 0 562 452 447 847 677 816 0 308 827 114 121 820 0 932 872 316 944 523 765 99 827 610 0 98 353 244 202 0 794 398 0 330 0 0 0 241 987 164 601 0 335 68 934 271 709 272 444 0 481 53 288 326 673 372 524 709 0 214 281 751 0 31 941 130 504 873 585 0 184 468 0 588 0 0 0 431 0 339 428 299 0 789 77 474 0 293 905 630 542 358 0 480 0 570 0 641 584 542 817 293 517 0 447 892 459 853 211 333 274 
290 374 469 114 321 0 0 657 272 0 0 101 0 468 0 796 316 402 533 297 0 0 994 0 0 673 0 56 748 709 353 0 493 995 750 720 656 395 901 0 442 258 314 481 850 978 863 0 693 195 686 98 508 117 691 383 0 939 905 507 931 670 0 300 0 991 0 877 0 677 868 425 97 231 0 426 0 662 874 296 0 12 0 0 0 0 191 0 884 0 634 0 0 593 916 581 48 76 555 576 246 572 307 642 640 168 256 73 205 908 488 720 0 10 833 787 133 246 40 0 263 907 971 0 167 521 0 943 0 0 0 750 0 338 366 268 0 0 0 0 240 231 803 129 239 437 186 0 0 0 134 403 997 217 801 82 614 0 595 65 253 959 286 560 940 929 372 201 454 679 897 491 152 895 0 381 49 0 91 440 997 0 876 485 969 591 417 77 0 547 183 511 395 202 825 517 873 841 183 775 619 0 678 0 336 0 54 659 122 926 0 15 538 178 221 911 319 0 878 657 0 920 0 764 0 640 0 0 0 274 368 120 0 547 392 656 534 27 
0 659 79 0 632 746 655 731 615 584 101 0 420 601 0 0 958 571 0 15 833 888 117 371 113 82 419 192 11 715 720 0 0 701 987 518 485 595 742 646 499 718 0 994 0 236 637 237 310 68 851 0 498 0 988 0 322 0 0 460 0 196 748 833 7 0 0 748 517 951 0 287 806 358 894 180 871 0 607 359 522 717 0 883 95 921 395 819 998 998 921 0 510 802 816 362 0 745 467 0 47 878 133 447 571 0 244 156 191 0 665 88 0 89 0 945 792 726 0 260 81 624 0 637 0 0 834 0 671 952 674 861 653 393 103 0 160 0 0 0 654 0 838 0 510 450 880 704 0 592 0 361 0 274 0 580 0 0 664 575 0 663 445 846 0 358 502 376 8 461 0 86 162 486 730 634 136 0 535 0 463 97 10 758 690 335 660 931 325 0 479 0 909 0 0 861 413 158 545 344 0 216 0 222 702 0 365 0 0 0 941 896 0 149 460 271 0 0 0 883 0 615 0 644 973 0 450 404 0 442 852 0 528 855 337 993 0 0 
622 865 342 753 0 0 0 226 922 315 0 420 0 953 67 0 336 0 593 924 453 132 897 241 0 211 0 0 979 849 837 0 526 799 802 78 281 704 0 319 998 686 239 562 902 251 663 728 473 267 103 315 275 0 246 0 25 105 669 786 813 0 114 360 618 858 417 0 467 624 619 169 348 164 607 0 412 0 0 310 661 0 327 0 135 93 0 856 0 678 0 429 0 975 767 397 667 769 0 0 484 55 211 0 869 625 301 941 488 769 198 497 658 763 115 498 393 630 14 0 956 679 36 814 237 0 0 388 104 762 0 721 36 958 32 0 0 919 827 0 0 984 943 600 431 136 0 165 0 231 159 953 745 0 171 0 412 992 983 50 736 28 100 0 0 0 0 621 0 274 537 495 0 0 973 570 0 464 835 538 930 598 904 0 261 0 0 0 0 0 130 389 462 0 777 554 407 642 849 70 897 0 0 706 652 12 0 653 128 78 34 0 0 772 719 724 0 327 0 258 612 638 233 335 737 843 852 851 0 0 0 662 0 0 514 0 324 51 
741 496 0 976 0 90 220 956 346 497 468 601 953 0 632 0 962 739 0 130 957 763 72 971 0 12 264 300 0 801 0 147 938 0 0 306 21 575 0 0 990 0 344 468 248 176 561 833 988 948 0 686 399 341 35 588 0 665 0 335 827 0 841 0 672 795 233 392 0 527 187 0 728 421 176 888 107 115 628 995 0 143 667 45 825 662 0 0 782 63 140 488 353 0 644 676 861 496 442 602 393 603 949 156 691 0 654 0 0 826 399 336 0 498 660 942 518 208 659 610 399 337 341 199 52 224 217 645 244 173 171 952 432 878 302 578 0 405 157 891 758 722 495 0 279 0 0 873 567 0 360 799 0 0 275 833 0 434 324 39 480 165 723 232 314 303 714 438 0 578 999 999 708 530 533 0 0 840 0 0 297 521 785 0 485 17 0 365 331 0 689 361 0 577 0 729 949 0 714 0 356 849 0 482 625 811 986 447 393 225 476 0 0 21 744 479 0 676 0 197 51 0 740 0 0 0 0 596 623 416 316 964 0 745 0 519 0 684 
0 589 0 0 491 939 389 532 685 145 0 0 67 632 0 106 702 639 204 83 0 0 0 977 0 668 642 0 0 768 525 480 0 510 408 478 0 942 154 0 85 0 325 844 6 854 0 15 718 108 173 797 0 0 900 65 0 879 686 986 439 161 759 612 105 815 756 862 217 260 338 703 0 0 684 727 0 662 824 823 0 432 0 0 0 566 93 0 0 599 0 636 0 376 659 684 144 265 535 0 873 0 0 195 58 726 382 249 367 0 341 969 91 475 769 967 828 907 657 419 549 76 268 0 0 0 0 0 155 691 760 618 681 488 526 729 624 687 505 146 0 772 6 969 857 202 103 934 0 723 694 377 784 672 143 927 646 200 421 877 896 280 811 337 885 0 0 424 470 497 806 11 400 543 305 663 360 249 355 0 0 451 409 829 199 0 197 816 813 0 0 857 0 804 601 94 690 293 0 326 907 0 376 0 615 940 402 668 425 0 81 214 0 0 630 0 521 668 638 443 658 165 381 381 698 151 188 503 0 580 96 617 408 0 0 542 0 419 
128 491 2 973 598 0 763 626 0 0 796 0 0 0 106 0 90 831 96 181 998 613 543 0 0 662 0 651 633 330 0 401 616 126 237 383 0 0 428 579 533 860 296 619 156 0 0 262 0 0 0 0 160 36 210 725 999 25 721 784 525 507 416 702 81 0 174 509 71 829 346 0 0 200 0 112 847 990 767 463 0 0 543 0 0 0 682 107 158 315 0 0 965 577 257 102 887 640 985 860 159 128 0 131 70 0 0 0 534 873 189 878 792 250 517 628 78 965 0 0 814 18 242 416 155 359 0 0 0 448 751 644 437 703 157 855 0 936 267 814 0 0 0 0 982 0 0 714 0 0 49 983 668 351 348 988 605 747 878 24 0 142 0 0 423 297 0 411 785 279 0 0 165 0 0 925 23 409 534 373 187 262 456 360 342 428 633 764 351 0 818 0 0 391 111 452 233 576 0 0 516 627 306 850 22 0 989 419 869 513 357 129 0 0 115 55 874 621 170 664 539 276 456 0 0 127 617 0 401 916 381 986 583 372 0 547 335 0 
146 0 638 603 330 806 546 815 162 442 316 958 336 962 702 90 0 447 981 0 971 151 611 361 861 628 842 0 531 553 0 633 760 0 22 784 986 0 288 324 165 438 0 475 59 578 124 845 654 371 389 794 777 827 990 192 994 915 0 388 674 504 531 0 119 0 221 0 753 297 268 183 0 0 915 833 0 545 720 638 120 0 0 825 231 985 707 857 0 139 40 598 514 0 890 0 344 447 331 16 0 387 430 716 0 995 547 455 194 800 998 937 617 313 707 59 923 314 137 0 529 734 682 381 0 578 416 291 542 39 241 947 292 442 0 430 825 584 780 540 545 0 0 8 653 991 399 0 766 948 875 46 916 0 0 0 677 891 518 256 106 556 544 983 555 695 389 0 586 0 0 245 619 744 76 464 0 893 527 975 848 518 0 0 0 613 0 0 0 0 725 0 967 466 0 0 0 471 210 239 482 851 0 231 645 458 166 845 76 417 89 184 179 0 178 696 160 255 0 910 262 211 358 0 177 137 0 359 237 468 0 365 112 794 0 494 928 889 
695 143 0 3 989 71 119 514 879 196 402 571 0 739 639 831 447 0 81 687 200 111 619 0 873 0 0 415 425 998 0 885 6 683 825 136 515 108 0 188 566 298 13 0 0 0 0 626 0 0 713 525 841 695 92 0 0 836 837 0 406 203 717 28 62 0 747 712 829 428 0 0 123 0 464 236 36 0 0 0 0 495 277 447 220 0 53 170 640 0 674 324 0 0 422 0 596 30 0 935 662 0 176 725 853 0 0 381 0 680 737 0 811 343 0 313 809 297 0 470 57 0 0 83 876 124 224 359 324 606 0 104 537 650 0 115 944 735 147 935 0 711 736 6 979 435 345 0 37 853 970 90 0 0 164 856 946 0 0 62 32 956 461 0 0 938 580 667 0 304 979 226 81 229 747 50 0 0 984 709 0 91 411 218 943 201 36 0 327 0 865 239 486 701 815 971 774 468 0 0 0 0 627 70 75 202 0 607 123 907 144 138 349 73 767 108 394 501 93 0 0 595 543 582 283 534 184 652 274 185 20 0 623 446 241 0 794 654 
0 285 307 0 72 0 0 625 957 534 533 0 593 0 204 96 981 81 0 449 0 0 0 151 182 0 303 106 0 380 0 0 990 0 767 317 874 101 858 0 0 968 0 0 811 0 0 206 272 68 0 576 296 472 342 472 433 958 142 259 807 95 515 73 392 898 117 762 55 6 575 475 404 518 165 662 599 520 705 0 794 78 96 33 106 162 559 312 46 817 132 70 0 0 517 0 0 979 923 957 95 0 0 906 0 475 918 0 244 27 535 127 763 891 794 649 0 0 34 153 0 323 927 0 0 0 88 516 0 856 950 927 523 597 0 547 0 678 573 0 162 829 0 579 646 691 707 0 0 0 377 631 463 46 240 437 479 194 804 961 0 348 393 166 0 0 0 211 208 491 741 0 59 0 0 0 458 581 199 0 0 537 645 822 751 0 0 266 353 524 0 826 875 517 751 940 303 376 366 724 819 0 293 506 0 452 7 708 325 923 643 547 582 428 423 359 0 388 436 0 0 817 653 84 226 307 570 43 0 521 239 0 381 0 0 0 800 919 
0 365 917 139 686 226 0 543 745 85 297 15 924 130 83 181 0 687 449 0 653 0 0 329 0 0 842 226 585 0 532 678 10 908 91 915 320 594 210 0 0 0 711 794 158 441 269 43 371 13 521 113 972 497 296 171 0 190 454 210 0 107 778 508 0 338 254 78 0 44 235 530 641 298 536 0 651 0 793 634 754 284 299 351 978 776 132 122 694 0 316 0 534 500 82 807 0 0 167 0 198 480 350 0 605 0 845 971 533 66 270 0 0 495 740 83 926 0 953 446 0 322 0 205 0 285 191 448 0 766 823 809 332 284 680 930 542 661 413 371 588 595 943 0 0 470 231 0 14 455 642 0 200 764 0 0 617 829 0 59 83 646 730 560 152 400 0 64 798 696 656 241 184 249 172 600 454 61 0 335 914 520 3 864 134 961 0 15 643 969 0 117 0 272 389 912 157 50 326 0 200 837 869 0 286 944 0 640 710 0 925 81 637 0 130 92 0 402 85 143 90 437 819 0 772 433 279 183 720 622 864 149 0 24 0 58 0 111 
504 0 507 991 0 854 0 0 473 87 0 833 453 957 0 998 971 200 0 653 0 0 292 254 615 235 673 682 109 267 440 0 0 549 387 816 257 552 0 449 299 0 0 228 949 340 0 0 615 426 135 512 566 0 15 239 699 886 687 0 253 517 298 0 0 256 129 0 422 100 258 49 0 608 438 0 601 968 0 525 528 0 947 674 553 0 775 0 672 516 0 966 302 817 529 437 320 708 0 454 146 507 0 597 0 0 0 0 0 539 967 0 307 970 586 301 0 533 483 0 781 199 0 535 0 90 756 0 660 616 0 134 169 0 38 0 727 617 27 70 695 251 679 801 886 190 331 32 300 908 0 0 0 472 0 484 177 872 592 0 0 582 148 643 915 780 0 481 849 10 0 0 578 377 578 607 353 182 439 158 0 0 912 0 0 0 795 58 983 821 93 377 537 447 884 0 861 339 0 0 127 889 683 0 119 386 533 855 0 549 526 943 569 847 921 607 418 523 675 0 392 238 0 938 0 495 28 936 657 153 84 889 956 911 0 0 739 655 
34 767 0 367 472 15 855 0 278 56 0 888 132 763 0 613 151 111 0 0 0 0 839 496 904 0 386 0 343 927 0 30 0 124 0 5 834 648 310 908 28 0 359 0 546 470 579 12 950 70 454 297 774 814 0 987 538 68 120 110 0 764 0 311 573 607 966 614 780 150 0 661 213 234 0 108 425 0 527 364 255 271 616 24 0 561 552 0 150 50 321 891 756 25 910 641 413 244 0 69 347 0 734 860 495 0 688 14 591 676 153 795 975 775 340 360 0 927 724 0 0 174 440 54 518 663 450 778 0 916 794 0 971 130 108 353 761 0 0 791 481 603 466 0 690 824 787 43 419 1 803 786 752 220 719 231 656 668 183 0 93 933 69 767 0 0 0 587 887 163 816 576 944 531 654 463 0 0 0 288 878 726 806 0 392 0 0 0 878 746 0 189 0 541 701 202 259 0 0 46 0 368 56 430 0 0 908 903 34 560 454 513 667 517 251 620 871 740 369 302 131 587 302 619 533 0 992 0 669 852 759 823 98 439 0 290 913 790 
74 279 0 916 231 286 929 450 522 0 994 117 897 72 0 543 611 619 0 0 292 839 0 237 376 353 460 0 619 272 0 959 528 18 910 0 0 442 676 399 213 152 289 619 539 0 864 0 128 444 0 464 214 0 392 856 472 834 0 723 0 385 58 429 492 733 716 199 595 419 917 0 692 678 0 588 594 82 0 973 0 502 871 394 0 608 0 0 757 263 40 858 413 860 0 151 6 0 831 967 0 442 980 434 678 67 667 0 308 247 971 0 43 0 9 321 501 578 692 0 953 596 871 0 426 0 705 0 0 895 0 547 599 0 0 514 0 61 43 960 522 0 0 182 0 0 911 0 0 0 254 112 106 0 0 0 0 0 950 275 223 87 548 0 0 304 158 837 245 977 0 0 683 47 393 0 0 0 0 0 398 190 701 756 0 421 536 0 376 577 106 0 474 0 619 0 630 499 992 357 25 962 939 224 355 646 168 0 441 534 0 971 0 993 340 0 319 15 172 976 0 0 0 815 0 806 72 202 488 119 0 61 718 496 20 77 0 648 
719 637 0 616 770 562 165 130 0 363 0 371 241 971 977 0 361 0 151 329 254 496 237 0 0 0 214 740 301 993 729 327 72 48 0 626 0 395 93 76 0 968 0 737 0 618 902 0 316 374 113 407 771 61 442 597 0 24 752 787 373 0 41 0 907 972 183 0 435 0 37 0 0 272 447 583 642 0 563 678 770 0 0 457 146 432 0 88 151 247 0 187 999 600 741 21 305 123 40 0 0 0 696 0 595 526 634 0 0 138 239 919 0 0 988 668 107 174 837 0 0 530 418 886 881 493 125 0 996 773 676 502 210 813 71 85 5 0 438 855 375 0 98 114 0 107 0 406 154 317 685 711 811 675 873 592 215 410 457 0 343 549 0 550 579 689 592 0 0 0 0 840 810 439 798 0 497 0 25 0 315 704 206 284 396 951 326 303 25 201 0 0 614 599 0 0 530 57 346 234 889 961 842 0 104 411 241 796 42 500 0 0 0 530 0 673 418 665 735 0 903 544 807 0 742 261 774 612 426 864 1 705 776 997 984 0 178 0 
601 812 617 230 441 932 82 606 425 0 0 113 0 0 0 0 861 873 182 0 615 904 376 0 0 720 0 869 462 0 279 0 102 692 0 0 0 0 913 0 751 478 165 846 210 901 369 390 0 455 353 0 412 0 0 0 197 986 641 604 112 0 800 281 0 974 970 643 465 124 0 0 835 916 222 685 121 655 61 32 303 129 688 452 747 961 953 0 448 61 0 696 409 0 0 0 917 0 840 776 0 306 985 32 77 110 0 349 213 215 460 0 19 0 0 303 777 0 0 824 0 691 0 0 0 690 495 0 748 702 974 36 768 90 0 578 674 539 230 864 255 241 803 766 685 58 0 251 0 847 319 328 0 169 785 866 834 505 618 518 31 970 982 515 101 0 195 488 586 0 976 0 0 613 157 0 493 46 117 0 679 962 916 542 651 987 432 372 194 702 220 0 291 253 841 111 958 543 734 787 673 8 0 0 0 123 213 517 0 797 783 0 0 57 205 310 852 502 11 30 0 102 807 0 504 0 814 401 34 748 0 430 758 0 567 960 0 506 
845 325 0 974 0 653 159 0 452 0 673 82 211 12 668 662 628 0 0 0 235 0 353 0 720 0 0 0 698 610 855 536 0 813 0 591 0 425 0 0 824 411 111 652 533 531 747 144 0 27 862 0 0 0 651 792 149 0 54 304 286 638 456 856 790 1 926 352 0 862 452 0 217 637 104 484 167 925 0 0 287 645 836 310 22 0 477 303 916 0 463 82 619 455 802 239 457 98 599 224 50 797 100 0 823 0 30 0 627 346 0 698 21 508 505 0 657 161 931 99 255 930 766 704 897 341 615 91 357 450 384 109 455 637 616 118 0 596 206 998 165 0 310 301 254 665 756 0 0 647 875 40 15 533 308 520 286 834 0 0 0 502 225 166 0 0 0 830 54 528 1 0 533 0 950 293 541 978 0 0 896 350 0 841 84 206 547 669 732 0 890 534 700 183 194 834 0 117 0 914 557 0 697 465 245 209 0 26 158 0 479 645 372 251 280 0 348 647 37 0 900 751 0 368 0 0 404 0 0 0 428 0 146 225 215 419 416 0 
856 0 181 0 566 200 0 0 599 806 0 419 0 264 642 0 842 0 303 842 673 386 460 214 0 0 0 553 811 985 0 469 835 247 848 0 930 976 300 260 673 781 817 124 764 0 959 405 0 654 934 20 0 992 0 593 982 0 940 898 854 0 715 458 0 336 300 869 174 341 758 0 836 0 906 315 260 956 961 171 0 968 0 0 559 394 463 0 534 816 24 0 608 0 669 541 292 259 448 817 609 545 0 156 0 549 0 334 73 91 486 0 0 0 883 442 129 604 270 456 446 761 628 394 511 365 149 0 390 989 0 0 554 0 197 0 948 827 939 0 0 658 0 784 185 0 828 229 187 820 748 786 667 0 182 0 695 788 646 0 459 750 3 345 86 0 0 503 0 554 322 839 568 29 0 0 898 333 0 0 321 824 283 0 436 695 0 295 942 0 0 571 562 879 83 335 783 370 475 516 249 893 682 604 268 714 916 568 403 0 114 214 455 28 407 524 522 393 80 308 812 0 237 883 0 160 765 0 0 303 119 542 0 783 756 441 0 564 
841 699 53 0 251 0 272 784 244 536 56 192 0 300 0 651 0 415 106 226 682 0 0 740 869 0 553 0 554 0 131 89 979 449 0 0 0 328 601 0 319 132 0 333 258 269 570 729 599 816 616 20 998 650 687 978 633 0 314 0 0 951 581 953 206 0 872 989 771 899 98 882 0 522 895 8 614 915 0 179 470 0 451 0 770 260 860 959 8 845 295 264 601 328 620 450 757 753 322 45 85 0 0 163 164 836 199 182 3 0 0 199 0 231 916 315 527 958 837 0 755 390 0 565 788 0 756 10 0 333 0 438 0 428 694 0 929 839 953 600 116 667 0 706 437 850 470 361 123 558 493 0 475 0 232 0 515 610 50 879 0 759 150 124 100 0 818 846 909 268 564 224 730 152 908 0 294 396 544 0 616 982 0 898 226 788 0 166 931 932 619 727 234 241 988 977 237 281 176 106 451 202 431 0 294 0 32 413 0 478 188 220 511 0 191 351 969 630 0 75 0 0 556 215 96 811 699 953 496 376 448 745 0 293 276 0 0 458 
0 0 0 0 24 119 901 886 419 0 748 11 979 0 0 633 531 425 0 585 109 343 619 301 462 698 811 554 0 474 168 103 435 834 778 497 0 107 123 933 0 180 0 414 131 0 656 0 0 853 386 435 0 167 704 907 75 0 809 0 0 386 151 117 409 572 0 773 462 28 0 956 594 0 246 0 765 758 0 11 0 865 399 782 47 0 0 211 770 217 0 369 889 367 0 74 631 767 0 0 0 457 594 821 0 363 670 61 318 0 39 867 116 606 0 413 0 652 506 38 909 614 587 543 792 0 0 65 367 326 842 954 174 932 136 0 0 403 521 939 0 431 177 869 0 939 742 791 0 0 700 64 492 985 449 0 713 0 841 0 754 419 0 0 204 456 381 787 0 293 0 901 0 32 545 675 0 0 471 937 0 305 793 0 0 268 255 340 518 626 471 993 463 0 310 63 432 0 229 0 398 497 0 0 0 0 161 153 657 867 230 522 743 548 385 0 847 0 199 0 555 929 0 413 918 789 0 388 66 597 384 0 0 962 794 994 0 513 
201 188 205 816 620 397 399 292 54 979 709 715 849 801 768 330 553 998 380 0 267 927 272 993 0 610 985 0 474 0 458 394 479 681 0 0 0 221 371 88 0 426 658 432 692 737 949 824 80 748 0 290 511 549 37 718 862 0 309 631 141 0 0 748 609 320 667 446 0 0 458 916 0 0 0 905 0 174 808 893 0 687 0 966 181 0 752 322 967 569 737 134 448 0 848 211 680 180 750 755 687 945 85 63 668 650 856 134 821 954 640 0 728 0 78 233 712 884 979 0 714 557 600 211 628 340 452 405 356 847 0 0 687 0 739 709 0 786 11 405 259 479 0 682 84 0 0 0 648 14 357 585 105 674 0 106 0 567 0 67 626 595 106 547 751 959 0 52 15 738 91 23 0 991 24 0 947 796 426 0 178 0 0 781 483 154 65 636 520 364 336 31 831 324 68 792 728 90 537 0 752 167 0 682 735 0 730 525 996 654 0 0 285 872 0 608 134 0 345 0 0 280 0 0 520 0 69 768 293 519 684 361 909 200 367 502 208 0 
0 741 72 478 406 228 123 147 128 830 353 720 837 0 525 0 0 0 0 532 440 0 0 729 279 855 0 131 168 458 0 0 722 462 984 646 334 490 5 476 349 933 585 540 701 0 106 357 0 18 744 260 915 466 673 0 447 0 0 82 0 469 0 762 275 0 874 0 706 363 614 335 869 384 0 269 0 945 0 0 0 0 224 720 963 941 0 145 261 0 510 882 168 0 47 601 858 590 516 873 306 930 93 927 0 0 392 0 199 721 0 903 0 546 924 554 626 0 0 625 720 946 676 144 459 79 685 59 570 766 696 103 342 0 294 115 0 0 115 0 177 451 0 885 970 152 0 769 0 680 465 0 284 0 777 297 808 114 260 571 0 517 535 307 940 606 979 703 664 17 182 440 165 420 0 252 760 124 171 760 493 953 852 369 766 0 734 880 982 0 849 0 373 576 864 233 219 0 823 368 0 605 112 344 959 0 649 301 817 426 660 586 566 56 310 706 91 526 356 0 0 233 647 567 576 570 0 82 322 770 322 405 30 17 262 0 464 0 
0 718 115 665 484 345 0 99 0 610 0 0 0 147 480 401 633 885 0 678 0 30 959 327 0 536 469 89 103 394 0 0 943 919 205 641 652 221 241 661 656 542 468 464 0 589 30 165 0 915 891 302 142 52 123 755 955 377 214 0 0 0 907 0 857 978 0 136 361 718 839 873 0 239 0 681 74 58 0 555 0 590 0 298 0 0 342 407 827 948 173 0 957 0 0 0 0 175 0 826 29 529 189 366 574 583 0 865 652 263 664 40 377 929 54 0 584 492 0 0 255 351 832 0 780 0 688 265 374 890 221 71 0 924 104 17 0 88 507 11 150 0 961 958 0 702 83 333 0 67 450 0 268 980 0 0 959 381 904 393 579 918 412 30 162 992 0 184 0 372 185 78 0 155 0 463 0 148 774 218 459 403 0 666 95 476 219 234 801 84 903 960 0 134 55 415 0 0 395 497 0 923 0 0 806 637 774 258 951 401 80 515 963 766 723 391 268 38 633 734 972 892 86 98 272 949 0 953 998 469 370 331 0 336 932 487 327 0 
0 980 84 767 806 0 601 0 715 724 493 0 526 938 0 616 760 6 990 10 0 0 528 72 102 0 835 979 435 479 722 943 0 877 0 0 0 554 818 0 536 0 402 380 533 0 44 541 329 930 873 40 40 985 370 0 0 0 97 548 0 205 885 59 775 787 0 0 296 718 0 0 834 591 0 191 716 170 753 285 0 0 0 117 726 459 463 266 282 321 914 0 533 282 226 108 0 236 392 0 351 226 246 0 0 0 484 193 956 873 100 357 903 124 407 288 159 275 423 426 0 442 559 866 845 527 398 486 11 409 259 861 266 0 18 781 420 931 488 183 0 0 367 785 334 239 459 718 0 91 0 593 0 0 688 0 403 128 605 89 366 0 481 0 881 0 586 0 201 0 243 713 27 770 27 0 129 0 0 0 0 288 141 594 331 579 515 769 0 108 790 556 443 0 701 326 545 72 646 936 244 391 408 407 0 597 32 980 0 163 289 852 962 0 944 194 900 405 0 133 722 908 326 65 0 0 0 695 931 125 736 0 847 671 323 721 789 225 
0 650 456 189 253 279 0 735 0 0 995 701 799 0 510 126 0 683 0 908 549 124 18 48 692 813 247 449 834 681 462 919 877 0 191 658 520 706 352 0 288 597 348 0 251 787 842 0 0 877 108 0 774 720 0 937 663 0 566 0 556 32 241 325 913 249 0 88 314 349 892 232 830 102 889 173 811 73 714 0 0 720 882 0 678 55 445 63 831 909 504 529 28 0 91 0 888 552 849 587 0 92 489 62 428 258 670 658 621 0 127 857 196 0 685 633 837 462 0 517 983 586 720 783 333 730 0 999 450 578 236 92 121 737 666 464 576 44 332 84 889 618 6 233 0 0 0 89 847 241 0 828 0 489 531 470 328 800 0 0 562 471 0 0 537 980 311 773 435 0 581 0 671 0 0 856 606 763 452 0 823 834 913 778 0 670 155 606 728 491 667 241 255 23 7 0 0 753 806 316 265 0 0 263 206 979 199 732 501 457 463 0 0 113 282 517 904 267 646 562 0 762 765 472 325 0 126 233 271 0 922 0 239 853 0 820 800 298 
502 0 984 82 0 343 342 0 843 0 750 987 802 0 408 237 22 825 767 91 387 0 910 0 0 0 848 0 778 0 984 205 0 191 0 782 286 0 662 554 952 392 0 873 161 450 748 438 223 626 0 89 864 964 935 233 0 736 471 661 44 35 0 848 334 767 156 702 0 0 0 126 58 851 958 550 0 0 730 584 365 108 309 585 379 198 933 314 523 851 78 952 391 0 897 371 343 145 771 972 530 883 860 759 0 856 987 0 60 775 24 438 0 630 69 444 551 488 816 82 342 515 886 333 567 695 0 0 129 0 107 449 0 0 0 293 848 0 0 813 0 653 68 120 0 0 181 0 853 883 0 259 0 0 0 518 782 388 495 22 77 715 681 287 881 0 138 798 392 6 710 110 291 913 956 0 720 787 413 227 48 0 608 566 476 283 331 334 971 0 0 489 611 557 588 545 192 271 0 857 98 0 0 7 60 0 0 455 498 800 713 857 263 510 0 0 174 725 800 592 462 0 287 292 983 911 201 273 864 52 311 0 0 916 337 0 845 840 
810 28 425 0 0 926 26 912 0 670 720 518 78 306 478 383 784 136 317 915 816 5 0 626 0 591 0 0 497 0 646 641 0 658 782 0 348 798 827 799 169 0 0 790 432 297 0 0 906 514 348 431 744 830 264 23 0 0 302 35 0 0 139 0 462 221 697 826 83 921 766 610 0 761 511 0 466 0 0 591 918 230 361 925 200 0 169 44 156 0 838 742 129 873 0 0 67 318 44 302 203 629 78 706 0 81 662 0 672 880 0 111 219 354 0 0 0 489 82 0 697 583 216 984 164 817 846 408 321 471 593 270 893 813 256 0 0 0 0 430 0 92 146 802 0 620 734 0 701 835 0 0 336 0 41 830 44 356 449 0 995 3 339 194 246 413 801 0 977 567 0 837 751 272 279 230 604 255 799 0 314 107 878 870 0 482 937 522 817 524 0 886 575 209 359 463 0 431 0 297 594 473 696 256 0 801 0 0 943 236 22 107 0 236 55 0 641 474 74 597 487 0 474 0 0 10 45 460 700 927 145 624 693 0 0 406 643 0 
992 567 2 0 111 508 398 64 89 694 656 485 281 21 0 0 986 515 874 320 257 834 0 0 0 0 930 0 0 0 334 652 0 520 286 348 0 845 0 292 906 309 0 0 639 0 790 82 503 279 489 0 0 201 0 0 888 924 521 701 398 640 777 608 656 783 659 622 676 0 0 663 0 0 312 298 137 0 0 521 0 875 569 495 991 0 547 99 128 500 198 258 0 92 656 123 0 0 0 426 869 0 737 0 0 669 471 0 778 581 383 251 905 0 0 994 733 300 891 0 0 748 837 369 990 638 0 433 359 231 61 0 265 391 0 834 0 796 411 891 67 277 79 399 405 564 597 0 139 251 790 877 544 104 75 0 427 805 76 326 537 915 803 451 0 0 0 849 342 442 772 0 0 390 746 569 197 538 5 467 242 822 811 0 116 773 652 967 0 201 915 614 999 629 366 185 161 94 315 112 961 176 315 522 765 568 44 0 260 19 919 522 331 332 76 181 807 0 557 110 645 18 452 724 797 765 213 352 737 306 0 659 443 0 89 305 357 0 
97 0 0 830 470 0 393 530 531 281 395 595 704 575 942 0 0 108 101 594 552 648 442 395 0 425 976 328 107 221 490 221 554 706 0 798 845 0 913 0 987 206 811 0 752 691 0 0 942 917 0 0 981 0 931 584 0 262 0 639 978 472 297 960 0 307 538 353 391 0 310 21 0 245 988 555 465 0 0 823 523 29 986 0 0 0 971 0 0 0 96 355 0 83 888 762 953 0 159 451 556 931 866 979 538 185 0 216 0 0 308 0 240 402 892 264 569 555 547 424 533 574 555 845 206 0 0 614 0 934 172 528 990 234 799 888 0 297 731 0 0 153 390 693 633 78 249 0 0 860 0 826 515 576 919 317 0 180 335 804 248 484 569 625 756 599 978 686 876 0 288 533 0 782 792 599 141 0 235 297 227 594 0 604 0 56 303 0 346 579 0 286 770 472 837 731 495 966 0 96 452 438 0 0 0 575 685 463 663 0 406 434 0 705 0 271 760 624 694 0 185 510 478 562 387 0 0 882 968 0 257 1 221 0 0 281 174 797 
569 20 256 543 171 570 615 701 836 237 901 742 0 0 154 428 288 0 858 210 0 310 676 93 913 0 300 601 123 371 5 241 818 352 662 827 0 913 0 212 172 0 357 147 223 0 318 870 0 567 924 0 0 59 452 229 0 313 751 847 0 114 0 652 525 0 0 0 0 0 953 951 716 64 79 408 831 137 318 617 0 738 0 864 32 5 1 795 0 355 813 896 704 62 431 451 176 586 0 661 0 617 391 0 0 0 736 147 331 0 575 680 0 185 465 417 0 0 697 265 0 70 622 0 785 840 794 0 606 0 165 110 136 0 79 345 98 499 312 0 745 691 0 215 0 759 0 209 174 564 175 154 965 744 65 492 0 26 912 0 680 489 694 0 665 266 0 139 0 496 641 678 0 0 845 808 388 423 0 430 0 0 141 972 397 641 373 717 728 769 331 855 245 423 905 97 0 0 0 411 791 65 103 30 624 851 537 788 0 628 425 766 0 941 0 284 387 0 638 975 593 242 947 735 0 903 63 886 0 773 473 836 495 529 127 0 608 0 
0 520 62 279 289 298 0 747 610 931 0 646 319 0 0 579 324 188 0 0 449 908 399 76 0 0 260 0 933 88 476 661 0 0 554 799 292 0 212 0 958 294 0 0 752 818 567 0 632 0 707 0 157 333 42 568 177 0 0 483 378 138 0 216 0 0 655 272 0 120 0 667 0 48 196 996 265 0 856 0 566 201 646 550 15 901 888 0 395 798 0 188 0 932 11 585 589 0 0 346 823 849 751 0 902 18 0 153 389 40 712 0 904 575 321 0 259 889 493 736 936 0 310 0 0 796 311 248 845 580 181 572 684 627 33 0 253 422 324 0 76 104 889 108 611 0 0 109 200 883 0 519 801 141 965 679 579 646 817 562 796 323 720 846 864 577 0 154 418 0 88 826 0 0 284 0 423 0 420 155 0 507 195 0 998 500 282 346 0 607 288 215 0 653 0 62 0 352 387 0 804 9 309 589 961 286 113 0 669 0 584 0 21 215 0 104 0 0 611 603 24 0 267 527 190 0 0 0 931 0 256 196 690 241 246 0 778 955 
605 821 548 96 17 0 849 474 808 803 442 499 998 990 85 533 165 566 0 0 299 28 213 0 751 824 673 319 0 0 349 656 536 288 952 169 906 987 172 958 0 801 455 268 0 261 0 94 500 579 0 773 212 836 0 490 431 620 0 307 746 0 567 688 722 269 871 0 97 0 468 0 233 277 695 0 849 349 632 0 243 0 555 83 72 676 935 439 0 325 519 737 0 9 571 0 890 0 162 600 775 303 663 368 787 0 591 170 218 447 222 0 596 0 842 237 0 0 215 343 652 556 0 0 816 0 263 0 480 801 148 334 579 0 0 568 115 0 474 0 175 894 799 0 848 969 694 655 419 775 362 95 965 0 942 922 231 0 0 647 527 0 422 127 249 135 555 613 780 11 279 437 803 0 617 269 0 602 831 779 893 378 0 0 0 264 352 927 0 972 0 189 284 927 830 951 533 0 585 0 0 31 759 0 452 271 336 120 162 448 734 501 852 0 423 0 962 533 451 463 409 161 864 0 234 873 335 426 0 335 331 226 571 628 553 0 116 0 
502 842 234 106 658 180 0 273 0 999 258 718 686 0 0 860 438 298 968 0 0 0 152 968 478 411 781 132 180 426 933 542 0 597 392 0 309 206 0 294 801 0 468 592 962 0 973 0 555 0 0 460 976 0 307 489 50 181 200 126 520 164 475 0 320 183 631 142 804 0 154 705 408 0 129 0 103 148 636 996 0 851 20 769 870 127 298 793 823 78 0 792 283 0 35 880 109 462 925 34 769 0 843 445 514 670 0 396 606 712 0 0 561 0 826 735 405 135 363 125 399 996 119 474 32 627 454 245 139 0 156 881 0 603 0 963 94 306 223 858 66 627 0 249 0 0 162 633 862 796 0 375 257 846 632 67 457 217 410 253 558 281 11 951 412 0 215 2 585 747 110 442 258 879 0 0 0 491 160 172 0 412 737 856 739 708 0 204 77 945 0 768 724 170 851 965 732 0 0 808 0 900 0 0 751 532 0 788 164 825 717 249 0 778 915 0 376 137 0 0 319 0 298 95 0 871 62 256 849 842 64 0 506 556 98 611 504 197 
42 889 19 408 0 832 687 604 67 429 314 0 239 344 325 296 0 13 0 711 0 359 289 0 165 111 817 0 0 658 585 468 402 348 0 0 0 811 357 0 455 468 0 832 92 381 674 727 550 62 830 718 415 0 0 770 401 0 35 0 0 823 677 778 505 283 773 91 337 351 821 199 551 492 904 570 281 824 575 645 0 0 199 287 685 0 0 576 0 848 500 963 618 699 208 54 30 174 0 0 968 590 604 357 0 760 827 624 0 609 800 450 0 933 811 113 150 385 262 691 149 753 0 298 757 78 781 842 0 80 273 465 736 0 909 814 815 213 0 302 0 619 926 589 589 860 523 966 216 405 880 850 0 865 0 0 589 138 0 0 710 773 733 267 885 0 0 0 39 957 467 461 791 302 0 710 366 820 0 115 469 0 764 0 831 0 696 992 38 113 292 0 850 974 728 0 543 0 650 0 974 247 176 581 950 863 0 310 0 0 889 441 116 846 652 379 582 953 32 681 55 699 353 962 281 903 0 742 99 0 139 539 912 0 0 185 591 606 
0 0 0 262 0 882 43 0 280 0 481 994 562 468 844 619 475 0 0 794 228 0 619 737 846 652 124 333 414 432 540 464 380 0 873 790 0 0 147 0 268 592 832 0 701 313 0 879 1 987 682 92 688 41 960 444 796 824 952 219 298 347 0 485 890 998 0 888 340 0 0 146 976 396 498 843 82 989 753 241 810 328 955 327 0 500 557 730 136 127 846 0 582 405 0 202 107 0 0 806 873 836 16 0 901 576 245 971 586 652 0 0 385 729 93 0 780 649 74 3 459 0 251 866 211 0 233 549 809 394 439 0 195 795 763 668 25 0 71 658 843 410 604 738 186 104 88 312 296 991 0 386 488 16 875 0 0 464 694 933 816 131 188 0 95 122 854 312 897 193 541 801 0 9 545 810 59 581 451 494 0 0 125 606 72 126 633 921 827 845 0 293 0 63 727 0 134 439 0 346 840 198 0 0 74 0 803 836 0 0 0 412 763 574 481 504 0 495 0 133 0 535 18 220 221 301 604 407 779 613 77 210 935 52 448 76 708 825 
131 97 0 11 225 9 258 0 671 168 850 0 902 248 6 156 59 0 811 158 949 546 539 0 210 533 764 258 131 692 701 0 533 251 161 432 639 752 223 752 0 962 92 701 0 0 390 678 935 62 498 159 0 640 624 96 0 168 349 0 944 543 0 372 288 380 149 5 443 201 0 841 0 281 0 354 79 245 316 378 610 269 0 96 0 525 0 477 990 0 302 0 833 874 948 0 357 0 0 202 0 0 0 804 617 160 533 0 238 427 745 156 199 210 72 813 44 0 0 681 988 434 891 777 0 909 278 0 0 823 0 442 0 839 791 652 336 442 658 492 412 850 69 927 269 0 346 513 115 0 529 908 491 0 782 0 323 0 0 0 717 109 590 0 278 773 0 578 766 992 925 0 0 893 183 0 0 0 0 330 733 751 75 290 34 753 0 825 553 0 0 635 501 533 979 0 858 365 286 632 0 470 256 0 216 0 0 0 0 245 333 564 0 834 181 107 427 373 0 731 0 89 877 0 614 557 237 192 138 228 568 186 179 164 0 845 916 0 
0 292 665 0 748 41 915 713 385 8 978 236 251 176 854 0 578 0 0 441 340 470 0 618 901 531 0 269 0 737 0 589 0 787 450 297 0 691 0 818 261 0 381 313 0 0 571 0 80 0 678 644 956 957 894 766 176 0 282 320 268 266 112 905 0 831 369 65 0 0 411 0 0 511 676 674 221 558 321 0 627 266 354 771 255 867 754 526 285 351 160 201 701 158 937 0 27 119 604 315 0 55 258 0 783 654 0 26 961 227 979 687 0 433 0 874 853 657 49 0 870 634 0 112 250 580 267 871 380 79 0 410 160 550 835 88 0 186 816 434 0 0 755 854 316 417 664 725 147 256 947 0 0 371 0 0 0 0 0 695 906 231 0 0 236 850 0 0 917 0 296 449 0 881 813 929 153 357 536 706 0 205 804 118 986 71 558 316 97 0 243 0 0 696 405 95 463 0 404 0 0 442 864 0 230 576 486 50 64 774 857 0 698 0 0 399 0 375 0 317 0 306 0 0 206 448 0 499 131 424 999 816 0 759 295 965 347 0 
216 0 0 701 416 143 0 998 582 0 863 637 663 561 0 0 124 0 0 269 0 579 864 902 369 747 959 570 656 949 106 30 44 842 748 0 790 0 318 567 0 973 674 0 390 571 0 927 818 359 0 892 932 773 0 614 485 310 397 0 0 514 861 350 527 0 875 108 314 433 0 9 436 0 522 129 662 0 893 439 699 294 223 0 624 600 917 0 456 459 0 652 985 0 233 542 184 650 936 0 580 0 0 949 393 21 0 776 350 909 998 0 132 147 0 0 189 46 109 0 541 908 587 0 0 859 506 914 910 236 0 498 0 653 565 240 0 0 450 29 78 182 0 556 670 0 0 868 0 0 0 803 319 0 132 268 374 542 599 644 334 429 591 555 877 729 0 564 838 0 0 243 578 0 685 338 0 584 251 559 0 0 223 622 187 905 0 109 0 0 275 0 678 629 13 950 294 438 0 89 617 695 269 198 552 86 833 474 0 648 257 419 621 72 0 485 375 787 625 751 829 467 942 382 542 826 888 738 0 600 958 760 345 327 910 0 53 0 
0 529 330 86 116 653 583 631 0 212 0 237 728 833 15 262 845 626 206 43 0 12 0 0 390 144 405 729 0 824 357 165 541 0 438 0 82 0 870 0 94 0 727 879 678 0 927 0 604 751 0 653 960 0 39 989 704 248 694 520 627 992 355 0 618 0 0 0 0 0 327 895 159 323 0 391 791 124 573 925 432 121 864 516 0 0 0 376 401 882 253 652 669 0 0 737 905 714 758 342 0 129 805 256 0 900 0 0 435 622 940 962 857 0 0 791 574 931 0 85 587 0 926 85 883 595 956 47 894 577 495 783 972 777 21 0 857 199 233 108 957 0 750 706 322 907 0 170 862 493 68 0 264 538 593 176 812 597 713 463 0 668 0 0 0 0 8 324 651 0 962 945 703 0 0 871 78 939 173 440 759 728 674 637 536 0 0 838 19 670 3 0 0 699 466 260 704 779 475 0 0 0 0 725 601 442 910 534 523 732 936 570 0 109 560 862 805 0 664 664 705 294 597 0 390 820 605 129 117 546 713 324 308 409 893 926 847 0 
0 255 754 66 7 0 992 0 631 782 693 310 473 988 718 0 654 0 272 371 615 950 128 316 0 0 0 599 0 80 0 0 329 0 223 906 503 942 0 632 500 555 550 1 935 80 818 604 0 0 14 746 917 724 428 66 814 0 0 309 0 699 7 964 598 159 0 828 0 165 0 107 792 788 258 629 72 830 0 0 600 0 206 0 0 541 220 0 970 36 917 0 0 157 552 590 0 0 0 942 54 275 0 312 883 0 0 88 99 0 799 305 599 796 0 722 641 0 0 0 806 51 919 253 817 0 346 690 794 266 474 524 0 883 216 0 360 0 0 0 0 0 0 899 809 946 940 904 195 405 277 0 890 0 236 217 0 451 936 240 0 99 58 0 724 577 57 0 929 949 493 330 8 528 300 179 0 0 69 904 917 338 0 658 622 0 58 420 0 843 974 0 241 999 585 0 254 763 0 0 900 605 0 21 954 950 831 577 17 105 265 797 988 63 0 615 481 411 272 732 0 90 41 0 31 117 152 0 471 463 751 301 176 725 789 131 86 993 
