0 145 980 0 0 525 280 795 757 845 0 68 207 71 441 898 721 71 394 517 134 365 132 562 494 0 98 441 921 0 993 961 435 84 125 633 330 0 401 404 55 631 747 582 547 0 27 619 567 371 798 0 978 0 918 433 736 0 0 985 930 66 508 98 940 0 857 373 261 4 0 745 0 934 0 575 0 0 208 22 0 717 28 0 0 946 393 0 0 345 879 342 584 6 96 518 710 0 702 894 156 829 0 646 0 56 121 0 0 838 0 0 474 0 709 0 0 0 145 740 0 849 0 0 350 281 45 305 480 562 740 0 443 742 912 0 0 889 256 139 25 0 690 0 91 0 208 0 962 899 0 0 70 4 657 617 0 60 119 0 0 937 754 0 0 999 691 503 637 914 58 150 996 435 421 261 711 87 0 627 139 0 315 474 78 542 314 221 95 300 710 911 519 473 906 322 0 193 249 163 110 394 759 832 355 713 911 165 817 750 936 810 494 0 704 574 717 148 732 408 0 810 594 0 250 0 230 0 0 281 920 807 0 475 0 637 473 658 0 666 0 375 876 82 46 224 299 215 320 286 577 951 758 783 0 260 0 626 95 301 742 655 405 627 166 0 0 893 487 204 322 0 138 85 694 0 493 0 125 0 224 231 444 271 751 87 719 240 652 0 986 0 621 257 0 889 487 0 0 889 0 961 0 0 296 0 573 743 912 0 0 260 222 676 944 748 0 533 937 393 894 679 0 0 886 70 320 324 138 824 85 775 0 737 42 651 
145 0 792 430 878 891 6 0 486 743 310 165 0 547 743 159 342 536 0 278 0 0 320 296 390 411 31 318 925 155 819 801 900 0 806 753 155 281 700 0 0 939 563 567 896 448 0 0 0 166 770 235 876 624 0 0 907 276 418 0 479 673 0 0 190 0 309 416 83 0 0 14 979 629 753 0 274 0 782 973 391 321 46 179 0 32 771 388 0 156 640 715 413 801 557 540 15 502 0 758 0 363 437 0 85 403 0 0 22 0 571 465 156 0 381 928 391 0 0 828 785 978 340 231 839 746 526 132 0 308 764 762 0 684 299 210 448 205 0 97 768 460 553 547 0 570 102 513 0 237 709 881 875 115 258 391 876 130 418 401 0 414 204 400 878 93 85 286 597 728 990 547 49 0 0 638 220 624 980 45 301 0 495 0 490 0 357 0 0 0 211 375 0 546 954 0 0 461 919 497 0 555 0 0 0 0 321 327 83 0 0 96 995 196 0 59 684 0 993 175 834 0 0 830 430 0 745 906 883 318 541 549 349 0 943 457 596 98 281 673 174 0 43 0 25 0 473 0 705 208 0 121 0 0 0 34 528 290 575 902 929 0 439 0 81 653 863 696 0 101 0 0 0 260 727 697 144 330 785 426 39 401 532 399 942 705 685 820 564 433 9 90 90 743 888 0 616 0 393 844 160 434 145 830 0 0 817 46 815 0 392 0 735 804 778 913 1 46 859 884 562 168 285 0 731 0 212 310 0 0 704 516 0 0 182 306 
980 792 0 649 679 457 0 683 271 777 816 460 204 629 0 0 0 0 181 0 84 571 0 788 0 900 421 31 723 0 0 562 323 969 916 981 0 116 0 124 653 710 64 773 0 847 581 542 640 185 492 0 870 64 628 0 0 949 21 193 206 0 256 534 156 930 341 0 24 98 128 800 216 929 260 886 317 580 0 0 0 0 990 0 0 663 641 365 213 0 683 888 564 394 54 380 620 419 222 545 499 453 0 515 0 19 150 0 353 0 175 782 751 605 218 7 739 519 41 168 813 305 0 0 0 225 721 855 0 763 0 86 947 0 609 0 322 717 742 347 243 95 700 678 918 785 575 209 0 950 746 0 0 744 236 470 91 0 605 31 769 208 0 789 724 596 0 339 197 0 662 744 279 613 0 0 464 0 0 475 392 209 970 0 323 724 596 891 394 0 445 303 848 605 98 106 0 815 849 835 178 791 137 225 314 601 854 581 459 916 0 974 846 0 44 819 807 604 382 0 649 983 571 434 777 451 324 0 391 952 832 0 824 860 0 661 477 0 547 868 968 0 94 200 0 0 868 455 953 437 450 50 0 448 453 650 699 822 0 17 744 756 581 222 604 0 0 727 77 0 0 389 944 0 315 956 713 546 104 558 839 839 0 780 641 905 81 633 80 109 67 546 610 0 663 132 0 0 648 0 829 317 0 18 830 202 0 839 0 729 364 873 590 890 0 547 814 27 91 0 237 383 417 627 562 551 464 454 0 0 262 0 193 840 148 0 
0 430 649 0 496 95 598 465 212 0 0 699 339 133 256 391 295 167 0 247 253 260 147 420 194 0 0 187 0 529 0 707 0 843 456 652 753 547 545 630 119 416 0 0 886 304 136 26 18 283 0 529 0 665 299 0 934 0 624 892 0 0 0 659 0 181 566 983 0 686 58 443 377 0 0 714 119 632 369 631 0 174 138 497 197 662 437 468 206 659 958 0 0 508 279 451 557 244 151 686 0 434 650 840 0 0 922 944 0 207 888 382 793 0 1 627 809 0 839 47 354 0 853 721 0 927 0 0 0 57 0 61 625 186 334 128 0 294 292 844 821 294 64 0 508 0 781 0 167 795 292 0 0 0 620 0 279 971 0 446 63 359 616 420 649 768 0 267 0 385 534 228 750 326 462 312 680 0 0 474 88 0 145 232 253 0 0 0 0 506 0 912 109 308 0 731 899 0 202 194 498 483 149 389 955 414 725 966 0 190 236 0 0 610 0 507 629 234 388 518 0 505 970 937 674 0 488 777 271 0 858 88 797 906 254 379 663 388 718 0 772 694 170 355 0 924 0 640 578 261 917 584 781 188 558 408 617 0 0 353 0 833 455 995 982 952 0 0 31 0 873 741 876 374 624 0 48 363 264 0 234 730 580 108 0 909 228 782 0 123 795 352 344 940 0 754 334 663 402 328 100 594 298 665 0 157 765 0 0 976 0 558 0 446 745 461 0 906 675 34 565 0 0 46 590 895 841 0 969 973 102 0 0 0 242 480 
0 878 679 496 0 700 0 999 155 0 272 338 885 638 54 0 227 682 0 375 195 425 17 385 669 974 0 441 636 358 587 333 296 747 0 267 208 0 231 695 0 59 853 0 253 310 479 0 985 93 0 0 401 828 0 0 0 190 0 238 179 93 255 396 604 440 989 362 0 22 311 518 384 976 954 943 0 897 679 744 504 658 389 697 0 461 342 303 461 437 131 943 695 305 628 237 392 0 649 753 940 29 618 155 747 667 107 0 0 0 993 854 0 965 954 519 28 0 416 0 0 753 506 512 680 0 543 661 612 337 569 0 0 897 70 0 715 624 774 0 378 233 82 461 198 67 268 889 372 0 820 772 0 0 486 815 0 771 555 743 257 603 0 90 30 0 567 704 0 524 864 0 910 871 100 0 570 384 498 919 157 0 0 793 319 148 215 742 0 0 942 799 72 196 0 305 277 0 952 55 876 933 0 557 706 0 664 0 476 395 968 938 117 685 56 80 158 174 191 684 615 0 500 0 873 338 363 201 637 914 663 792 0 188 0 210 679 639 932 0 67 710 490 855 649 0 4 886 421 238 0 0 639 0 930 272 724 0 0 976 62 86 0 241 0 970 375 0 720 324 0 65 12 0 263 148 73 0 885 601 0 0 0 513 302 457 875 301 603 388 0 444 47 887 845 0 370 927 694 216 229 969 299 137 238 613 384 0 729 0 139 800 648 0 541 599 308 697 419 212 440 144 0 884 505 395 575 410 0 428 737 0 183 948 915 363 
525 891 457 95 700 0 125 0 647 615 218 908 341 246 406 672 0 821 182 22 993 153 512 570 159 628 0 157 427 915 191 533 415 466 185 788 0 769 0 655 794 603 458 0 145 776 0 0 112 448 0 740 410 0 0 388 0 562 0 399 0 273 0 416 597 594 159 198 0 0 0 209 909 0 965 0 332 915 296 555 979 353 743 875 943 634 632 41 0 719 796 430 504 222 22 332 444 388 249 0 230 136 0 0 951 415 0 489 43 60 130 0 484 965 810 367 155 639 436 935 103 0 400 0 322 26 995 304 381 334 902 0 73 309 699 530 475 662 0 808 0 629 570 358 73 0 161 401 914 646 0 0 0 544 0 0 190 0 64 0 695 776 943 710 561 242 876 267 872 822 105 0 712 0 106 0 540 503 53 682 871 544 327 0 97 0 386 162 790 0 66 645 0 994 318 48 129 320 128 937 424 358 81 18 69 867 486 0 0 73 406 0 597 932 204 122 0 190 919 781 336 810 0 0 0 308 327 988 92 936 352 715 812 739 0 0 11 0 554 0 269 0 881 0 929 0 250 756 576 992 152 0 797 0 183 0 230 246 494 303 0 517 353 166 71 307 0 521 464 525 902 552 0 67 0 771 304 122 822 343 621 123 0 326 609 910 775 0 897 635 512 621 833 0 4 436 410 241 907 0 152 297 303 810 270 196 570 647 0 206 654 267 149 30 560 294 156 297 0 195 190 0 0 263 386 260 0 296 94 0 512 383 0 953 0 625 
280 6 0 598 0 125 0 291 380 119 0 730 507 0 548 586 0 717 392 0 506 0 390 673 467 401 0 0 0 635 0 305 531 984 0 587 368 61 852 765 0 206 753 58 0 0 285 497 197 841 568 0 0 771 530 187 908 0 735 0 804 45 350 902 281 116 584 958 0 287 778 279 0 281 509 665 0 356 0 635 534 0 132 187 559 0 0 460 389 223 123 0 606 825 0 888 525 135 686 0 618 60 783 233 0 875 691 802 729 676 33 867 820 0 80 0 573 741 663 240 540 0 916 920 0 0 0 0 0 837 958 140 0 570 82 777 354 83 150 170 0 852 712 653 733 815 0 0 510 522 0 821 597 0 173 564 879 620 757 481 0 392 941 585 237 592 0 720 60 726 190 28 27 630 0 0 671 428 962 934 776 102 0 613 0 837 428 0 295 196 154 129 337 355 0 755 468 503 53 336 844 563 12 0 0 475 878 146 273 21 911 691 0 411 0 707 715 563 0 764 297 0 0 0 411 782 52 0 55 370 842 82 384 708 11 0 652 849 177 0 0 769 141 239 7 939 294 296 95 602 793 584 321 688 901 99 695 0 0 323 333 49 281 701 0 0 523 905 0 905 67 0 554 825 714 950 956 397 620 0 21 47 643 924 0 223 406 196 0 426 841 822 810 335 943 869 693 917 347 0 0 363 290 0 0 413 554 655 0 124 300 0 693 444 49 964 0 715 215 0 915 0 412 330 369 0 0 0 107 626 178 241 88 356 554 0 
795 0 683 465 999 0 291 0 391 868 871 19 409 0 916 7 646 681 788 0 0 235 387 376 0 0 52 777 483 600 763 481 0 652 648 841 0 412 993 631 469 67 961 643 682 664 589 57 0 361 67 543 0 979 317 184 513 921 541 82 0 118 680 566 17 995 0 420 156 0 64 0 0 107 0 415 0 442 984 0 118 0 147 976 145 703 72 0 196 481 0 887 833 472 0 0 833 194 652 0 478 216 442 0 717 760 736 0 87 174 725 899 0 570 0 0 0 682 308 276 790 486 879 14 304 0 0 438 532 0 239 0 596 644 560 0 798 640 755 781 855 0 154 0 220 483 11 191 0 852 558 642 248 0 935 277 206 580 239 45 82 635 642 201 537 239 635 0 0 115 37 658 372 553 579 0 708 452 0 457 173 92 81 905 898 300 945 834 574 0 122 780 886 0 330 327 287 621 928 803 576 842 636 199 484 778 101 0 38 647 937 763 954 249 484 600 151 3 0 38 969 0 0 600 673 0 258 833 759 461 291 0 0 0 423 938 38 881 12 0 263 0 0 109 503 377 638 59 758 0 147 0 263 337 539 438 710 78 841 951 873 552 229 243 238 0 336 992 289 0 897 0 144 492 0 744 374 705 0 989 0 243 194 571 129 0 0 0 73 28 304 0 214 513 0 0 799 490 895 903 436 877 0 694 767 298 0 299 144 0 384 698 323 173 403 520 0 734 0 389 0 358 241 884 127 881 687 876 319 768 0 636 825 789 0 865 
757 486 271 212 155 647 380 391 0 0 491 296 0 235 503 136 0 926 0 402 797 0 863 0 509 0 331 0 969 0 0 637 905 973 0 145 208 118 449 0 308 949 0 0 958 97 0 56 255 410 107 181 655 0 863 0 0 0 904 766 120 81 0 0 468 806 0 113 0 246 735 0 500 699 723 688 0 354 514 924 704 0 335 257 758 77 112 486 0 160 821 568 290 424 708 0 14 930 0 7 363 678 822 110 365 513 956 580 751 0 0 661 928 0 333 904 661 621 12 577 744 677 971 151 0 29 0 671 0 906 317 571 709 953 892 71 749 441 51 573 200 295 0 428 149 0 886 314 0 758 855 0 265 0 808 828 553 273 460 0 957 0 161 872 505 380 690 479 93 101 0 234 812 957 806 52 862 427 0 343 180 636 649 672 0 277 304 961 25 912 935 0 982 5 500 508 0 0 0 194 230 922 230 0 353 329 181 0 639 340 609 887 155 730 734 967 0 803 407 772 875 647 0 454 0 255 609 247 0 51 403 942 27 149 800 837 132 0 974 1 0 237 702 763 0 547 711 811 0 630 0 244 0 0 414 860 384 804 948 0 0 829 568 604 0 75 349 609 237 947 361 0 0 210 0 218 547 0 0 647 672 407 0 120 0 232 0 0 769 23 399 0 525 199 0 0 250 945 441 0 954 680 657 932 366 528 905 783 152 758 748 308 225 973 470 0 42 0 0 225 695 70 826 0 986 0 0 54 581 0 202 0 815 661 445 549 
845 743 777 0 0 615 119 868 0 0 911 654 826 0 0 838 0 0 141 128 882 563 420 0 799 0 182 816 336 92 913 186 819 365 549 339 738 380 375 361 931 0 171 327 373 11 75 0 846 39 247 376 813 93 0 62 157 0 950 122 898 266 889 0 2 0 458 562 752 0 286 567 906 370 223 629 799 966 295 0 224 159 548 127 387 0 0 987 309 801 570 634 245 150 375 61 897 641 771 160 0 401 610 892 0 503 0 903 0 964 633 79 602 478 373 311 803 595 822 0 0 0 0 0 482 607 538 193 503 0 91 547 775 74 293 461 729 0 476 247 658 814 905 985 0 7 0 0 145 611 667 0 0 0 848 777 423 440 0 172 580 620 474 0 808 648 411 475 291 0 0 21 959 912 108 0 190 843 0 215 37 700 0 0 0 158 415 691 589 531 0 24 233 421 451 138 0 351 812 452 858 510 718 0 545 313 844 439 0 935 561 589 792 400 0 0 486 748 695 232 483 401 0 356 715 43 855 143 238 132 569 897 609 206 340 0 814 893 432 0 709 0 0 802 40 278 229 694 851 580 130 47 0 620 450 346 468 0 587 859 0 62 690 0 0 396 0 445 0 153 706 520 0 500 0 0 0 900 0 706 0 0 70 0 25 791 0 396 27 876 612 0 624 917 761 0 692 0 374 0 376 0 490 325 986 249 214 534 722 837 951 0 784 105 0 0 468 767 0 381 38 831 0 521 614 17 77 418 740 314 0 801 756 306 0 592 
0 310 816 0 272 218 0 871 491 911 0 227 402 512 203 374 441 680 0 667 855 239 533 309 310 0 21 351 274 65 906 245 0 694 917 366 458 73 868 317 0 948 0 758 725 764 865 753 194 246 916 590 478 115 0 214 0 8 0 0 193 774 407 376 743 346 867 129 0 375 828 856 0 907 0 344 0 191 0 0 50 702 722 961 0 0 2 457 102 592 225 945 0 0 67 0 148 0 170 841 944 385 0 112 108 871 237 2 70 0 0 741 678 70 782 0 0 757 357 0 272 0 271 936 0 84 827 96 564 0 456 758 618 0 0 695 51 505 226 0 682 871 427 504 0 863 727 405 96 550 0 527 0 0 715 674 0 125 955 93 979 534 0 0 530 697 453 943 528 643 0 339 806 486 0 0 713 903 0 909 209 0 0 598 841 103 769 22 906 821 0 728 0 0 0 386 801 673 284 94 989 674 23 884 969 625 77 839 0 325 786 140 0 641 636 571 0 0 120 0 0 318 590 511 0 192 976 131 566 834 207 0 0 667 0 0 95 382 985 119 0 0 13 509 856 326 195 0 313 42 114 579 0 0 98 591 697 0 705 174 497 683 342 32 0 472 511 0 0 613 734 925 0 28 530 352 0 852 677 370 0 614 492 58 809 0 683 194 874 277 71 811 0 962 726 889 0 365 836 0 213 116 879 560 976 296 817 627 986 0 920 597 50 723 531 216 539 989 863 0 10 0 113 321 0 0 419 0 328 0 247 952 166 0 180 773 
68 165 460 699 338 908 730 19 296 654 227 0 983 682 0 869 0 0 0 672 482 974 0 35 102 632 629 631 674 0 521 177 0 168 70 663 959 344 310 508 645 0 641 473 0 0 851 0 0 0 0 0 865 913 0 76 0 594 50 483 284 840 0 433 416 0 43 834 0 660 223 387 0 82 257 782 788 73 907 868 0 574 45 472 923 711 989 341 0 846 621 984 0 749 846 941 49 847 0 347 553 0 240 695 0 0 308 600 884 293 785 0 593 966 127 0 902 300 81 492 910 757 0 100 522 34 764 785 914 163 10 899 956 464 0 0 454 937 0 278 681 679 868 922 947 699 55 0 0 941 179 201 691 33 64 504 0 661 589 327 513 740 265 709 0 0 0 159 0 252 659 901 0 211 0 622 0 819 0 889 405 0 256 18 0 0 694 340 150 0 509 353 412 273 433 314 679 872 997 565 29 214 575 712 527 0 759 783 622 25 724 299 919 128 951 247 646 0 804 0 553 701 445 654 97 173 910 153 440 696 970 866 780 673 670 513 205 325 614 521 272 0 815 22 759 635 314 677 495 592 0 611 0 669 617 671 694 0 283 254 844 567 0 567 237 752 461 0 0 493 612 812 0 160 336 0 49 0 344 605 806 888 485 719 713 912 607 0 0 41 616 410 165 0 70 923 631 54 0 0 113 986 90 0 132 0 120 0 577 855 87 899 603 999 671 681 0 578 870 951 0 0 0 0 680 356 27 245 0 929 782 610 29 0 8 935 
207 0 204 339 885 341 507 409 0 826 402 983 0 932 304 0 230 178 842 0 0 0 0 866 4 298 346 925 14 212 0 218 699 671 149 121 143 0 424 706 92 576 933 0 364 238 404 0 0 85 0 65 887 191 837 134 26 819 954 175 983 605 262 64 318 7 202 707 60 189 498 0 864 595 0 314 633 611 728 207 978 0 204 0 672 0 67 532 248 771 870 673 0 516 650 0 0 906 861 0 409 703 797 483 0 147 968 728 0 618 0 23 564 165 645 361 0 7 316 40 910 933 887 0 992 866 178 873 236 755 838 0 644 0 617 139 687 902 640 733 0 891 582 0 0 0 223 911 819 958 499 302 209 0 826 436 138 509 825 863 0 6 772 600 379 544 0 376 963 830 409 547 669 526 0 0 352 0 963 656 792 142 0 796 305 0 677 0 954 633 438 871 0 0 272 246 565 75 53 505 0 390 0 0 464 657 385 0 718 0 991 0 124 886 0 0 0 694 332 0 479 0 556 337 802 400 0 748 145 0 82 553 954 701 745 60 0 355 0 15 0 55 656 56 0 350 625 931 247 942 388 402 436 440 632 853 0 943 597 507 0 198 0 777 537 841 473 65 419 0 0 887 615 62 145 554 171 0 472 420 260 130 484 210 59 660 66 927 230 0 660 112 294 0 837 502 0 793 628 929 319 170 941 879 922 640 0 591 750 0 236 346 134 0 614 481 821 525 433 557 0 971 0 538 0 0 386 50 866 863 89 746 263 425 19 44 
71 547 629 133 638 246 0 0 235 0 512 682 932 0 313 112 537 591 639 784 449 312 774 381 316 618 171 687 956 0 545 718 864 87 609 624 867 0 875 0 434 0 173 500 137 0 0 65 529 265 323 580 751 945 146 701 823 805 237 316 342 710 743 0 35 349 984 506 167 852 25 0 952 641 452 57 598 938 0 702 509 0 473 148 0 890 944 0 0 454 0 150 671 0 905 757 0 633 800 0 751 0 912 0 0 712 0 347 411 731 0 0 0 240 0 711 124 0 0 230 367 0 193 0 335 4 901 132 180 589 478 0 0 286 319 0 648 0 0 810 658 369 777 19 229 790 488 257 392 758 6 0 272 0 398 224 590 794 580 591 954 466 759 0 874 76 239 455 451 333 364 957 513 913 700 894 0 926 64 865 253 431 54 407 0 910 377 371 514 383 38 135 0 337 861 809 995 681 289 0 396 241 379 0 0 0 0 17 0 424 38 277 166 454 0 208 616 598 18 177 106 0 745 175 5 372 883 0 602 355 667 511 200 864 0 44 10 453 966 461 35 518 327 770 895 0 357 73 14 274 0 847 759 864 124 912 630 541 842 0 162 0 439 833 0 102 0 903 75 0 229 0 738 22 844 0 581 798 538 656 0 183 603 51 939 75 0 381 884 420 447 929 770 957 769 996 291 0 828 487 472 583 0 508 170 498 568 146 848 318 126 0 360 475 102 368 90 803 888 977 36 227 800 519 0 630 486 649 942 195 997 0 895 850 545 0 
441 743 0 256 54 406 548 916 503 0 203 0 304 313 0 0 734 363 223 637 362 515 0 830 13 0 0 656 97 998 615 3 248 379 598 431 0 868 520 929 839 0 815 533 100 0 741 921 999 713 0 776 760 220 0 1 367 0 719 333 0 0 305 457 195 35 780 128 218 114 908 0 94 664 0 837 0 620 836 0 378 996 0 130 543 658 959 0 388 0 302 693 721 191 587 679 690 354 754 38 944 149 0 815 0 213 564 842 227 999 234 135 689 922 0 152 290 91 705 801 835 298 488 660 0 713 0 507 253 557 969 37 723 213 65 341 35 744 633 0 0 0 308 107 0 0 0 187 74 0 309 602 45 530 214 615 0 666 0 340 0 142 935 361 546 301 0 152 0 37 835 974 162 508 759 312 778 292 605 689 916 317 90 0 870 832 0 556 420 169 305 388 716 0 0 26 0 888 109 324 0 0 800 0 147 974 0 356 267 698 221 727 0 340 937 138 6 456 857 0 713 0 23 122 538 413 475 0 0 161 0 0 402 447 0 0 363 536 0 936 0 505 406 908 786 665 217 232 868 0 620 267 729 867 934 99 741 342 292 389 996 933 0 143 175 625 685 375 525 376 414 115 575 0 0 0 317 205 0 937 339 800 113 816 956 562 0 834 0 0 0 450 951 737 158 688 56 401 0 214 763 592 988 977 0 0 0 208 943 999 284 632 990 0 474 666 834 69 121 598 0 322 197 654 458 41 310 372 763 725 0 0 0 773 306 953 
898 159 0 391 0 672 586 7 136 838 374 869 0 112 0 0 0 0 71 749 0 0 0 911 3 763 0 995 296 245 69 508 56 0 66 974 81 500 0 38 654 133 662 0 401 12 40 744 0 585 993 775 665 0 281 279 0 473 0 748 233 239 458 856 520 592 855 952 415 706 981 629 0 930 0 120 354 119 0 841 536 190 776 0 556 0 143 883 0 766 885 737 79 885 0 0 0 537 199 404 0 0 0 0 885 213 148 34 662 0 953 247 0 945 33 328 533 0 651 240 0 257 0 167 0 0 474 0 14 477 367 0 896 0 718 14 251 767 935 134 947 788 820 734 242 0 240 208 529 925 0 945 825 0 98 0 176 0 692 923 712 224 0 675 723 0 543 484 625 0 809 799 30 605 648 0 0 231 239 544 412 811 333 689 602 152 0 351 292 172 670 0 509 67 291 0 0 427 953 51 887 442 312 143 0 845 0 902 328 0 863 641 0 790 284 440 9 975 400 0 393 0 281 322 115 721 0 913 159 115 847 86 110 0 358 0 681 850 0 136 706 904 0 0 304 180 891 0 72 530 810 0 0 0 0 0 446 836 111 963 991 0 65 500 495 414 858 543 348 0 916 0 261 704 447 0 0 162 647 732 415 806 0 0 755 903 701 880 0 567 38 772 70 492 0 0 545 75 361 0 0 763 996 348 542 0 353 88 463 0 793 0 831 291 485 651 875 767 52 0 0 107 126 0 671 718 445 450 7 533 0 14 682 909 0 991 
721 342 0 295 227 0 0 646 0 0 441 0 230 537 734 0 0 0 324 0 344 507 438 0 412 987 0 500 42 179 961 804 905 446 0 782 905 626 0 0 234 0 996 0 698 105 396 726 0 980 692 277 719 16 0 431 0 278 431 0 388 0 828 914 102 0 0 0 170 224 0 667 806 0 427 439 103 773 0 0 804 863 683 250 313 751 863 585 84 405 103 610 138 609 474 717 0 669 246 725 362 311 61 575 557 903 734 441 556 494 0 220 230 767 468 721 719 0 402 569 0 925 0 375 523 380 874 0 693 248 0 685 951 650 250 695 788 0 898 795 295 739 122 259 514 0 485 0 857 314 489 441 985 577 0 873 38 224 693 980 0 815 487 218 199 164 316 0 0 183 730 247 740 772 427 527 343 0 812 493 641 852 932 0 577 140 71 0 0 605 325 437 119 721 498 0 152 0 223 577 0 0 407 609 0 757 0 110 980 243 999 275 195 847 308 194 0 958 617 871 871 0 982 543 0 409 486 596 337 754 0 638 0 836 685 598 712 0 0 215 838 426 0 0 0 0 682 593 687 167 418 0 351 773 591 0 988 672 888 23 0 75 115 552 170 0 985 131 58 587 0 692 117 247 610 133 623 631 312 949 448 214 502 296 870 143 337 171 0 0 747 625 0 0 824 26 295 0 0 949 722 288 615 0 55 634 416 972 185 504 0 530 818 0 467 476 406 188 653 0 96 0 23 174 930 537 391 0 207 0 298 743 8 585 905 184 
71 536 0 167 682 821 717 681 926 0 680 0 178 591 363 0 0 0 344 958 444 578 0 0 594 237 944 600 157 471 0 436 264 32 36 653 0 733 718 703 775 394 831 910 0 435 408 924 745 344 330 0 829 254 0 0 928 446 522 0 46 515 87 960 356 0 0 502 42 454 123 957 0 744 0 44 211 437 0 0 485 0 140 562 281 24 16 647 0 0 0 196 959 0 861 0 542 0 606 798 18 54 272 101 0 0 0 0 0 156 213 365 945 905 212 624 96 570 796 886 0 518 630 774 120 706 0 0 979 815 344 758 100 507 82 501 473 135 574 864 725 445 249 618 0 636 243 0 0 511 0 0 458 0 0 505 0 339 0 0 700 0 891 870 0 0 0 280 709 980 905 0 335 699 121 108 768 849 931 961 424 141 92 630 0 0 766 387 284 0 106 900 573 878 603 0 955 0 0 812 0 454 453 120 241 10 970 280 0 957 416 89 65 424 939 90 734 277 979 691 23 317 0 0 342 153 124 0 170 800 431 515 540 0 260 636 404 0 406 0 0 585 741 218 235 94 785 816 743 0 0 459 675 623 968 0 561 431 45 715 975 20 985 75 907 691 0 721 524 630 874 0 583 832 0 281 198 438 0 0 420 0 0 225 434 0 475 0 106 0 180 235 884 700 110 55 202 0 926 93 0 389 724 654 129 186 937 755 660 41 680 766 10 0 0 372 0 617 778 537 104 329 107 376 793 374 270 431 0 886 876 646 926 633 617 806 
394 0 181 0 0 182 392 788 0 141 0 0 842 639 223 71 324 344 0 765 916 0 722 0 0 166 763 714 447 24 40 0 784 360 0 0 0 473 692 689 605 290 51 61 0 0 906 0 231 0 313 411 958 0 919 377 561 22 0 0 610 40 934 693 73 50 883 0 100 604 0 221 782 0 0 846 544 217 609 484 85 965 253 12 766 0 0 0 0 451 0 0 903 822 602 221 618 938 466 415 927 646 178 0 161 702 593 806 0 666 695 0 848 0 619 445 0 95 503 185 93 29 0 385 329 552 700 686 0 48 417 417 43 280 0 0 0 765 336 382 0 761 519 875 0 431 96 889 0 85 549 0 834 23 847 919 0 623 232 0 0 397 849 689 0 817 377 78 0 692 701 0 428 0 176 354 57 106 935 0 0 981 81 531 0 0 0 70 414 205 0 0 0 0 122 13 996 594 273 0 428 123 676 215 172 922 263 818 0 0 158 708 957 807 900 0 265 0 611 336 419 0 747 0 432 233 0 615 698 624 383 58 137 0 925 337 14 706 261 0 545 511 0 988 222 0 618 12 0 0 587 187 0 232 0 763 233 0 882 798 151 0 638 338 971 981 389 900 400 0 99 0 709 45 171 440 984 902 671 0 882 0 260 402 0 212 820 0 882 632 0 376 885 830 577 374 25 0 0 652 190 504 0 352 69 481 342 0 0 900 300 750 823 95 703 642 960 965 0 16 215 639 191 968 171 469 724 995 686 306 211 0 697 21 420 0 
517 278 0 247 375 22 0 0 402 128 667 672 0 784 637 749 0 958 765 0 0 382 816 146 766 0 0 0 845 457 0 274 959 592 844 0 292 901 36 81 774 967 671 616 608 238 792 0 459 443 962 454 360 447 0 340 576 132 869 626 255 0 489 526 513 688 893 953 0 751 572 0 263 86 404 0 0 0 0 0 829 803 704 504 0 0 493 0 301 611 0 848 853 236 0 780 0 0 697 190 288 344 326 960 486 20 805 0 52 514 0 141 797 858 0 423 102 315 0 394 0 98 710 0 273 351 992 0 908 703 654 0 12 235 134 174 0 213 848 720 1 469 66 67 0 0 875 907 479 0 255 762 315 455 859 0 958 454 975 736 122 732 649 0 0 146 161 0 0 344 899 143 607 900 49 0 0 527 0 165 71 191 221 701 0 0 653 819 605 866 0 173 662 0 737 0 661 194 320 658 292 0 663 738 0 796 432 0 0 408 988 0 0 0 0 565 204 168 406 0 171 0 0 878 277 0 0 0 989 0 0 371 754 227 474 88 687 0 0 938 331 309 905 530 986 0 507 174 323 53 682 0 478 0 283 0 608 107 399 0 0 139 0 213 830 0 0 92 751 0 0 213 249 0 0 420 579 439 0 710 448 698 0 117 306 998 52 0 41 0 296 681 222 859 696 79 905 839 661 0 597 877 0 903 0 0 0 243 0 880 17 190 0 648 0 0 346 83 732 0 0 996 0 951 0 470 0 923 0 107 398 42 923 659 296 816 
134 0 84 253 195 993 506 0 797 882 855 482 0 449 362 0 344 444 916 0 0 431 0 0 304 515 552 825 699 0 363 531 823 47 0 0 0 502 0 364 756 499 0 0 86 968 348 774 326 600 874 0 449 0 0 57 928 0 873 0 32 712 576 704 585 394 149 0 264 0 0 759 91 165 0 0 852 862 0 495 856 0 520 462 486 905 116 804 0 55 607 0 885 0 956 430 531 214 0 0 253 0 446 0 675 566 386 994 92 0 264 0 183 0 439 922 0 218 541 301 19 0 0 0 336 0 442 37 0 0 195 902 779 548 735 765 541 585 0 0 0 547 469 739 221 0 363 0 50 749 432 124 224 0 350 11 185 983 24 0 400 0 0 0 768 0 162 926 0 177 43 0 363 0 127 0 0 413 808 856 0 269 534 0 7 573 992 744 471 277 983 811 424 399 392 0 0 45 347 0 807 69 165 301 0 100 0 0 866 534 280 181 0 0 97 52 380 856 775 528 0 340 650 589 0 581 343 866 0 606 157 314 841 35 236 0 256 0 0 236 0 247 0 983 329 693 250 0 464 41 475 899 495 364 875 228 0 474 258 981 659 544 974 696 955 48 0 539 65 718 63 0 925 198 0 965 394 512 567 0 0 120 981 494 948 0 529 161 730 388 852 0 951 400 573 714 749 712 406 192 41 0 0 813 400 0 165 0 339 738 0 311 0 191 508 196 714 552 311 466 269 17 413 0 476 942 608 212 0 579 551 0 0 82 0 0 
365 0 571 260 425 153 0 235 0 563 239 974 0 312 515 0 507 578 0 382 431 0 780 537 139 786 753 504 637 334 451 998 0 449 33 686 821 687 905 17 538 253 289 168 355 0 556 784 61 218 367 535 798 3 320 0 134 553 748 0 334 0 489 45 0 461 395 0 931 917 447 647 993 176 0 289 0 453 311 640 858 0 286 839 0 0 38 0 85 794 0 852 221 104 0 356 390 880 639 641 0 502 185 649 0 839 0 0 69 0 91 411 0 507 649 0 826 907 0 872 391 965 0 706 770 887 480 78 521 744 5 221 648 993 778 0 948 936 477 408 496 907 0 0 635 979 52 209 1 301 673 911 813 0 121 790 89 425 580 0 12 161 796 550 0 602 273 155 0 0 460 0 834 281 561 450 200 61 197 640 0 0 880 128 71 498 372 0 0 849 0 0 447 0 0 435 77 442 0 652 857 605 224 530 387 0 0 935 0 0 0 946 983 771 980 0 302 702 0 0 299 20 574 732 0 956 221 620 618 489 476 875 614 296 0 730 797 1 585 489 283 0 110 964 920 645 91 211 0 0 468 23 494 509 0 662 601 621 388 0 0 622 50 229 781 505 590 431 358 0 309 0 0 0 304 966 946 31 588 736 82 640 199 425 0 186 870 639 47 879 0 0 952 83 499 572 141 710 966 131 0 654 199 0 93 732 662 0 340 871 359 225 25 0 539 696 0 479 743 765 871 0 8 633 0 994 524 843 413 163 911 303 85 678 36 35 
132 320 0 147 17 512 390 387 863 420 533 0 0 774 0 0 438 0 722 816 0 780 0 365 733 801 0 619 806 12 822 892 313 43 471 69 69 657 984 13 81 596 4 0 0 0 865 459 0 533 266 974 877 100 806 0 166 959 699 778 346 94 834 940 0 633 851 0 733 0 273 748 967 642 295 0 590 118 968 0 0 262 455 0 226 0 676 999 501 595 125 0 229 0 120 0 0 985 3 131 271 916 923 310 509 272 609 180 17 531 132 0 413 101 0 563 867 887 827 0 276 115 361 823 0 0 20 0 0 985 765 0 0 0 0 271 0 0 0 522 253 485 0 0 17 486 0 0 591 243 812 0 0 0 55 178 683 798 0 182 243 442 0 700 309 150 56 980 174 176 628 700 120 475 766 774 0 757 995 846 867 757 553 859 57 110 738 224 289 233 5 90 554 0 0 90 0 433 534 495 0 923 307 26 691 73 0 0 725 0 0 590 410 354 497 250 146 848 412 296 0 153 948 190 238 65 144 825 854 656 554 928 0 690 636 897 0 809 513 0 167 221 231 503 390 0 0 612 188 769 660 148 39 0 60 992 792 176 579 828 0 0 90 919 0 700 0 0 495 0 0 0 693 376 804 500 94 608 253 97 416 425 307 399 0 784 652 50 0 0 0 0 561 162 0 425 654 0 363 424 986 0 0 976 808 190 0 0 409 611 0 159 188 0 158 0 766 772 711 0 992 819 339 75 680 0 338 107 668 179 472 144 0 992 639 95 
562 296 788 420 385 570 673 376 0 0 309 35 866 381 830 911 0 0 0 146 0 537 365 0 934 715 0 710 710 110 892 0 750 901 165 886 460 0 0 612 808 468 770 213 251 370 465 778 847 677 437 0 416 385 0 0 976 92 504 75 743 672 806 598 209 90 294 671 840 295 653 0 709 847 160 646 671 418 514 0 198 511 666 623 469 818 272 365 167 77 728 409 457 336 925 433 593 129 0 969 940 0 0 0 0 0 129 0 972 897 0 0 0 569 0 817 0 0 710 582 831 0 0 280 0 434 461 601 0 0 560 660 386 805 0 180 0 147 0 389 901 699 510 584 0 505 494 210 0 608 0 583 0 308 325 491 956 180 119 590 634 127 917 69 735 81 242 854 0 284 0 0 468 742 955 544 437 556 91 217 615 732 509 570 945 377 0 327 765 727 989 279 0 940 955 0 868 0 337 112 0 915 0 159 298 0 108 0 0 0 92 379 0 392 336 937 288 849 85 877 66 468 419 292 446 0 339 6 897 575 218 817 612 117 775 0 479 616 786 0 840 2 499 493 369 0 0 254 841 134 0 0 0 969 281 489 765 185 345 946 904 0 270 969 701 217 800 0 588 492 0 131 706 691 969 245 398 93 271 403 612 226 328 800 0 412 749 0 154 944 778 240 243 0 151 94 298 541 991 824 502 660 253 513 626 199 0 844 0 298 235 0 244 60 584 353 706 0 0 724 326 899 499 375 977 451 0 13 0 0 796 0 604 530 0 999 
494 390 0 194 669 159 467 0 509 799 310 102 4 316 13 3 412 594 0 766 304 139 733 934 0 232 815 752 490 659 894 744 23 0 291 340 898 209 429 534 0 740 473 376 506 576 0 65 775 498 889 575 415 965 481 220 0 565 735 238 940 338 558 0 884 350 0 41 157 478 902 396 807 235 0 671 0 109 0 693 453 0 958 926 0 426 0 6 747 320 0 994 1 580 775 112 872 514 975 339 0 469 0 0 0 0 943 854 576 711 862 0 0 912 417 768 314 979 693 47 937 360 450 985 692 0 324 995 477 0 203 0 0 0 337 15 952 668 0 0 984 472 416 225 0 81 855 898 580 164 674 480 963 83 113 726 559 924 716 0 945 819 649 517 0 400 0 742 514 613 431 482 884 353 939 719 357 26 111 436 0 967 931 679 0 0 130 839 0 0 0 312 0 619 816 730 0 798 552 0 851 761 203 729 610 0 65 342 142 529 842 336 220 0 906 949 148 33 544 394 0 0 683 0 0 798 298 83 60 0 434 246 257 785 154 0 937 144 55 275 339 369 640 0 765 738 0 0 192 591 678 34 700 602 0 282 21 461 0 695 991 950 218 743 60 468 0 61 116 475 245 189 0 327 0 0 76 1 807 569 664 208 488 376 919 0 289 0 894 373 864 582 78 458 850 209 969 766 0 806 0 0 186 90 311 671 762 267 0 0 785 60 0 939 800 257 674 0 105 0 564 724 498 530 510 679 98 572 41 0 155 824 0 41 0 882 
0 411 900 0 974 628 401 0 0 0 0 632 298 618 0 763 987 237 166 0 515 786 801 715 232 0 626 614 784 875 358 574 549 238 678 897 22 0 0 563 652 0 550 467 969 95 190 207 1 390 77 872 660 356 438 0 652 202 0 0 0 372 814 715 736 486 810 748 0 252 209 0 0 36 280 602 851 964 852 821 517 219 937 490 271 272 0 846 753 355 0 879 193 846 341 297 271 256 746 318 454 0 0 0 0 477 0 720 0 0 594 701 354 607 267 872 157 286 391 652 227 0 0 75 329 282 265 808 301 715 119 171 0 591 323 775 548 171 233 772 0 0 0 800 428 792 597 562 0 900 457 820 298 884 0 111 518 83 191 0 0 493 0 242 20 772 97 603 930 51 315 0 0 0 614 875 839 750 708 940 0 0 0 0 298 0 780 216 218 554 42 846 739 201 0 252 0 205 112 427 0 772 305 161 541 0 861 0 866 314 339 254 64 468 0 473 193 762 57 772 85 239 559 797 287 956 0 183 557 652 0 261 0 678 671 251 215 0 20 84 125 385 0 680 0 216 787 643 639 576 208 507 0 691 0 782 972 957 74 666 0 309 0 956 914 590 745 860 31 882 307 711 913 0 643 192 171 438 133 0 505 773 62 355 734 991 475 549 0 908 0 302 876 832 906 483 0 0 313 34 901 649 686 923 0 0 17 812 703 268 13 762 21 905 294 74 526 161 0 508 229 25 883 963 618 297 0 500 335 0 847 216 7 0 57 0 
98 31 421 0 0 0 0 52 331 182 21 629 346 171 0 0 0 944 763 0 552 753 0 0 815 626 0 0 748 0 984 230 424 264 0 38 0 228 0 782 634 823 120 664 567 0 0 883 894 72 950 0 944 210 0 113 0 0 965 820 0 0 538 492 937 512 0 874 0 0 0 360 0 0 490 451 132 570 795 0 123 686 505 0 296 573 0 402 825 49 0 453 451 0 0 328 0 793 605 946 515 96 708 293 399 444 896 599 450 110 0 0 218 314 0 542 6 705 166 909 717 886 382 0 0 362 478 233 678 158 894 120 0 813 0 952 884 369 128 553 86 545 605 0 944 462 153 94 0 273 999 663 0 898 898 210 46 471 0 843 874 946 0 363 310 633 67 707 562 863 211 0 136 51 0 395 334 833 897 872 0 152 868 716 152 460 671 0 376 151 193 903 326 372 0 602 994 0 887 0 990 989 441 52 302 813 435 0 137 693 60 572 756 354 0 0 611 626 181 356 742 241 83 792 347 638 0 532 967 0 864 0 785 632 0 0 416 686 548 853 264 0 300 642 54 787 350 835 545 0 296 556 284 863 625 975 625 857 859 823 238 48 536 874 395 0 644 463 339 53 810 702 614 185 832 0 148 897 0 0 0 265 899 0 0 522 235 313 595 147 675 282 0 80 973 88 407 0 90 215 0 645 0 665 53 788 202 174 463 210 113 778 0 18 122 639 826 256 263 318 752 751 0 3 711 477 0 843 565 295 444 315 967 41 38 838 
441 318 31 187 441 157 0 777 0 816 351 631 925 687 656 995 500 600 714 0 825 504 619 710 752 614 0 0 345 907 0 0 753 419 0 140 882 0 131 384 361 0 0 771 0 943 207 402 709 0 866 99 360 30 116 0 844 479 320 569 733 735 122 967 80 66 510 779 450 236 0 645 959 202 73 470 0 0 488 451 769 153 194 0 237 641 317 508 910 0 525 0 139 399 303 427 475 276 28 0 156 0 397 852 274 0 590 302 898 522 285 885 905 0 72 874 524 0 836 339 79 308 505 999 316 752 166 340 797 310 0 0 540 497 465 37 0 169 663 0 0 648 957 0 337 375 307 408 792 79 501 496 990 0 999 162 111 224 945 452 936 179 751 518 427 854 42 763 492 315 439 20 586 0 0 0 0 46 113 135 0 130 803 269 185 0 700 358 885 0 628 75 300 952 28 233 0 528 276 0 789 888 0 181 0 0 0 207 0 473 0 825 228 31 0 961 547 354 0 0 623 921 0 184 400 103 137 181 740 0 595 894 0 318 421 0 490 222 323 75 26 201 0 819 107 82 219 418 404 651 186 800 0 817 381 346 891 0 0 0 539 621 715 208 583 0 331 0 284 242 0 806 0 0 0 573 164 0 313 0 121 902 382 824 511 425 264 92 927 131 0 390 844 698 561 765 670 392 846 286 590 442 499 805 0 0 0 899 321 272 670 115 222 0 959 137 818 772 768 518 0 0 403 0 0 0 695 839 942 707 0 0 401 856 0 257 
921 925 723 0 636 427 0 483 969 336 274 674 14 956 97 296 42 157 447 845 699 637 806 710 490 784 748 345 0 839 49 636 317 107 14 0 635 346 494 522 0 994 554 395 630 982 431 0 693 638 289 0 794 0 184 0 740 480 621 382 532 259 311 488 179 0 0 882 372 357 0 0 595 278 638 761 0 445 0 975 0 0 0 896 812 641 529 459 847 896 0 118 170 922 890 69 624 545 909 413 597 493 0 224 943 476 637 26 944 651 250 92 608 46 270 16 677 729 445 153 0 663 143 262 397 342 104 854 672 187 28 406 805 576 0 588 641 939 950 140 899 538 492 802 744 0 800 887 0 444 209 601 38 815 659 0 0 34 65 0 462 586 431 0 0 78 563 206 897 62 389 555 545 146 582 933 400 894 131 0 654 853 806 0 451 679 0 219 190 0 896 248 528 251 22 596 890 659 525 579 702 708 571 864 643 0 883 0 964 0 437 0 592 282 386 342 605 0 0 302 0 435 538 375 474 0 0 0 0 0 28 283 0 0 312 171 0 707 786 736 430 606 807 865 119 727 0 0 0 0 123 0 42 669 267 0 928 561 520 766 190 0 63 0 0 465 66 446 670 991 83 98 855 986 755 0 759 894 336 148 0 626 558 694 0 275 485 688 0 0 0 0 720 382 240 727 793 0 464 747 0 766 319 0 116 12 708 411 967 679 618 0 0 642 562 881 750 0 703 175 305 953 0 746 0 772 589 0 186 680 267 0 229 0 278 360 
0 155 0 529 358 915 635 600 0 92 65 0 212 0 998 245 179 471 24 457 0 334 12 110 659 875 0 907 839 0 188 232 318 77 709 306 103 848 375 921 31 252 908 0 0 0 530 539 708 0 140 715 73 785 33 645 683 0 675 136 823 674 0 0 557 972 0 0 0 770 382 553 0 923 379 862 769 440 570 836 475 764 793 811 24 486 897 447 80 0 107 741 509 0 242 0 7 0 945 102 528 355 0 193 190 103 0 501 385 970 676 730 978 556 0 0 0 0 836 830 138 318 0 0 60 0 330 931 0 189 0 642 595 726 213 336 801 431 992 0 3 0 928 291 688 396 952 796 0 383 985 728 968 729 744 649 0 643 188 823 172 894 0 88 2 544 0 821 979 827 864 672 431 0 528 390 32 658 328 283 766 0 582 785 87 239 421 884 184 847 960 79 277 732 170 699 155 12 0 408 51 860 206 305 0 291 816 0 562 978 592 605 0 86 804 77 792 0 495 0 534 749 0 717 308 460 694 0 897 88 96 370 556 0 775 547 345 431 139 648 645 793 0 187 474 710 966 494 614 622 0 0 894 176 743 71 0 141 720 634 61 24 409 934 0 968 348 264 225 605 427 549 782 0 54 0 518 672 0 445 0 5 474 0 94 448 518 577 182 235 0 604 0 0 0 148 511 996 237 395 37 772 721 0 0 126 193 49 966 0 271 0 294 351 273 881 0 413 793 681 474 645 0 865 0 0 471 0 880 216 0 750 366 919 826 142 
993 819 0 0 587 191 0 763 0 913 906 521 0 545 615 69 961 0 40 0 363 451 822 892 894 358 984 0 49 188 0 206 0 467 12 0 764 745 160 965 328 492 663 0 987 242 157 469 944 731 944 46 635 807 31 800 0 456 0 985 978 323 393 0 0 23 0 0 0 331 235 0 984 0 0 529 124 88 0 141 707 748 198 0 7 253 607 838 498 469 437 0 857 942 0 0 988 77 0 148 934 53 0 737 809 645 560 88 273 184 23 578 522 796 839 662 888 351 242 843 634 0 657 198 179 868 0 76 599 134 644 729 0 163 18 0 0 795 761 300 476 81 102 988 888 0 660 0 0 989 0 430 730 206 0 152 456 269 400 0 96 227 0 880 0 780 145 900 0 670 0 610 0 808 531 719 687 993 713 802 92 0 372 0 0 394 0 564 270 37 0 71 719 886 497 609 300 93 503 327 661 0 0 778 809 185 0 874 293 0 725 700 712 74 105 292 837 0 311 643 739 93 612 267 302 62 400 381 154 832 215 432 896 770 252 557 424 442 640 874 360 866 14 413 0 128 385 208 0 166 411 560 126 0 112 326 496 370 829 0 680 488 896 863 0 565 771 0 885 297 0 375 9 567 798 745 40 969 677 426 602 0 0 44 432 324 245 763 132 0 103 0 0 875 0 0 376 205 446 71 261 494 375 679 489 491 595 0 139 354 968 37 867 0 909 0 0 407 958 867 451 372 14 100 0 0 983 781 564 0 0 905 0 803 952 163 
961 801 562 707 333 533 305 481 637 186 245 177 218 718 3 508 804 436 0 274 531 998 892 0 744 574 230 0 636 232 206 0 393 74 0 545 0 159 567 814 631 0 401 350 313 590 285 0 405 162 413 0 0 662 843 269 229 966 0 669 245 921 915 74 718 537 0 0 770 203 834 703 930 0 608 383 631 824 85 565 0 440 810 19 609 0 247 41 586 0 0 373 423 527 627 0 292 652 459 583 994 775 980 0 0 0 752 511 0 380 83 998 241 682 393 533 419 367 803 0 0 0 422 214 952 777 0 635 0 214 528 0 699 945 453 194 813 0 237 408 0 0 233 740 820 0 0 546 0 58 0 501 0 0 604 864 542 0 931 0 0 0 530 983 500 0 23 570 680 0 108 584 168 536 0 771 754 847 0 201 0 494 877 424 356 0 0 597 475 683 380 694 0 0 120 876 603 439 479 424 963 0 67 363 146 0 230 130 0 818 132 0 0 0 700 646 486 209 0 204 887 497 149 549 875 981 142 252 0 695 0 947 0 596 933 881 463 866 901 270 871 13 0 458 710 0 0 598 396 995 807 793 595 0 0 628 772 472 814 792 33 69 0 557 362 908 642 527 0 0 0 0 0 978 289 267 493 619 0 957 440 0 168 0 897 0 0 927 0 0 0 802 124 126 77 594 0 838 0 0 600 559 407 0 0 0 424 0 395 235 635 361 0 4 0 479 336 462 441 846 0 523 992 996 412 116 814 322 536 0 0 575 308 64 944 0 
435 900 323 0 296 415 531 0 905 819 0 0 699 864 248 56 905 264 784 959 823 0 313 750 23 549 424 753 317 318 0 393 0 517 35 304 30 0 452 629 829 0 996 397 247 0 300 505 969 795 0 61 0 0 0 38 507 312 817 0 448 903 467 227 41 283 92 869 865 640 0 407 741 684 229 372 74 0 0 16 600 842 0 720 0 782 244 436 109 929 0 981 765 721 0 648 657 0 546 874 0 615 269 461 158 957 102 984 502 394 216 0 0 0 553 0 677 0 935 130 109 431 0 283 307 261 0 493 679 393 14 569 0 722 126 313 731 0 683 0 198 476 0 601 905 0 842 459 796 699 0 564 310 722 230 399 749 758 815 669 232 895 370 0 0 114 496 920 102 788 793 659 297 318 828 675 345 0 400 491 0 790 550 754 0 0 162 600 545 0 690 521 297 732 929 795 508 599 95 671 52 0 822 251 0 425 965 851 0 410 0 0 309 0 137 667 493 0 0 0 772 293 331 0 659 800 157 122 353 0 227 406 471 478 847 141 0 474 304 0 118 112 960 395 0 0 0 291 0 0 690 186 471 0 0 424 0 691 474 86 0 0 0 727 569 350 820 114 748 992 0 981 540 591 543 247 0 0 0 0 0 0 947 603 0 0 602 672 876 222 461 0 0 510 0 499 649 0 759 203 749 25 0 0 424 476 0 981 544 599 0 224 0 171 84 296 268 121 345 0 0 844 139 384 913 85 0 300 0 0 0 657 96 356 455 689 
84 0 969 843 747 466 984 652 973 365 694 168 671 87 379 0 446 32 360 592 47 449 43 901 0 238 264 419 107 77 467 74 517 0 517 444 796 53 899 156 176 852 496 127 716 165 0 56 685 0 95 966 650 0 0 750 526 0 311 65 129 239 80 355 610 0 701 55 171 903 0 554 997 825 508 0 0 875 0 890 0 467 0 149 739 741 830 542 758 833 836 870 0 815 0 765 498 0 873 45 699 267 422 469 904 694 708 344 0 0 320 863 0 890 943 122 950 0 754 729 290 674 935 627 544 0 0 0 183 850 196 967 0 0 705 309 0 0 275 687 828 520 926 654 281 0 0 0 0 904 832 971 0 241 157 456 0 219 413 296 472 0 0 0 455 634 838 630 243 209 0 123 0 874 0 611 0 6 33 613 751 885 726 364 94 0 0 0 0 165 762 0 502 938 451 77 874 0 0 908 0 889 0 0 0 675 0 141 0 982 319 919 0 421 839 0 817 946 409 826 923 766 778 798 0 16 691 0 146 825 769 83 571 224 274 352 510 0 226 136 618 0 35 196 702 381 505 285 47 447 65 352 861 227 202 476 0 952 488 395 462 548 0 11 994 509 0 97 256 178 45 141 0 668 922 588 73 888 440 761 817 0 0 173 931 804 628 544 668 92 0 729 388 0 67 813 900 706 620 993 261 267 0 0 0 644 874 305 294 0 387 554 691 0 239 145 148 0 0 965 489 0 768 577 366 721 787 379 123 0 0 255 182 516 727 395 
