0 68 0 96 358 986 179 576 299 0 0 0 690 65 247 486 275 464 0 15 203 9 364 52 431 109 941 959 186 659 789 715 429 947 506 0 655 0 721 244 0 766 193 0 911 540 224 677 351 0 0 738 0 254 929 203 0 343 965 402 0 0 0 239 0 671 0 524 0 0 892 233 462 557 400 0 434 348 0 141 389 879 296 947 100 305 0 286 77 809 645 
68 0 840 180 658 975 884 664 102 632 761 0 903 165 641 662 205 988 905 423 924 0 179 0 0 0 230 0 0 895 741 350 619 523 29 619 213 0 0 567 189 247 213 957 730 2 418 138 0 999 0 865 463 0 347 22 863 960 0 13 32 686 584 111 475 0 991 0 393 702 417 0 907 14 620 0 0 0 0 877 0 22 153 787 212 961 269 0 818 0 245 
0 840 0 0 0 803 541 0 776 0 306 0 510 960 949 0 535 884 217 186 894 777 670 731 47 291 0 194 376 152 352 800 0 321 521 443 546 0 0 491 136 419 398 516 0 0 655 609 16 395 795 331 713 0 0 448 349 214 0 0 933 418 0 0 704 640 370 0 704 196 674 312 245 0 846 391 877 775 284 400 403 632 0 879 62 616 155 0 341 0 927 
96 180 0 0 0 495 317 535 337 590 783 395 0 0 925 119 381 531 881 36 336 0 0 532 527 0 466 354 13 724 0 336 671 0 163 32 732 828 900 0 0 270 575 0 643 902 434 0 278 763 44 2 117 965 590 668 299 436 401 0 0 795 308 0 0 931 139 757 137 909 460 684 0 0 232 0 0 650 78 0 198 534 453 492 589 2 438 0 487 0 381 
358 658 0 0 0 0 120 783 204 864 464 771 118 591 0 882 255 624 868 574 0 738 138 0 893 822 0 357 199 675 121 259 0 0 0 415 0 707 44 676 975 0 0 0 867 175 538 51 0 864 0 0 482 166 487 412 427 112 510 621 924 0 729 0 588 858 810 7 769 400 0 555 995 831 615 642 729 703 548 86 147 833 0 157 889 275 219 0 915 396 0 
986 975 803 495 0 0 0 165 348 13 0 324 353 994 569 0 0 221 0 763 635 96 148 0 682 735 0 366 0 195 577 934 209 382 865 740 26 600 0 0 567 139 679 0 570 146 0 591 701 291 914 220 0 0 443 644 573 0 0 589 741 0 510 407 0 622 631 790 306 952 640 0 0 446 866 384 88 861 0 834 507 0 449 578 990 26 0 42 272 206 509 
179 884 541 317 120 0 0 508 0 992 885 472 926 838 85 314 630 95 342 571 522 497 845 479 35 267 743 0 288 566 82 978 937 0 533 67 999 0 583 761 53 806 667 528 615 662 745 269 506 95 313 303 644 722 0 465 0 762 117 0 218 690 545 460 117 60 9 363 429 0 486 0 922 0 876 225 420 611 0 28 0 935 0 0 23 83 0 805 5 694 247 
576 664 0 535 783 165 508 0 426 316 734 563 205 0 283 242 696 831 543 744 544 771 0 690 321 0 326 452 976 474 0 0 0 756 127 453 161 693 149 1 509 93 584 804 637 0 4 411 506 819 240 658 0 985 93 0 387 803 0 0 471 9 379 0 307 0 0 960 0 326 846 868 227 970 801 938 604 0 959 290 932 605 902 387 154 999 914 356 721 0 0 
299 102 776 337 204 348 0 426 0 0 0 700 0 403 494 800 997 401 884 429 233 52 156 159 421 77 53 455 561 493 876 53 287 646 483 998 312 463 133 422 0 0 681 244 273 934 820 104 0 674 962 525 291 0 616 982 219 932 810 100 403 417 0 109 310 0 354 296 370 162 0 686 414 0 907 0 992 915 597 861 754 700 0 0 999 816 0 758 882 0 0 
0 632 0 590 864 13 992 316 0 0 0 369 331 434 620 0 461 0 32 355 0 421 502 307 235 846 496 656 0 0 667 973 187 480 175 930 885 0 196 940 973 247 254 233 125 0 0 0 505 0 964 808 558 0 740 837 576 300 621 803 220 455 992 648 977 298 893 179 0 813 917 0 291 661 141 443 0 84 765 485 505 0 0 0 0 278 980 78 910 280 259 
0 761 306 783 464 0 885 734 0 0 0 925 332 0 412 675 566 0 438 586 343 111 382 0 904 698 0 173 402 222 262 619 530 0 904 769 0 103 7 887 868 262 4 709 0 0 102 974 923 0 507 958 467 371 288 296 999 933 0 347 999 0 614 223 4 0 624 242 659 191 30 0 366 655 476 0 202 0 376 772 184 699 0 955 0 91 377 815 848 0 0 
0 0 0 395 771 324 472 563 700 369 925 0 968 0 445 331 822 418 850 264 0 214 265 742 299 824 818 242 0 0 0 21 260 0 371 0 0 496 757 0 0 861 352 0 898 282 552 0 230 429 388 921 929 0 259 977 100 240 59 0 100 0 609 232 0 793 722 0 127 0 432 235 632 728 395 587 914 0 0 207 600 929 693 0 0 66 58 515 0 895 669 
690 903 510 0 118 353 926 205 0 331 332 968 0 436 786 17 590 0 955 421 884 612 0 508 93 381 941 0 669 528 736 0 0 4 199 908 915 979 538 616 344 844 32 177 0 479 0 0 977 360 313 0 833 587 768 387 0 564 0 0 100 375 748 394 716 0 0 833 761 595 0 385 323 64 607 571 308 557 652 0 0 721 351 552 228 444 913 0 847 841 766 
65 165 960 0 591 994 838 0 403 434 0 0 436 0 0 887 34 0 422 891 4 461 0 0 455 136 130 710 846 529 869 139 662 279 380 936 0 0 702 482 302 579 679 743 266 456 42 0 0 680 388 393 664 649 905 73 600 812 272 324 0 723 0 9 372 851 840 156 993 74 416 180 103 796 365 69 726 0 479 680 106 0 20 0 404 412 231 851 959 0 0 
247 641 949 925 0 569 85 283 494 620 412 445 786 0 0 946 0 25 510 0 0 194 0 292 677 256 668 362 0 524 475 0 676 7 166 615 0 719 0 559 442 472 949 0 805 984 89 493 0 0 399 0 132 0 465 386 549 245 540 298 0 579 334 584 609 0 906 852 0 0 939 0 0 376 301 515 673 0 448 49 0 688 976 862 0 386 325 623 139 344 945 
486 662 0 119 882 0 314 242 800 0 675 331 17 887 946 0 847 64 197 0 0 828 779 0 507 496 734 664 208 0 840 791 113 29 31 0 499 904 170 0 730 0 0 0 178 0 787 810 0 504 0 0 566 285 502 906 130 653 857 374 35 0 324 886 0 0 806 896 0 97 175 0 962 464 0 166 464 66 0 131 941 880 987 0 0 548 0 0 840 328 174 
275 205 535 381 255 0 630 696 997 461 566 822 590 34 0 847 0 838 35 565 121 643 0 752 292 0 0 36 0 732 69 989 846 219 0 155 675 732 763 634 908 0 0 0 962 292 0 324 124 201 44 48 116 0 38 199 0 826 49 0 714 6 876 644 282 854 113 316 0 669 91 767 0 124 49 813 559 657 967 266 400 0 0 293 910 830 745 993 128 0 0 
464 988 884 531 624 221 95 831 401 0 0 418 0 0 25 64 838 0 928 785 240 912 417 497 804 858 826 732 0 548 33 717 733 0 0 590 71 677 0 628 221 0 82 439 914 758 10 0 490 594 0 590 0 0 0 223 836 186 402 373 135 0 0 819 186 753 771 113 43 873 602 966 412 75 960 0 337 0 234 192 0 516 0 416 910 943 0 252 680 901 0 
0 905 217 881 868 0 342 543 884 32 438 850 955 422 510 197 35 928 0 928 266 147 128 651 771 0 263 0 803 556 811 602 781 195 0 376 578 60 927 15 0 346 0 482 286 315 674 90 599 213 0 0 315 53 723 267 532 262 0 351 663 516 570 985 946 0 201 278 7 0 0 20 60 682 812 942 146 0 432 928 204 195 0 0 215 571 418 247 765 14 405 
15 423 186 36 574 763 571 744 429 355 586 264 421 891 0 0 565 785 928 0 419 469 0 420 8 0 585 0 200 0 741 8 176 0 889 945 701 839 890 554 257 223 0 967 182 0 718 154 0 387 110 439 0 968 0 745 215 520 2 603 951 174 256 651 992 848 541 885 450 911 835 221 818 0 621 684 288 0 408 463 0 700 696 327 435 0 0 803 851 249 125 
203 924 894 336 0 635 522 544 233 0 343 0 884 4 0 0 121 240 266 419 0 603 684 174 395 761 782 33 0 973 840 0 690 745 369 732 292 0 387 0 372 451 0 867 201 0 508 0 0 913 996 0 113 919 238 819 0 0 0 91 8 233 0 364 494 0 853 0 966 396 427 675 495 257 843 533 0 762 881 292 676 373 0 51 0 963 506 0 512 175 112 
9 0 777 0 738 96 497 771 52 421 111 214 612 461 194 828 643 912 147 469 603 0 121 391 560 607 0 0 0 293 502 411 10 776 495 971 140 790 149 234 563 114 981 836 965 0 867 217 646 933 465 0 0 248 0 179 824 0 0 293 0 0 0 106 694 150 0 248 0 444 0 474 434 26 289 725 0 255 0 814 360 68 790 543 890 277 986 927 0 802 412 
364 179 670 0 138 148 845 0 156 502 382 265 0 0 0 779 0 417 128 0 684 121 0 420 588 753 665 442 0 0 881 656 122 547 0 404 0 452 144 624 799 503 786 203 0 748 276 108 0 0 0 0 369 197 356 181 930 0 654 338 0 0 194 547 806 340 66 0 0 915 29 231 949 0 514 455 0 732 85 572 715 0 0 40 783 0 654 541 765 949 462 
52 0 731 532 0 0 479 690 159 307 0 742 508 0 292 0 752 497 651 420 174 391 420 0 721 405 806 0 117 151 0 604 187 0 0 101 378 0 179 725 187 636 0 236 729 673 0 0 162 369 461 836 0 353 182 256 0 331 635 365 0 815 0 0 250 0 737 88 550 867 0 548 472 862 307 0 349 783 940 377 589 879 315 48 0 341 250 0 990 563 118 
431 0 47 527 893 682 35 321 421 235 904 299 93 455 677 507 292 804 771 8 395 560 588 721 0 0 196 883 550 52 324 0 398 0 822 0 463 0 696 313 284 43 304 671 567 605 0 434 0 0 959 136 451 230 536 291 276 321 0 648 175 173 203 171 709 996 244 848 632 379 310 245 93 0 0 484 372 604 68 116 551 36 242 0 140 621 686 499 339 774 663 
109 0 291 0 822 735 267 0 77 846 698 824 381 136 256 496 0 858 0 0 761 607 753 405 0 0 0 0 0 138 958 214 212 0 596 173 0 429 505 51 0 827 903 472 801 593 737 120 0 109 477 119 0 0 920 424 237 289 527 846 0 501 372 428 819 178 61 359 693 29 518 208 785 0 106 284 268 977 0 29 0 0 449 670 645 786 0 123 919 774 561 
941 230 0 466 0 0 743 326 53 496 0 818 941 130 668 734 0 826 263 585 782 0 665 806 196 0 0 777 0 277 398 0 342 337 0 98 894 380 571 597 682 336 543 0 463 369 0 0 876 959 356 130 540 0 0 0 755 0 3 456 710 0 0 282 852 0 613 896 0 143 897 754 377 504 508 0 0 215 0 978 124 326 702 0 0 0 483 0 583 107 129 
959 0 194 354 357 366 0 452 455 656 173 242 0 710 362 664 36 732 0 0 33 0 442 0 883 0 777 0 0 349 173 539 324 154 55 86 779 307 570 0 0 0 448 0 28 0 170 0 476 0 504 0 711 894 69 292 742 20 746 875 486 0 751 506 684 437 179 96 983 511 602 273 0 307 443 155 990 46 896 0 771 0 516 904 521 904 636 0 975 971 494 
186 0 376 13 199 0 288 976 561 0 402 0 669 846 0 208 0 0 803 200 0 0 0 117 550 0 0 0 0 0 0 412 713 854 0 0 325 817 958 497 0 979 148 26 0 363 778 0 437 437 628 0 0 0 393 0 767 0 696 0 22 434 695 800 0 0 0 0 360 0 0 692 102 891 670 402 0 289 276 550 594 291 0 688 7 899 752 601 378 464 899 
659 895 152 724 675 195 566 474 493 0 222 0 528 529 524 0 732 548 556 0 973 293 0 151 52 138 277 349 0 0 655 557 889 231 52 0 65 0 849 194 0 699 65 0 562 0 0 0 444 537 0 0 0 523 453 642 760 830 875 63 0 176 793 0 0 0 425 0 230 0 4 829 637 475 271 483 523 201 0 993 988 0 0 121 0 513 0 387 826 41 131 
789 741 352 0 121 577 82 0 876 667 262 0 736 869 475 840 69 33 811 741 840 502 881 0 324 958 398 173 0 655 0 0 745 505 697 956 136 252 799 0 0 0 826 948 0 0 47 0 384 929 0 919 774 631 823 0 485 956 414 208 509 697 38 803 0 793 71 845 658 303 257 0 0 163 0 0 375 0 589 148 246 0 534 923 171 634 188 208 881 0 875 
715 350 800 336 259 934 978 0 53 973 619 21 0 139 0 791 989 717 602 8 0 411 656 604 0 214 0 539 412 557 0 0 931 45 861 127 348 119 828 532 0 189 439 0 343 276 78 448 337 942 562 100 0 0 0 213 277 372 639 690 225 652 663 0 0 0 0 661 694 742 50 663 314 0 990 478 46 0 581 392 470 812 0 0 0 145 582 893 826 0 480 
429 619 0 671 0 209 937 0 287 187 530 260 0 662 676 113 846 733 781 176 690 10 122 187 398 212 342 324 713 889 745 931 0 397 940 561 0 884 257 839 381 617 881 0 8 729 0 29 614 621 725 137 0 772 0 354 626 750 334 104 474 542 10 994 0 26 407 118 994 914 421 690 182 0 873 561 981 595 626 557 0 0 751 795 782 0 894 550 0 0 552 
947 523 321 0 0 382 0 756 646 480 0 0 4 279 7 29 219 0 195 0 745 776 547 0 0 0 337 154 854 231 505 45 397 0 469 0 203 991 0 315 0 595 694 136 707 869 0 489 97 135 906 198 782 763 811 456 170 61 92 472 428 513 0 471 769 772 475 923 0 0 657 446 254 549 463 0 0 216 864 702 832 0 721 386 999 0 813 0 694 983 112 
506 29 521 163 0 865 533 127 483 175 904 371 199 380 166 31 0 0 0 889 369 495 0 0 822 596 0 55 0 52 697 861 940 469 0 0 0 54 524 249 49 327 0 874 470 360 0 7 656 653 60 798 35 168 526 0 207 0 2 486 0 0 105 272 619 15 309 974 465 111 411 740 461 244 169 901 808 456 661 255 145 424 989 422 566 89 576 0 619 61 0 
0 619 443 32 415 740 67 453 998 930 769 0 908 936 615 0 155 590 376 945 732 971 404 101 0 173 98 86 0 0 956 127 561 0 0 0 783 0 379 0 946 5 712 977 0 157 419 737 720 0 788 0 0 344 891 0 219 468 822 0 535 421 811 90 829 63 463 827 696 0 0 0 218 239 0 637 447 728 215 410 991 418 494 0 0 20 860 0 894 594 352 
655 213 546 732 0 26 999 161 312 885 0 0 915 0 0 499 675 71 578 701 292 140 0 378 463 0 894 779 325 65 136 348 0 203 0 783 0 282 0 144 994 988 622 459 0 968 610 568 546 0 269 260 345 508 0 352 242 834 0 90 0 949 0 0 380 301 40 585 0 0 240 253 64 781 474 301 446 751 0 245 585 824 396 118 0 219 568 0 634 861 0 
0 0 0 828 707 600 0 693 463 0 103 496 979 0 719 904 732 677 60 839 0 790 452 0 0 429 380 307 817 0 252 119 884 991 54 0 282 0 0 0 91 981 665 249 628 870 341 331 716 127 0 395 892 558 0 754 291 0 0 654 522 0 0 559 732 564 0 201 0 544 370 170 5 780 942 817 674 672 0 0 210 256 0 215 710 887 424 906 306 0 0 
721 0 0 900 44 0 583 149 133 196 7 757 538 702 0 170 763 0 927 890 387 149 144 179 696 505 571 570 958 849 799 828 257 0 524 379 0 0 0 202 624 898 407 0 303 690 0 0 740 0 587 879 81 32 256 0 624 0 110 0 901 673 881 337 89 183 813 268 205 485 591 540 516 0 567 444 417 200 44 917 904 0 691 951 0 819 0 293 116 0 720 
244 567 491 0 676 0 761 1 422 940 887 0 616 482 559 0 634 628 15 554 0 234 624 725 313 51 597 0 497 194 0 532 839 315 249 0 144 0 202 0 150 695 514 0 107 594 70 702 405 496 970 38 181 26 485 631 207 0 0 11 508 396 678 0 0 0 0 0 883 929 928 837 74 993 348 897 145 224 388 643 60 0 146 258 184 226 402 568 0 486 828 
0 189 136 0 975 567 53 509 0 973 868 0 344 302 442 730 908 221 0 257 372 563 799 187 284 0 682 0 0 0 0 0 381 0 49 946 994 91 624 150 0 198 405 246 629 0 0 0 0 651 0 663 665 0 0 409 706 0 0 295 456 699 776 460 594 172 117 0 29 0 0 455 480 943 797 552 797 931 662 170 545 307 0 0 544 438 558 787 935 0 493 
766 247 419 270 0 139 806 93 0 247 262 861 844 579 472 0 0 0 346 223 451 114 503 636 43 827 336 0 979 699 0 189 617 595 327 5 988 981 898 695 198 0 978 645 935 507 998 551 152 263 287 761 0 447 63 479 0 508 0 0 677 379 884 0 0 0 0 111 335 796 415 0 691 811 965 308 0 335 903 58 302 326 0 0 989 889 48 341 189 0 730 
193 213 398 575 0 679 667 584 681 254 4 352 32 679 949 0 0 82 0 0 0 981 786 0 304 903 543 448 148 65 826 439 881 694 0 712 622 665 407 514 405 978 0 359 31 0 894 0 552 977 30 296 0 0 933 2 0 407 339 786 242 732 0 433 272 0 0 213 104 66 0 910 885 411 513 0 52 695 27 512 61 891 293 434 880 489 0 402 317 0 298 
0 957 516 0 0 0 528 804 244 233 709 0 177 743 0 0 0 439 482 967 867 836 203 236 671 472 0 0 26 0 948 0 0 136 874 977 459 249 0 0 246 645 359 0 452 389 535 498 886 685 707 373 0 721 311 267 426 216 490 988 975 0 0 143 190 533 811 0 0 2 0 0 644 985 269 425 525 0 949 619 205 29 869 159 538 265 95 0 496 0 0 
911 730 0 643 867 570 615 637 273 125 0 898 0 266 805 178 962 914 286 182 201 965 0 729 567 801 463 28 0 562 0 343 8 707 470 0 0 628 303 107 629 935 31 452 0 686 298 0 601 0 718 751 296 459 714 239 891 0 0 49 0 291 3 0 0 946 965 475 919 59 603 0 576 0 236 280 0 603 0 0 873 146 10 951 0 924 909 912 63 0 503 
540 2 0 902 175 146 662 0 934 0 0 282 479 456 984 0 292 758 315 0 0 0 748 673 605 593 369 0 363 0 0 276 729 869 360 157 968 870 690 594 0 507 0 389 686 0 643 249 366 966 0 522 0 377 850 469 966 0 0 35 521 0 0 300 608 616 870 233 880 0 0 717 815 571 191 0 162 730 572 738 791 23 125 409 320 469 0 352 0 749 426 
224 418 655 434 538 0 745 4 820 0 102 552 0 42 89 787 0 10 674 718 508 867 276 0 0 737 0 170 778 0 47 78 0 0 0 419 610 341 0 70 0 998 894 535 298 643 0 459 0 146 0 447 871 791 584 233 248 136 0 133 138 0 275 0 753 0 0 187 587 314 35 0 0 0 0 251 219 0 832 0 271 473 0 206 350 606 309 0 0 0 358 
677 138 609 0 51 591 269 411 104 0 974 0 0 0 493 810 324 0 90 154 0 217 108 0 434 120 0 0 0 0 0 448 29 489 7 737 568 331 0 702 0 551 0 498 0 249 459 0 747 0 0 806 337 146 14 0 80 813 545 493 0 552 893 688 868 271 996 419 0 832 264 494 0 797 544 791 698 909 304 0 562 374 393 0 0 818 661 891 932 0 0 
351 0 16 278 0 701 506 506 0 505 923 230 977 0 0 0 124 490 599 0 0 646 0 162 0 0 876 476 437 444 384 337 614 97 656 720 546 716 740 405 0 152 552 886 601 366 0 747 0 318 745 828 186 335 202 447 608 511 0 126 599 994 159 950 684 0 0 339 534 594 0 760 633 0 0 660 0 514 28 510 949 0 315 0 983 771 478 540 308 436 493 
0 999 395 763 864 291 95 819 674 0 0 429 360 680 0 504 201 594 213 387 913 933 0 369 0 109 959 0 437 537 929 942 621 135 653 0 0 127 0 496 651 263 977 685 0 966 146 0 318 0 96 187 0 667 527 264 547 946 243 66 12 184 991 0 0 196 600 0 859 39 0 0 409 736 0 53 710 50 11 994 867 343 0 307 254 663 434 0 0 514 41 
0 0 795 44 0 914 313 240 962 964 507 388 313 388 399 0 44 0 0 110 996 465 0 461 959 477 356 504 628 0 0 562 725 906 60 788 269 0 587 970 0 287 30 707 718 0 0 0 745 96 0 438 0 0 643 727 164 276 670 993 71 530 691 0 551 0 0 74 0 327 0 709 0 0 901 590 935 891 348 657 460 11 454 0 151 357 699 708 127 638 506 
738 865 331 2 0 220 303 658 525 808 958 921 0 393 0 0 48 590 0 439 0 0 0 836 136 119 130 0 0 0 919 100 137 198 798 0 260 395 879 38 663 761 296 373 751 522 447 806 828 187 438 0 0 0 0 0 0 466 844 628 0 0 434 0 0 100 202 0 173 698 516 794 0 439 211 593 753 0 37 0 0 0 0 272 290 36 696 814 601 0 0 
0 463 713 117 482 0 644 0 291 558 467 929 833 664 132 566 116 0 315 0 113 0 369 0 451 0 540 711 0 0 774 0 0 782 35 0 345 892 81 181 665 0 0 0 296 0 871 337 186 0 0 0 0 624 2 388 253 188 492 545 980 364 565 395 536 833 633 955 730 0 810 206 796 0 110 519 21 0 639 575 46 852 0 0 262 0 720 513 302 675 503 
254 0 0 965 166 0 722 985 0 0 371 0 587 649 0 285 0 0 53 968 919 248 197 353 230 0 0 894 0 523 631 0 772 763 168 344 508 558 32 26 0 447 0 721 459 377 791 146 335 667 0 0 624 0 254 355 738 0 175 0 997 27 994 828 366 413 492 568 308 240 392 671 749 604 621 965 919 32 718 602 434 889 279 936 0 620 855 0 108 0 859 
929 347 0 590 487 443 0 93 616 740 288 259 768 905 465 502 38 0 723 0 238 0 356 182 536 920 0 69 393 453 823 0 0 811 526 891 0 0 256 485 0 63 933 311 714 850 584 14 202 527 643 0 2 254 0 31 0 115 278 864 394 801 165 38 195 852 0 0 121 272 44 545 57 537 868 46 157 361 323 0 756 531 0 105 0 0 818 0 710 428 333 
203 22 448 668 412 644 465 0 982 837 296 977 387 73 386 906 199 223 267 745 819 179 181 256 291 424 0 292 0 642 0 213 354 456 0 0 352 754 0 631 409 479 2 267 239 469 233 0 447 264 727 0 388 355 31 0 0 882 325 0 0 99 28 289 559 189 0 44 834 245 290 125 418 168 0 990 674 38 0 479 219 257 2 37 571 312 20 0 25 621 0 
0 863 349 299 427 573 0 387 219 576 999 100 0 600 549 130 0 836 532 215 0 824 930 0 276 237 755 742 767 760 485 277 626 170 207 219 242 291 624 207 706 0 0 426 891 966 248 80 608 547 164 0 253 738 0 0 0 743 0 923 0 0 497 0 796 432 578 167 0 398 264 945 232 960 2 0 0 980 278 0 311 617 0 0 0 614 0 362 0 481 904 
343 960 214 436 112 0 762 803 932 300 933 240 564 812 245 653 826 186 262 520 0 0 0 331 321 289 0 20 0 830 956 372 750 61 0 468 834 0 0 0 0 508 407 216 0 0 136 813 511 946 276 466 188 0 115 882 743 0 133 228 659 0 805 198 0 0 192 164 796 254 717 498 118 603 0 687 0 0 264 397 0 920 622 0 0 968 519 0 0 788 684 
965 0 0 401 510 0 117 0 810 621 0 59 0 272 540 857 49 402 0 2 0 0 654 635 0 527 3 746 696 875 414 639 334 92 2 822 0 0 110 0 0 0 339 490 0 0 0 545 0 243 670 844 492 175 278 325 0 133 0 550 252 443 0 0 317 768 874 154 613 78 7 675 420 294 533 0 15 918 893 990 0 0 100 641 773 611 167 141 922 958 906 
402 13 0 0 621 589 0 0 100 803 347 0 0 324 298 374 0 373 351 603 91 293 338 365 648 846 456 875 0 63 208 690 104 472 486 0 90 654 0 11 295 0 786 988 49 35 133 493 126 66 993 628 545 0 864 0 923 228 550 0 0 422 0 877 410 253 616 701 104 777 869 0 572 413 0 269 524 108 177 876 227 936 117 0 680 882 734 133 129 0 394 
0 32 933 0 924 741 218 471 403 220 999 100 100 0 0 35 714 135 663 951 8 0 0 0 175 0 710 486 22 0 509 225 474 428 0 535 0 522 901 508 456 677 242 975 0 521 138 0 599 12 71 0 980 997 394 0 0 659 252 0 0 494 0 455 90 265 561 122 812 646 902 735 30 121 517 773 977 405 0 425 217 721 532 509 7 542 0 0 313 194 806 
0 686 418 795 0 0 690 9 417 455 0 0 375 723 579 0 6 0 516 174 233 0 0 815 173 501 0 0 434 176 697 652 542 513 0 421 949 0 673 396 699 379 732 0 291 0 0 552 994 184 530 0 364 27 801 99 0 0 443 422 494 0 683 501 242 996 371 939 0 631 979 67 104 0 811 351 0 891 0 335 97 934 0 68 958 0 337 0 288 243 0 
0 584 0 308 729 510 545 379 0 992 614 609 748 0 334 324 876 0 570 256 0 0 194 0 203 372 0 751 695 793 38 663 10 0 105 811 0 0 881 678 776 884 0 0 3 0 275 893 159 991 691 434 565 994 165 28 497 805 0 0 0 683 0 797 0 229 0 0 207 514 262 214 490 287 565 601 842 187 443 16 0 0 491 757 776 915 142 407 456 384 386 
239 111 0 0 0 407 460 0 109 648 223 232 394 9 584 886 644 819 985 651 364 106 547 0 171 428 282 506 800 0 803 0 994 471 272 90 0 559 337 0 460 0 433 143 0 300 0 688 950 0 0 0 395 828 38 289 0 198 0 877 455 501 797 0 0 0 0 0 0 0 356 210 0 380 338 978 992 641 527 9 858 0 956 154 357 627 606 867 281 731 0 
0 475 704 0 588 0 117 307 310 977 4 0 716 372 609 0 282 186 946 992 494 694 806 250 709 819 852 684 0 0 0 0 0 769 619 829 380 732 89 0 594 0 272 190 0 608 753 868 684 0 551 0 536 366 195 559 796 0 317 410 90 242 0 0 0 454 524 617 315 0 0 0 556 455 452 0 0 0 624 554 0 497 554 494 271 14 852 0 117 0 0 
671 0 640 931 858 622 60 0 0 298 0 793 0 851 0 0 854 753 0 848 0 150 340 0 996 178 0 437 0 0 793 0 26 772 15 63 301 564 183 0 172 0 0 533 946 616 0 271 0 196 0 100 833 413 852 189 432 0 768 253 265 996 229 0 454 0 258 228 529 693 721 0 517 527 624 370 0 0 215 968 69 352 70 0 36 188 184 468 0 0 437 
0 991 370 139 810 631 9 0 354 893 624 722 0 840 906 806 113 771 201 541 853 0 66 737 244 61 613 179 0 425 71 0 407 475 309 463 40 0 813 0 117 0 0 811 965 870 0 996 0 600 0 202 633 492 0 0 578 192 874 616 561 371 0 0 524 258 0 0 550 933 672 770 775 793 360 308 58 439 0 669 822 906 91 0 0 372 150 145 580 0 671 
524 0 0 757 7 790 363 960 296 179 242 0 833 156 852 896 316 113 278 885 0 248 0 88 848 359 896 96 0 0 845 661 118 923 974 827 585 201 268 0 0 111 213 0 475 233 187 419 339 0 74 0 955 568 0 44 167 164 154 701 122 939 0 0 617 228 0 0 974 196 434 987 157 546 248 974 13 520 0 570 972 987 228 987 636 380 595 895 187 715 510 
0 393 704 137 769 306 429 0 370 0 659 127 761 993 0 0 0 43 7 450 966 0 0 550 632 693 0 983 360 230 658 694 994 0 465 696 0 0 205 883 29 335 104 0 919 880 587 0 534 859 0 173 730 308 121 834 0 796 613 104 812 0 207 0 315 529 550 974 0 493 0 932 327 0 0 0 696 998 0 0 845 0 557 757 213 617 29 0 548 0 962 
0 702 196 909 400 952 0 326 162 813 191 0 595 74 0 97 669 873 0 911 396 444 915 867 379 29 143 511 0 0 303 742 914 0 111 0 0 544 485 929 0 796 66 2 59 0 314 832 594 39 327 698 0 240 272 245 398 254 78 777 646 631 514 0 0 693 933 196 493 0 131 922 672 486 0 698 0 229 934 883 237 970 694 147 0 986 112 0 589 842 429 
892 417 674 460 0 640 486 846 0 917 30 432 0 416 939 175 91 602 0 835 427 0 29 0 310 518 897 602 0 4 257 50 421 657 411 0 240 370 591 928 0 415 0 0 603 0 35 264 0 0 0 516 810 392 44 290 264 717 7 869 902 979 262 356 0 721 672 434 0 131 0 418 580 978 141 0 602 209 789 486 472 441 290 643 0 333 0 92 864 770 303 
233 0 312 684 555 0 0 868 686 0 0 235 385 180 0 0 767 966 20 221 675 474 231 548 245 208 754 273 692 829 0 663 690 446 740 0 253 170 540 837 455 0 910 0 0 717 0 494 760 0 709 794 206 671 545 125 945 498 675 0 735 67 214 210 0 0 770 987 932 922 418 0 861 423 134 655 0 870 760 791 624 0 708 54 4 349 869 680 432 0 461 
462 907 245 0 995 0 922 227 414 291 366 632 323 103 0 962 0 412 60 818 495 434 949 472 93 785 377 0 102 637 0 314 182 254 461 218 64 5 516 74 480 691 885 644 576 815 0 0 633 409 0 0 796 749 57 418 232 118 420 572 30 104 490 0 556 517 775 157 327 672 580 861 0 508 0 729 0 224 114 915 289 0 784 0 955 811 234 506 869 706 183 
557 14 0 0 831 446 0 970 0 661 655 728 64 796 376 464 124 75 682 0 257 26 0 862 0 0 504 307 891 475 163 0 0 549 244 239 781 780 0 993 943 811 411 985 0 571 0 797 0 736 0 439 0 604 537 168 960 603 294 413 121 0 287 380 455 527 793 546 0 486 978 423 508 0 894 252 206 786 324 640 455 167 825 368 0 0 183 894 0 259 197 
400 620 846 232 615 866 876 801 907 141 476 395 607 365 301 0 49 960 812 621 843 289 514 307 0 106 508 443 670 271 0 990 873 463 169 0 474 942 567 348 797 965 513 269 236 191 0 544 0 0 901 211 110 621 868 0 2 0 533 0 517 811 565 338 452 624 360 248 0 0 141 134 0 894 0 367 420 0 120 824 280 0 955 0 392 260 353 0 0 0 0 
0 0 391 0 642 384 225 938 0 443 0 587 571 69 515 166 813 0 942 684 533 725 455 0 484 284 0 155 402 483 0 478 561 0 901 637 301 817 444 897 552 308 0 425 280 0 251 791 660 53 590 593 519 965 46 990 0 687 0 269 773 351 601 978 0 370 308 974 0 698 0 655 729 252 367 0 150 565 0 0 0 547 863 38 0 13 406 790 933 69 0 
434 0 877 0 729 88 420 604 992 0 202 914 308 726 673 464 559 337 146 288 0 0 0 349 372 268 0 990 0 523 375 46 981 0 808 447 446 674 417 145 797 0 52 525 0 162 219 698 0 710 935 753 21 919 157 674 0 0 15 524 977 0 842 992 0 0 58 13 696 0 602 0 0 206 420 150 0 0 490 272 400 113 59 780 735 641 756 419 0 47 95 
348 0 775 650 703 861 611 0 915 84 0 0 557 0 0 66 657 0 0 0 762 255 732 783 604 977 215 46 289 201 0 0 595 216 456 728 751 672 200 224 931 335 695 0 603 730 0 909 514 50 891 0 0 32 361 38 980 0 918 108 405 891 187 641 0 0 439 520 998 229 209 870 224 786 0 565 0 0 0 212 35 789 109 0 165 220 721 0 0 196 233 
0 0 284 78 548 0 0 959 597 765 376 0 652 479 448 0 967 234 432 408 881 0 85 940 68 0 0 896 276 0 589 581 626 864 661 215 0 0 44 388 662 903 27 949 0 572 832 304 28 11 348 37 639 718 323 0 278 264 893 177 0 0 443 527 624 215 0 0 0 934 789 760 114 324 120 0 490 0 0 185 0 923 0 98 831 861 8 605 707 200 877 
141 877 400 0 86 834 28 290 861 485 772 207 0 680 49 131 266 192 928 463 292 814 572 377 116 29 978 0 550 993 148 392 557 702 255 410 245 0 917 643 170 58 512 619 0 738 0 0 510 994 657 0 575 602 0 479 0 397 990 876 425 335 16 9 554 968 669 570 0 883 486 791 915 640 824 0 272 212 185 0 0 64 937 0 803 363 64 3 593 0 0 
389 0 403 198 147 507 0 932 754 505 184 600 0 106 0 941 400 0 204 0 676 360 715 589 551 0 124 771 594 988 246 470 0 832 145 991 585 210 904 60 545 302 61 205 873 791 271 562 949 867 460 0 46 434 756 219 311 0 0 227 217 97 0 858 0 69 822 972 845 237 472 624 289 455 280 0 400 35 0 0 0 465 872 755 19 870 493 0 296 801 120 
879 22 632 534 833 0 935 605 700 0 699 929 721 0 688 880 0 516 195 700 373 68 0 879 36 0 326 0 291 0 0 812 0 0 424 418 824 256 0 0 307 326 891 29 146 23 473 374 0 343 11 0 852 889 531 257 617 920 0 936 721 934 0 0 497 352 906 987 0 970 441 0 0 167 0 547 113 789 923 64 465 0 631 281 0 702 0 205 737 396 546 
296 153 0 453 0 449 0 902 0 0 0 693 351 20 976 987 0 0 0 696 0 790 0 315 242 449 702 516 0 0 534 0 751 721 989 494 396 0 691 146 0 0 293 869 10 125 0 393 315 0 454 0 0 279 0 2 0 622 100 117 532 0 491 956 554 70 91 228 557 694 290 708 784 825 955 863 59 109 0 937 872 631 0 958 68 774 553 854 591 268 101 
947 787 879 492 157 578 0 387 0 0 955 0 552 0 862 0 293 416 0 327 51 543 40 48 0 670 0 904 688 121 923 0 795 386 422 0 118 215 951 258 0 0 434 159 951 409 206 0 0 307 0 272 0 936 105 37 0 0 641 0 509 68 757 154 494 0 0 987 757 147 643 54 0 368 0 38 780 0 98 0 755 281 958 0 555 362 800 427 11 0 0 
100 212 62 589 889 990 23 154 999 0 0 0 228 404 0 0 910 910 215 435 0 890 783 0 140 645 0 521 7 0 171 0 782 999 566 0 0 710 0 184 544 989 880 538 0 320 350 0 983 254 151 290 262 0 0 571 0 0 773 680 7 958 776 357 271 36 0 636 213 0 0 4 955 0 392 0 735 165 831 803 19 0 68 555 0 456 191 310 654 473 76 
305 961 616 2 275 26 83 999 816 278 91 66 444 412 386 548 830 943 571 0 963 277 0 341 621 786 0 904 899 513 634 145 0 0 89 20 219 887 819 226 438 889 489 265 924 469 606 818 771 663 357 36 0 620 0 312 614 968 611 882 542 0 915 627 14 188 372 380 617 986 333 349 811 0 260 13 641 220 861 363 870 702 774 362 456 0 762 713 188 843 269 
0 269 155 438 219 0 0 914 0 980 377 58 913 231 325 0 745 0 418 0 506 986 654 250 686 0 483 636 752 0 188 582 894 813 576 860 568 424 0 402 558 48 0 95 909 0 309 661 478 434 699 696 720 855 818 20 0 519 167 734 0 337 142 606 852 184 150 595 29 112 0 869 234 183 353 406 756 721 8 64 493 0 553 800 191 762 0 11 466 0 977 
286 0 0 0 0 42 805 356 758 78 815 515 0 851 623 0 993 252 247 803 0 927 541 0 499 123 0 0 601 387 208 893 550 0 0 0 0 906 293 568 787 341 402 0 912 352 0 891 540 0 708 814 513 0 0 0 362 0 141 133 0 0 407 867 0 468 145 895 0 0 92 680 506 894 0 790 419 0 605 3 0 205 854 427 310 713 11 0 0 578 781 
77 818 341 487 915 272 5 721 882 910 848 0 847 959 139 840 128 680 765 851 512 0 765 990 339 919 583 975 378 826 881 826 0 694 619 894 634 306 116 0 935 189 317 496 63 0 0 932 308 0 127 601 302 108 710 25 0 0 922 129 313 288 456 281 117 0 580 187 548 589 864 432 869 0 0 933 0 0 707 593 296 737 591 11 654 188 466 0 0 0 382 
809 0 0 0 396 206 694 0 0 280 0 895 841 0 344 328 0 901 14 249 175 802 949 563 774 774 107 971 464 41 0 0 0 983 61 594 861 0 0 486 0 0 0 0 0 749 0 0 436 514 638 0 675 0 428 621 481 788 958 0 194 243 384 731 0 0 0 715 0 842 770 0 706 259 0 69 47 196 200 0 801 396 268 0 473 843 0 578 0 0 772 
645 245 927 381 0 509 247 0 0 259 0 669 766 0 945 174 0 0 405 125 112 412 462 118 663 561 129 494 899 131 875 480 552 112 0 352 0 0 720 828 493 730 298 0 503 426 358 0 493 41 506 0 503 859 333 0 904 684 906 394 806 0 386 0 0 437 671 510 962 429 303 461 183 197 0 0 95 233 877 0 120 546 101 0 76 269 977 781 382 772 0 
