0 709 809 342 443 0 0 818 0 0 496 784 0 870 184 504 0 786 102 629 826 570 549 0 353 0 903 0 961 919 954 0 567 743 0 706 0 524 508 98 659 0 569 249 27 267 646 773 0 450 810 682 217 0 494 593 92 794 436 0 514 183 776 0 887 0 531 254 0 0 21 972 340 0 989 250 100 0 564 950 339 0 0 904 228 964 275 0 514 78 938 196 657 739 509 648 288 139 968 569 229 751 656 218 364 402 0 542 336 0 805 0 429 85 883 229 417 473 609 364 0 565 582 0 0 184 0 0 0 92 0 796 0 0 83 836 365 0 580 115 0 0 0 176 0 746 299 0 623 6 751 782 0 544 718 377 778 265 0 0 19 0 452 238 325 0 0 837 217 403 683 785 917 0 298 386 679 217 0 408 164 356 531 715 0 206 0 731 212 617 504 92 311 0 623 306 13 662 728 702 223 0 0 0 32 0 22 355 0 0 0 409 569 532 271 952 728 260 0 542 309 818 0 709 658 525 0 256 496 519 0 915 420 366 982 0 0 850 164 876 466 267 475 0 201 556 993 543 933 83 259 0 910 0 420 0 0 933 566 0 908 0 754 646 947 617 0 0 547 474 0 0 232 0 0 756 583 438 477 664 
709 0 851 625 286 588 628 0 0 0 462 402 0 79 822 0 0 412 925 501 61 0 124 890 999 0 733 845 71 873 0 78 0 524 0 635 684 0 435 349 642 918 413 566 908 409 785 0 0 480 880 106 260 0 898 494 190 0 387 308 903 101 880 424 235 639 352 206 0 618 574 833 496 379 0 291 344 567 617 528 677 122 0 204 0 26 953 331 352 504 819 0 606 344 186 658 141 2 575 188 233 0 0 799 606 424 0 602 150 222 438 609 0 264 0 0 0 993 956 823 748 0 865 690 937 0 54 0 860 946 548 4 485 742 0 0 0 673 642 972 856 68 554 857 373 657 997 626 83 541 414 329 833 824 298 0 595 0 0 737 133 380 956 0 862 792 0 0 0 850 712 0 25 0 0 328 451 164 642 0 219 0 636 424 835 133 0 0 0 645 914 874 823 92 0 238 549 0 862 454 0 152 679 201 766 272 142 32 0 765 0 458 647 0 312 922 938 961 77 236 415 129 900 886 52 0 265 827 491 639 261 295 0 334 756 286 0 0 322 938 620 226 568 776 682 137 102 787 127 0 0 167 890 351 253 415 749 0 0 449 0 0 90 940 0 0 495 174 0 872 320 739 916 244 819 739 0 0 0 715 
809 851 0 760 175 0 54 172 0 874 221 952 492 828 91 0 275 0 325 476 0 0 648 869 0 266 923 392 131 423 941 489 510 379 901 380 846 730 503 301 538 441 886 30 199 978 890 307 781 433 0 882 0 0 93 521 278 335 676 0 275 0 107 909 0 270 196 183 0 0 323 453 0 698 759 380 191 871 394 931 399 184 93 224 505 931 678 231 751 736 51 209 59 390 0 618 490 928 48 472 42 802 0 373 572 198 258 244 535 554 421 588 730 0 250 518 908 259 469 592 680 499 841 97 892 231 0 235 325 747 799 0 789 905 526 22 498 447 959 0 306 970 954 593 0 303 0 313 0 0 816 0 231 559 699 386 998 26 0 201 331 981 0 753 0 110 830 913 626 0 981 712 0 0 450 859 0 0 887 0 235 678 0 151 0 627 18 0 422 0 0 307 0 888 0 302 0 730 868 0 278 52 0 0 78 0 97 136 890 283 196 0 13 0 0 45 967 0 0 590 3 193 617 0 18 220 244 371 858 792 397 478 53 0 0 82 0 105 298 905 234 510 0 262 186 138 105 968 0 0 0 503 0 552 0 655 704 0 0 778 122 865 414 243 414 604 9 180 380 525 447 745 396 0 541 606 722 396 685 956 
342 625 760 0 0 0 69 0 66 708 56 969 0 0 558 365 801 948 542 0 33 401 243 144 934 0 0 423 837 0 999 0 0 0 412 932 436 896 96 328 520 0 608 907 70 861 907 226 392 816 893 863 147 786 0 485 797 0 577 988 0 0 307 0 961 0 0 252 702 844 759 0 0 0 0 153 0 618 0 776 280 731 0 718 743 835 0 0 671 740 366 0 411 839 88 0 526 124 0 885 144 927 783 243 634 384 242 73 145 0 461 784 410 600 939 677 0 230 872 396 735 992 970 497 938 894 970 303 0 810 0 0 247 785 0 845 0 0 943 305 556 279 262 542 448 999 311 809 893 103 925 70 0 0 0 863 11 0 581 38 615 0 356 973 0 182 926 548 884 159 916 811 0 502 887 0 0 932 651 0 394 953 60 808 0 0 491 374 302 0 309 0 111 597 378 619 709 767 262 833 412 0 423 66 237 0 748 0 841 0 659 507 0 507 49 697 868 435 434 301 0 430 775 0 536 0 0 325 158 0 0 0 0 0 0 469 280 409 571 1 0 612 946 681 659 838 0 0 0 0 980 2 51 972 460 0 882 998 400 351 573 9 620 222 0 277 0 0 901 0 10 0 875 645 316 776 775 0 984 2 
443 286 175 0 0 432 0 248 161 432 953 658 432 599 0 0 74 545 27 378 496 532 597 160 617 0 0 0 496 526 895 930 906 807 480 0 687 838 70 514 0 494 87 713 707 438 0 0 825 720 929 264 0 214 0 702 108 425 803 341 663 739 36 533 114 764 0 0 938 0 719 617 200 765 85 0 646 241 0 873 591 471 28 774 41 232 0 0 636 0 0 498 942 940 98 157 173 0 168 198 585 756 0 513 576 747 743 208 655 819 101 0 947 787 279 157 188 482 20 528 228 872 165 0 382 865 895 300 285 0 0 400 303 825 960 95 133 0 30 16 0 0 724 455 321 954 80 619 216 0 97 0 598 0 0 359 672 661 469 730 677 293 480 473 843 603 325 858 0 683 0 995 212 0 0 442 0 180 614 67 801 0 899 299 83 283 917 439 0 905 951 0 0 562 6 686 803 360 464 467 299 951 24 241 534 772 0 0 0 192 951 0 757 2 201 219 0 730 430 0 999 824 114 593 120 0 190 0 66 663 160 466 422 349 432 0 186 0 0 352 806 577 0 0 0 711 16 22 315 0 0 766 149 520 315 135 864 0 736 0 0 509 326 0 242 0 418 964 409 345 645 0 361 892 0 879 342 219 0 798 
0 588 0 0 432 0 209 191 0 930 599 627 787 250 21 446 123 551 10 0 0 110 133 736 63 112 851 0 571 515 0 0 0 571 0 783 150 8 897 349 927 0 0 700 679 116 206 0 250 535 0 978 226 93 653 150 366 319 233 347 0 37 658 392 900 0 390 789 447 791 990 173 500 0 760 509 0 836 0 0 689 0 389 530 313 502 95 526 0 221 207 538 0 173 118 496 0 635 801 806 629 0 925 843 198 523 43 524 209 88 857 67 505 841 0 575 339 591 0 0 905 728 0 120 498 135 972 787 75 305 0 787 517 0 999 600 0 285 0 719 0 46 0 0 275 978 561 997 404 824 436 270 66 790 733 274 21 423 0 344 998 863 594 351 899 413 0 0 513 303 227 747 0 198 0 465 0 78 803 696 0 249 597 0 106 954 52 0 503 107 197 391 286 968 969 0 331 0 38 0 824 697 452 799 80 458 0 91 17 878 205 167 0 543 908 924 0 0 732 0 53 632 0 0 255 28 422 729 0 149 897 111 798 0 0 0 150 0 270 919 0 999 724 588 813 512 463 840 264 439 258 433 675 310 0 234 149 0 295 0 162 0 741 169 273 141 403 0 0 994 663 24 0 983 784 0 854 0 115 0 
0 628 54 69 0 209 0 194 652 54 997 851 268 869 847 0 131 0 692 455 845 0 496 0 682 458 822 199 795 0 963 427 456 0 0 399 0 558 133 0 356 633 0 990 323 0 693 973 862 0 0 0 457 438 802 283 961 106 534 0 341 152 904 0 685 711 0 0 396 273 0 0 646 152 306 533 0 127 0 588 841 0 156 0 582 558 938 398 225 0 855 545 401 951 386 208 700 0 459 0 658 689 0 677 0 314 114 351 0 341 679 272 770 108 196 0 0 0 724 372 872 489 456 645 905 417 62 0 535 219 256 209 179 924 227 0 876 594 532 505 33 382 0 929 228 550 236 458 64 240 61 633 0 652 327 472 0 570 1 649 0 266 925 901 316 322 220 637 207 508 520 563 0 0 268 0 0 409 0 7 790 757 158 866 715 0 0 0 0 707 527 816 881 443 641 126 688 894 308 0 78 959 602 427 4 171 109 403 0 153 0 310 0 0 466 110 763 394 0 471 702 452 332 422 879 596 949 236 986 202 665 0 101 904 313 457 0 788 286 579 449 679 892 645 836 0 0 172 300 0 0 327 0 977 0 953 991 234 605 0 968 860 765 264 0 298 651 572 614 810 164 895 76 131 0 0 411 0 599 276 
818 0 172 0 248 191 194 0 992 0 251 487 0 110 436 0 0 0 941 786 856 355 352 957 562 134 331 895 535 493 0 0 349 0 385 382 0 688 295 621 770 665 723 163 467 0 439 727 952 138 302 842 767 47 683 0 387 0 757 680 890 900 0 39 258 348 0 0 974 573 0 0 467 21 208 967 192 683 117 986 651 436 622 2 485 0 409 228 58 846 188 259 549 32 669 836 207 468 0 0 602 375 0 549 406 521 0 909 762 655 54 518 0 152 181 137 72 0 705 0 260 0 0 1 866 155 74 35 354 587 132 69 862 849 229 7 382 160 0 32 40 889 163 342 103 0 394 0 0 471 347 53 855 181 902 908 0 536 0 0 242 753 0 639 0 360 27 355 193 52 590 0 290 249 871 430 806 987 995 98 433 80 0 0 0 6 647 678 323 175 0 968 547 0 35 708 0 844 265 971 0 294 551 260 237 0 979 881 302 533 673 513 882 430 0 0 11 560 894 0 69 73 217 849 699 0 510 896 0 155 906 442 338 385 800 161 145 0 4 0 525 461 178 611 0 0 367 84 905 621 181 975 883 979 181 553 524 640 0 0 198 439 254 0 917 538 314 0 0 765 0 221 677 535 391 962 0 367 971 612 
0 0 0 66 161 0 652 992 0 0 755 657 803 0 0 0 199 627 289 528 0 637 169 0 0 344 0 797 12 854 227 476 80 0 99 352 0 0 0 477 703 458 719 586 0 342 0 44 2 959 66 0 0 452 582 300 835 314 194 0 650 202 633 538 137 292 391 664 385 794 541 0 0 602 0 996 871 236 246 325 0 0 418 631 471 735 899 0 0 817 86 876 933 990 48 973 0 695 772 0 518 762 0 752 0 395 722 608 0 923 0 278 407 508 720 181 692 0 0 673 360 374 827 0 588 161 112 473 744 375 987 963 161 780 429 497 305 176 0 0 275 295 16 991 317 492 710 0 0 940 33 315 0 143 0 628 0 65 0 0 296 0 384 723 0 551 866 507 248 0 197 873 597 0 415 0 343 105 0 721 213 0 175 0 0 835 0 656 75 541 821 713 118 296 242 49 254 797 570 0 796 799 345 0 1 471 944 882 944 865 563 0 104 121 0 0 90 0 440 329 714 182 0 0 0 183 912 77 0 289 403 673 770 17 896 0 361 266 592 998 479 176 901 981 441 331 33 0 661 81 291 739 886 737 608 0 759 344 494 211 0 654 936 535 0 60 0 387 0 612 217 178 65 351 90 893 0 0 32 445 
0 0 874 708 432 930 54 0 0 0 600 736 0 0 0 0 853 0 0 761 689 951 650 81 666 554 775 876 897 900 830 0 0 135 977 0 0 0 661 451 508 537 683 294 825 440 337 576 947 95 89 0 0 285 89 410 959 0 0 640 459 0 909 980 769 392 46 114 549 873 341 0 0 810 875 170 187 620 875 752 61 24 0 426 342 545 416 834 779 913 803 342 0 735 223 0 0 922 984 457 0 647 387 508 687 494 23 174 360 0 0 0 0 21 0 119 0 235 0 599 0 971 0 0 257 863 980 463 529 130 0 284 719 136 0 10 0 557 821 0 0 686 0 175 16 90 0 256 740 366 861 58 293 457 751 514 708 790 0 57 390 558 138 49 710 748 461 530 224 747 401 724 965 575 615 622 886 636 0 916 0 965 513 0 937 838 0 0 0 370 0 580 657 786 9 328 788 438 601 198 482 54 0 441 0 0 746 314 457 966 787 0 111 357 862 339 345 626 74 858 518 383 953 982 775 119 0 0 876 153 0 0 0 215 0 0 0 591 463 304 0 0 870 835 0 0 83 44 726 942 0 71 0 153 0 25 0 185 234 344 0 0 0 0 213 197 0 0 168 694 648 0 0 457 49 83 355 339 641 475 
496 462 221 56 953 599 997 251 755 600 0 866 510 0 315 731 0 920 443 265 805 271 944 675 0 489 0 0 800 0 360 0 766 37 557 724 0 845 0 72 933 636 0 330 231 319 0 212 811 932 527 724 0 994 503 0 19 991 0 590 0 201 236 896 533 82 971 683 0 725 226 236 289 508 994 68 798 277 0 771 0 841 771 187 0 384 451 887 715 71 810 609 0 0 0 879 827 822 0 138 0 589 0 165 0 0 0 291 0 999 91 318 147 876 622 769 176 0 0 0 909 994 660 141 663 148 478 8 623 425 0 388 0 364 888 309 978 121 130 90 477 96 910 783 0 0 841 0 122 560 378 226 491 0 170 211 0 190 941 107 792 765 0 145 232 0 427 0 759 0 383 918 262 0 0 852 0 672 154 463 89 255 0 737 341 408 179 722 0 21 881 0 834 310 0 896 358 990 297 731 991 0 957 906 690 902 748 311 989 0 832 515 332 770 0 280 125 728 8 0 10 353 838 0 761 727 745 0 623 0 230 0 0 345 404 384 956 14 493 873 0 357 145 892 686 347 677 0 0 503 0 823 156 927 300 689 428 754 0 834 509 35 201 795 0 698 11 954 925 601 494 0 102 230 89 274 150 0 702 586 
784 402 952 969 658 627 851 487 657 736 866 0 105 0 337 0 0 0 900 0 0 0 0 195 0 409 201 602 629 847 151 0 513 0 337 334 34 747 0 675 5 858 855 74 83 47 0 297 0 480 47 435 21 0 482 459 243 248 743 0 717 978 0 0 0 361 0 87 185 142 118 0 111 459 625 0 0 0 291 317 103 746 75 12 324 0 515 980 0 778 680 558 60 0 175 762 853 0 188 434 515 682 955 387 0 88 662 0 968 400 647 193 596 766 400 193 116 781 0 0 387 766 697 777 22 849 328 623 539 962 531 682 60 553 886 0 0 0 900 819 552 745 66 0 0 0 678 401 79 0 19 257 621 776 11 414 588 373 451 483 0 0 0 471 415 0 0 844 0 328 348 102 772 497 32 185 935 248 102 696 0 0 656 480 364 245 13 0 258 717 802 536 0 977 901 709 237 0 49 71 76 0 665 0 155 0 786 0 700 0 466 0 858 228 523 0 761 0 267 592 0 870 86 827 149 630 216 549 0 826 705 603 0 462 30 962 666 143 0 85 98 480 995 469 744 502 0 814 166 666 815 216 0 91 954 369 66 499 152 126 483 65 742 0 0 960 69 39 575 140 658 0 327 185 0 0 981 303 0 192 
0 0 492 0 432 787 268 0 803 0 510 105 0 378 0 495 676 0 0 967 974 642 70 396 0 312 990 0 312 131 892 0 477 578 0 623 0 33 0 506 0 0 167 82 646 652 0 0 616 645 399 232 0 517 504 336 197 111 0 897 0 173 499 0 0 21 474 903 366 744 401 840 0 0 609 154 0 0 733 55 995 157 932 130 0 0 781 839 0 846 319 670 22 180 8 550 0 723 534 395 697 756 793 930 602 915 618 222 267 518 0 0 102 229 978 0 606 501 636 368 0 238 281 505 822 367 152 0 0 684 0 193 799 351 794 481 0 229 0 198 0 40 313 0 0 12 479 0 562 0 92 0 889 972 0 0 814 823 179 557 0 730 0 0 292 0 926 868 0 649 660 0 72 426 0 863 389 0 260 346 494 681 0 94 952 483 0 704 187 527 375 20 19 377 940 162 852 886 3 0 12 849 885 384 0 686 80 251 0 937 0 983 84 349 337 408 361 9 371 895 288 90 343 0 799 155 193 432 257 859 182 992 121 0 931 85 834 106 651 0 0 485 0 205 333 40 0 764 0 405 771 431 531 422 0 602 809 824 965 553 716 602 391 52 941 0 774 417 0 957 605 0 268 162 838 0 64 495 881 809 
870 79 828 0 599 250 869 110 0 0 0 0 378 0 905 900 341 933 701 425 602 689 295 800 612 0 537 530 717 192 191 20 772 205 615 0 0 330 0 625 893 398 88 650 0 937 400 701 192 128 0 0 506 483 980 161 897 0 254 656 0 282 359 812 62 228 816 0 587 219 28 183 0 0 0 432 250 247 478 0 0 554 0 900 0 385 251 816 620 156 0 992 0 0 0 325 0 0 0 46 912 565 0 0 0 132 733 0 48 841 820 0 312 520 964 693 254 0 639 465 453 223 756 659 244 69 551 296 236 0 661 234 507 0 0 23 641 961 947 361 0 0 734 205 0 748 351 301 0 27 0 0 446 0 371 638 496 290 574 0 436 105 899 0 559 878 0 817 604 941 200 877 0 0 85 972 875 155 993 354 175 358 933 456 92 147 210 793 883 419 714 287 565 195 661 0 0 644 327 876 0 107 235 349 490 989 140 0 584 0 736 0 947 73 614 684 997 416 270 345 523 709 416 902 0 0 239 563 0 556 848 951 782 403 246 56 695 308 192 0 99 809 500 0 42 854 81 0 43 571 934 0 294 0 869 0 836 829 0 762 431 930 162 833 128 658 0 0 667 0 0 870 620 0 0 854 384 229 680 351 
184 822 91 558 0 21 847 436 0 0 315 337 0 905 0 136 893 583 873 832 0 267 832 173 174 340 217 938 0 721 0 5 982 236 522 328 458 274 671 0 917 787 21 211 0 195 0 0 136 177 765 372 138 869 702 858 672 816 98 556 0 745 499 0 0 483 843 0 537 952 0 528 664 0 614 804 258 566 0 527 193 215 0 856 221 740 0 876 475 58 0 848 166 0 611 0 0 486 0 496 485 597 402 0 11 948 0 376 10 0 857 113 88 443 95 26 462 31 879 49 559 196 704 8 963 787 513 179 533 0 343 671 759 155 953 529 413 362 0 0 0 880 922 15 491 0 455 85 179 10 47 907 58 0 0 0 155 5 742 60 766 421 417 557 312 0 483 861 0 698 392 405 804 943 123 860 876 831 701 580 0 0 453 0 472 565 294 506 0 383 429 874 193 498 0 0 610 347 0 564 191 748 906 0 504 838 551 108 166 921 652 165 0 177 0 499 982 432 0 336 411 0 886 0 217 0 616 951 0 857 0 0 0 991 762 825 830 0 589 791 543 0 909 690 428 610 0 840 909 136 39 936 687 318 0 0 0 748 951 414 279 103 137 44 177 0 889 0 874 757 33 506 62 0 0 0 0 705 471 0 
504 0 0 365 0 446 0 0 0 0 731 0 495 900 136 0 610 0 0 0 911 611 351 66 62 157 304 8 802 0 0 728 0 387 806 483 0 93 567 207 159 490 0 357 0 0 673 354 403 843 913 749 323 725 37 196 474 342 0 959 526 0 0 134 275 0 508 592 0 0 0 23 0 332 859 406 429 683 520 460 318 544 0 0 0 722 483 405 99 708 672 713 408 53 700 491 0 0 642 0 847 18 0 0 0 893 942 914 591 638 227 0 490 0 872 179 732 437 481 0 451 541 124 507 197 996 0 0 528 0 134 303 883 319 15 0 0 0 190 655 0 85 890 0 0 161 744 0 904 0 289 383 74 0 302 923 701 509 0 0 460 498 360 845 590 0 730 678 0 686 695 787 0 799 0 956 0 108 963 617 897 0 0 0 442 975 727 715 264 834 309 571 823 492 0 720 841 294 361 676 0 946 944 90 418 0 602 79 281 0 185 339 277 247 18 475 999 435 914 0 395 286 289 453 286 997 814 762 800 726 0 944 824 656 65 19 721 878 505 321 26 286 755 696 618 0 869 749 233 748 722 189 641 722 759 0 0 0 0 152 89 826 0 0 0 946 465 902 157 20 808 484 215 0 773 0 796 834 349 849 
0 0 275 801 74 123 131 0 199 853 0 0 676 341 893 610 0 0 848 624 0 614 257 736 0 365 431 396 0 462 555 638 668 34 241 902 463 21 9 0 0 594 185 0 518 22 15 0 0 206 0 958 93 123 785 0 310 151 65 0 880 869 91 536 800 934 856 764 395 974 90 334 986 969 556 238 283 662 192 926 895 808 324 383 0 0 13 0 929 0 42 0 74 0 183 554 94 754 0 943 992 665 203 697 0 0 0 317 903 595 459 0 293 960 0 717 757 475 847 165 0 712 794 761 64 605 304 697 261 269 0 823 676 845 0 532 991 688 933 93 901 0 903 93 651 410 0 0 39 0 0 306 704 361 396 0 991 941 127 0 294 709 675 182 0 91 238 0 120 150 0 592 642 664 0 533 641 614 28 137 427 330 600 749 124 836 0 866 392 900 0 434 0 0 547 150 457 0 983 380 908 0 185 444 0 55 627 963 136 0 996 0 847 877 584 453 0 583 401 800 0 0 31 0 227 187 911 293 323 525 765 584 252 788 187 152 116 679 260 0 0 0 660 357 336 843 337 760 63 514 620 0 170 110 985 306 769 0 0 418 470 296 754 0 878 502 535 632 536 225 340 510 135 233 0 0 149 333 0 996 
786 412 0 948 545 551 0 0 627 0 920 0 0 933 583 0 0 0 0 238 0 663 821 77 637 0 0 684 724 907 0 403 156 330 367 965 0 0 0 730 114 219 570 411 0 159 0 99 0 125 224 0 725 795 2 384 0 290 226 0 488 0 0 0 399 0 100 0 0 787 463 946 545 280 284 0 941 593 190 339 806 485 0 5 504 0 392 0 23 0 576 752 875 662 0 778 645 72 304 220 51 427 599 317 157 0 515 944 0 246 0 321 6 559 479 0 0 500 0 994 811 554 782 243 372 633 0 299 486 274 304 132 888 946 638 0 584 0 0 233 640 369 323 496 339 366 258 118 297 602 796 13 150 800 649 67 503 976 40 964 814 19 359 0 580 39 533 738 144 317 600 211 576 916 704 720 0 0 986 915 890 829 475 716 216 776 0 341 857 554 0 401 160 596 298 210 0 223 696 948 326 0 553 944 338 431 590 363 903 697 743 0 0 498 259 0 404 495 0 727 994 0 596 352 269 0 0 223 734 409 559 851 11 0 340 0 433 793 434 0 180 0 750 193 58 0 62 0 762 280 704 945 989 821 774 331 0 824 898 0 0 553 495 0 756 0 879 851 0 257 0 578 830 250 502 841 572 309 709 436 
102 925 325 542 27 10 692 941 289 0 443 900 0 701 873 0 848 0 0 31 0 0 0 677 226 407 858 0 0 243 587 278 106 342 0 0 0 604 267 225 391 829 162 586 128 0 0 939 671 672 636 862 577 99 17 0 225 929 0 438 865 229 481 0 875 286 955 321 811 168 0 726 0 0 11 823 499 616 405 272 518 0 431 85 192 219 555 322 107 219 606 940 226 541 63 0 72 211 346 0 83 76 0 534 738 869 230 0 155 595 252 0 622 984 276 688 0 74 155 26 255 780 5 277 771 871 63 705 613 677 0 191 22 491 993 13 49 444 0 565 0 0 422 620 0 469 0 240 0 341 253 142 153 635 581 869 187 569 48 854 941 0 447 0 344 720 459 49 0 0 0 0 199 39 0 517 0 49 789 917 0 633 822 791 936 545 563 628 0 556 683 685 325 292 364 713 717 351 978 834 537 0 0 395 44 61 143 0 436 0 434 847 849 340 0 0 252 119 127 745 785 0 769 287 855 428 857 0 905 0 399 70 691 324 159 450 389 118 0 704 967 704 19 717 626 802 488 258 797 22 989 333 0 0 0 632 826 339 0 0 0 855 0 0 779 0 703 137 0 0 0 122 798 742 22 424 399 841 195 604 
629 501 476 0 378 0 455 786 528 761 265 0 967 425 832 0 624 238 31 0 975 0 805 593 283 66 135 79 0 52 65 0 137 281 185 592 0 0 211 569 225 404 0 239 0 0 319 259 785 440 849 941 875 0 369 0 0 498 0 915 508 598 71 672 938 0 0 924 322 86 0 0 985 0 63 0 74 416 40 215 187 0 0 609 0 0 0 0 0 957 410 0 956 244 616 78 501 0 458 519 0 7 0 955 0 460 155 650 764 0 896 940 647 819 10 482 136 441 775 0 756 71 601 971 0 908 494 0 443 858 214 0 0 6 744 0 0 367 18 953 364 0 0 321 443 972 740 403 0 0 0 273 244 988 0 0 936 474 61 777 0 151 630 0 0 501 742 893 896 292 943 200 903 94 772 253 583 605 0 505 0 848 0 598 0 57 0 25 876 0 292 923 0 290 84 59 103 0 611 95 826 244 808 0 666 282 0 0 0 74 429 411 637 391 589 841 0 988 482 596 937 765 289 309 0 697 317 0 138 484 328 768 908 664 0 672 266 326 196 0 660 642 123 777 631 538 92 650 423 567 384 654 0 846 124 684 746 744 725 431 440 636 27 0 955 0 551 147 873 251 881 169 171 162 85 584 38 825 910 589 
826 61 0 33 496 0 845 856 0 689 805 0 974 602 0 911 0 0 0 975 0 752 812 0 303 488 306 351 555 175 0 0 22 397 140 385 553 408 0 653 80 0 211 354 934 938 0 40 95 371 0 99 746 710 101 0 0 276 0 0 0 139 0 0 645 878 560 965 188 660 232 0 267 605 210 350 0 0 0 994 0 277 706 436 0 561 617 647 541 0 579 0 862 35 213 0 922 398 422 0 515 0 263 230 869 308 514 198 968 182 197 0 520 159 353 937 393 22 280 849 344 967 522 760 0 852 366 364 716 58 195 0 0 0 338 155 197 131 623 918 744 75 0 0 764 0 111 258 681 407 828 201 0 0 21 321 778 756 515 0 0 823 680 549 0 661 0 485 429 102 250 164 688 0 113 664 0 0 70 425 183 0 127 762 873 0 338 0 0 917 0 488 542 0 693 167 0 515 451 216 459 947 282 284 0 0 524 321 408 0 763 651 105 595 456 785 376 987 138 481 0 82 0 0 893 195 0 0 564 322 728 667 776 453 0 223 0 604 183 460 306 0 202 315 224 481 710 0 489 194 895 914 608 998 0 0 372 710 0 872 852 0 836 619 825 323 278 759 839 0 0 0 652 43 954 456 683 312 0 106 
570 0 0 401 532 110 0 355 637 951 271 0 642 689 267 611 614 663 0 0 752 0 0 0 143 60 271 0 0 0 240 0 107 299 904 498 923 228 433 0 458 0 522 0 0 932 207 355 43 180 679 0 508 164 733 0 531 935 0 184 265 335 734 715 882 59 175 0 0 98 96 827 576 0 948 0 801 580 223 910 0 170 934 669 873 566 530 597 400 0 0 787 606 199 548 132 513 0 0 261 0 76 389 950 528 252 672 670 482 0 153 644 353 958 213 0 683 0 0 0 0 215 316 889 221 385 646 387 249 0 856 764 917 0 0 176 0 201 882 0 139 2 0 0 287 368 48 0 50 860 247 880 841 157 454 848 285 0 910 95 762 0 0 15 0 375 664 735 43 75 123 608 0 0 0 842 818 612 649 433 818 679 754 0 0 400 374 502 847 601 982 722 404 0 0 393 0 334 45 403 776 735 272 0 0 0 965 751 0 228 514 761 536 934 958 776 13 101 401 58 0 506 195 337 0 131 841 535 134 0 661 0 193 217 486 862 148 0 141 0 0 724 0 0 919 0 273 940 110 93 0 0 882 11 453 109 234 546 646 217 913 0 167 961 638 201 919 572 0 0 649 0 898 0 105 211 0 338 486 180 
549 124 648 243 597 133 496 352 169 650 944 0 70 295 832 351 257 821 0 805 812 0 0 455 504 0 569 194 0 762 592 428 428 234 0 909 889 768 534 0 363 180 262 0 15 823 74 0 225 681 0 717 465 498 33 0 0 0 439 321 0 625 137 964 85 582 924 305 0 806 465 566 709 0 632 1 0 0 994 0 866 354 516 363 374 29 830 0 0 624 0 0 883 76 913 871 0 714 901 423 955 836 696 864 777 0 721 6 908 17 0 764 106 230 759 434 828 349 754 490 657 701 418 204 580 731 0 133 179 594 812 656 917 911 851 773 470 781 432 779 834 794 227 322 468 118 982 0 375 980 0 0 821 788 852 0 0 0 850 157 982 44 0 795 199 248 898 340 0 960 686 302 44 983 396 0 753 269 0 705 131 928 120 650 0 703 0 0 219 329 80 820 501 0 519 526 560 767 0 511 216 661 911 975 808 148 500 68 221 263 637 83 214 923 0 717 386 634 296 712 212 0 555 211 0 0 0 943 152 53 210 858 0 344 232 675 0 178 732 656 110 0 0 139 97 351 553 737 0 260 0 513 510 546 0 696 0 810 570 644 358 807 14 569 171 465 129 169 713 524 942 0 227 91 0 720 354 376 172 282 
0 890 869 144 160 736 0 957 0 81 675 195 396 800 173 66 736 77 677 593 0 0 455 0 520 312 219 239 407 117 607 0 923 0 811 809 120 224 58 333 461 497 215 432 402 0 19 506 874 482 417 157 558 445 824 10 118 319 0 39 255 378 772 897 0 375 641 0 293 897 684 682 0 338 349 3 0 0 0 405 684 400 790 124 0 0 278 317 52 962 703 315 894 531 719 0 53 779 0 381 0 140 9 0 0 299 415 106 977 992 280 0 0 801 514 863 211 313 923 854 0 0 595 0 513 0 0 492 0 465 200 874 0 397 0 401 317 510 107 509 995 155 0 0 714 0 630 86 687 0 101 0 596 0 780 262 234 0 0 0 157 177 422 145 523 619 127 262 618 594 530 301 832 931 789 0 230 0 519 0 0 232 393 103 242 64 645 773 661 536 71 921 578 150 322 274 831 886 613 0 443 600 379 540 156 963 491 365 0 481 879 610 0 490 0 991 2 641 0 584 0 164 523 748 292 743 433 472 404 111 435 0 283 804 287 886 529 23 0 0 585 442 72 0 630 606 331 0 133 993 603 968 324 0 648 0 363 266 856 949 0 151 312 18 410 497 0 0 0 362 425 0 127 0 486 505 781 0 123 31 
353 999 0 934 617 63 682 562 0 666 0 0 0 612 174 62 0 637 226 283 303 143 504 520 0 856 0 76 584 11 747 0 837 286 133 0 809 8 749 477 0 539 788 303 498 0 678 95 0 94 331 0 854 41 949 98 948 605 703 270 0 0 215 45 0 164 925 942 369 173 0 398 234 893 311 412 0 398 422 627 548 91 0 330 438 867 264 789 0 857 395 396 522 232 0 0 0 200 359 568 435 169 428 457 621 709 519 0 193 42 350 971 748 561 50 0 887 128 475 530 811 0 266 505 612 181 974 0 298 83 555 579 763 756 333 617 0 290 385 0 315 863 219 79 0 802 0 390 354 0 672 0 955 309 529 59 157 0 104 312 690 452 659 0 512 805 275 443 78 623 537 247 357 45 851 26 993 569 0 0 150 547 786 760 811 819 0 727 770 553 331 979 0 599 882 817 722 333 734 892 0 900 417 546 173 61 0 330 0 277 864 331 0 464 902 120 783 92 514 164 324 0 289 604 435 159 886 157 544 946 0 385 7 62 0 0 965 0 388 124 0 447 424 727 103 0 0 0 697 643 570 560 0 584 696 0 839 0 77 0 0 474 0 305 130 128 954 829 280 0 852 0 0 759 150 0 444 558 0 570 
0 0 266 0 0 112 458 134 344 554 489 409 312 0 340 157 365 0 407 66 488 60 0 312 856 0 217 0 0 796 127 465 0 0 761 0 312 185 101 435 0 404 0 859 514 650 21 650 0 0 819 358 231 0 625 0 817 163 0 553 729 0 867 732 18 830 881 130 847 980 749 645 0 703 651 228 399 287 281 146 457 234 167 0 0 362 178 871 888 0 969 531 689 536 151 399 792 678 73 773 0 509 185 0 874 0 388 0 18 613 130 797 995 754 0 766 312 541 748 992 0 683 103 48 207 267 818 885 94 0 461 381 365 401 569 779 108 0 915 686 0 202 350 0 325 204 189 84 771 0 884 701 299 63 0 0 655 334 41 657 836 0 657 48 586 892 967 99 899 369 694 764 930 584 85 0 881 758 563 0 0 191 267 847 308 108 777 223 710 724 296 0 0 359 0 368 119 388 604 791 89 336 271 0 978 985 0 761 0 395 0 139 793 635 197 839 421 0 0 134 947 222 0 171 0 0 895 0 181 991 0 0 281 141 639 0 525 0 768 557 64 42 0 232 695 0 993 402 337 164 515 26 0 944 0 102 185 0 590 0 0 554 337 0 784 895 829 983 230 9 0 0 905 0 48 0 415 0 262 33 
903 733 923 0 0 851 822 331 0 775 0 201 990 537 217 304 431 0 858 135 306 271 569 219 0 217 0 724 0 333 732 584 132 633 608 28 0 649 608 72 518 0 695 547 331 594 0 0 539 55 639 0 925 402 0 699 425 774 420 833 776 747 102 0 919 0 432 171 90 54 455 825 988 729 796 804 0 299 893 67 412 946 117 0 0 418 0 0 371 982 684 876 972 390 549 0 231 936 0 635 248 0 669 0 169 0 966 0 0 300 704 0 222 748 421 0 183 829 116 0 0 0 0 0 0 436 879 788 0 298 0 900 915 0 0 0 52 262 169 448 698 0 0 823 992 0 295 13 529 0 623 302 502 601 181 609 991 343 0 489 474 56 347 0 804 930 126 888 0 316 202 0 153 670 847 600 563 0 698 0 0 228 0 141 991 368 248 638 57 544 0 0 366 551 0 718 74 800 0 924 0 823 0 0 240 929 688 997 536 963 779 140 864 793 498 951 0 553 0 0 907 0 0 0 912 0 729 631 859 346 456 778 130 564 0 0 335 134 522 8 948 836 449 0 0 759 107 855 173 355 822 877 363 0 728 777 41 0 842 0 41 631 55 965 0 679 966 520 0 0 240 670 67 888 0 708 790 891 0 602 
0 845 392 423 0 0 199 895 797 876 0 602 0 530 938 8 396 684 0 79 351 0 194 239 76 0 724 0 805 187 0 525 68 711 665 294 207 543 491 461 0 0 212 373 293 819 921 0 0 942 850 869 0 116 160 508 0 13 967 0 978 538 286 270 604 0 0 502 813 389 652 611 857 874 935 0 85 695 374 931 718 540 990 270 0 0 218 0 328 0 859 123 710 19 598 840 330 700 0 2 455 466 670 118 437 821 28 124 494 930 533 0 0 115 0 95 12 620 0 701 594 375 0 315 628 270 917 0 0 509 753 0 877 0 901 975 478 0 694 309 219 481 409 876 980 0 412 713 261 0 0 157 373 94 675 995 227 876 0 602 133 367 0 181 0 0 331 136 988 0 0 201 0 583 119 895 568 101 14 606 887 627 49 762 247 825 828 151 0 571 604 31 0 377 455 0 0 839 0 515 0 771 748 633 0 881 629 987 0 856 771 994 225 447 931 0 944 139 865 0 0 206 537 0 243 658 298 493 231 780 539 635 530 0 0 283 0 0 847 168 0 0 0 0 154 282 469 540 0 395 409 0 0 0 509 491 761 555 180 0 232 308 33 194 341 970 616 716 741 0 280 904 0 899 738 657 96 506 87 0 
961 71 131 837 496 571 795 535 12 897 800 629 312 717 0 802 0 724 0 0 555 0 0 407 584 0 0 805 0 403 543 712 877 461 12 863 0 886 656 119 0 632 907 546 0 225 585 0 986 542 834 319 704 0 855 243 769 679 0 838 3 916 0 0 0 0 751 0 833 807 617 783 0 908 73 527 0 204 0 0 476 15 0 374 0 78 775 104 884 0 922 0 475 0 983 427 464 0 929 218 474 614 0 602 665 253 588 0 598 586 7 64 485 859 979 0 309 153 0 63 0 445 851 70 820 0 295 788 669 250 654 753 0 0 819 532 282 0 129 824 882 184 676 0 431 0 0 992 14 417 0 310 830 476 0 104 824 0 819 0 0 216 0 89 303 809 157 612 363 589 614 960 0 0 913 345 619 458 725 657 516 0 0 913 279 0 124 0 539 366 631 475 589 843 333 600 797 182 711 0 899 221 973 189 323 16 0 511 164 0 276 909 19 391 547 4 113 0 294 0 225 827 583 877 0 316 395 0 0 935 967 618 620 52 298 394 0 239 685 153 0 995 672 254 517 853 704 370 442 52 623 0 0 288 945 779 266 760 845 97 988 49 0 0 747 0 0 756 382 28 0 729 33 798 0 0 714 362 798 798 
919 873 423 0 526 515 0 493 854 900 0 847 131 192 721 0 462 907 243 52 175 0 762 117 11 796 333 187 403 0 936 0 0 263 936 0 0 0 618 660 594 545 0 0 0 0 0 634 697 638 1 876 0 813 254 86 676 959 304 0 738 143 501 0 187 936 328 641 507 844 837 846 0 0 435 343 259 942 183 70 374 0 992 858 387 261 131 633 180 191 705 437 17 155 415 0 0 923 920 732 9 453 59 290 0 643 306 0 23 152 777 23 13 330 351 593 152 794 2 794 0 458 0 82 349 434 499 377 187 592 436 573 875 0 662 0 315 0 0 513 0 0 0 0 387 0 420 0 772 184 832 755 483 0 883 643 458 696 916 125 0 18 480 74 59 581 690 0 0 0 701 308 549 387 349 954 281 924 49 0 0 295 877 65 0 452 897 0 404 534 241 431 17 174 654 0 493 178 534 977 576 470 0 0 417 649 0 67 754 193 501 0 74 223 940 589 0 720 468 515 0 794 613 130 766 557 924 925 966 0 0 743 334 0 0 346 0 968 223 883 664 41 857 425 559 774 0 442 517 251 927 113 787 973 382 661 268 747 0 0 48 274 831 822 0 536 705 610 0 731 20 755 0 65 16 372 134 0 0 404 
954 0 941 999 895 0 963 0 227 830 360 151 892 191 0 0 555 0 587 65 0 240 592 607 747 127 732 0 543 936 0 0 848 0 0 540 991 553 305 987 590 527 998 884 0 633 356 200 0 502 0 869 0 155 949 873 0 0 262 469 486 220 324 71 462 729 68 0 161 905 504 49 130 690 777 134 680 517 91 778 0 191 752 586 422 305 444 346 53 91 870 844 0 526 118 0 60 778 181 817 88 935 0 547 0 0 635 0 537 610 443 780 840 0 604 653 0 476 0 532 0 500 0 494 441 0 10 0 626 0 558 742 794 822 0 258 0 183 813 956 0 156 0 0 463 927 607 164 892 717 631 0 479 0 701 673 0 570 859 165 890 993 908 795 580 0 0 967 267 223 446 73 0 447 87 356 851 0 921 984 209 796 337 743 970 461 993 703 976 703 220 0 153 513 479 280 770 802 964 775 990 0 273 0 227 776 51 0 0 96 439 35 0 433 197 486 690 0 496 620 858 890 745 0 0 357 117 587 982 236 7 671 236 307 0 217 349 842 386 226 0 441 942 522 464 425 623 580 462 418 968 331 227 50 187 212 745 887 741 51 561 357 600 0 592 559 466 0 418 0 0 0 306 283 252 178 469 64 829 0 
0 78 489 0 930 0 427 0 476 0 0 0 0 20 5 728 638 403 278 0 0 0 428 0 0 465 584 525 712 0 0 0 84 968 756 924 331 354 775 506 886 0 417 0 908 520 0 0 536 577 356 922 861 954 0 0 0 183 0 0 477 329 960 487 651 0 118 985 613 140 876 0 732 879 961 848 195 0 975 225 0 123 768 630 832 263 982 0 249 365 707 975 795 387 621 21 205 119 9 707 596 626 826 198 18 335 0 291 959 776 0 251 482 0 704 586 477 297 0 210 378 543 0 485 56 78 465 478 856 991 839 937 873 275 673 973 0 732 0 927 911 161 0 208 679 739 534 958 0 306 0 0 103 216 113 361 0 962 0 0 140 0 424 771 400 131 432 0 0 0 0 867 0 429 4 498 815 264 583 77 429 725 963 468 0 646 28 757 470 257 0 0 0 443 0 0 0 417 501 0 313 742 608 142 719 150 0 98 0 0 745 0 0 281 329 0 0 704 0 74 987 0 0 793 328 49 0 403 965 95 756 391 617 0 517 0 53 194 811 941 0 0 887 285 0 936 367 646 911 221 0 307 21 990 826 23 39 176 0 536 27 341 0 158 0 548 510 874 613 25 638 29 524 38 983 840 0 349 567 0 
567 0 510 0 906 0 456 349 80 0 766 513 477 772 982 0 668 156 106 137 22 107 428 923 837 0 132 68 877 0 848 84 0 0 920 957 528 780 0 209 610 5 0 697 166 880 338 836 574 0 936 954 0 0 0 236 754 551 0 446 685 789 865 942 182 0 265 19 484 386 0 0 0 0 369 884 265 300 250 0 987 301 164 0 178 66 538 61 446 0 530 797 0 55 412 745 0 800 351 800 681 924 363 494 480 0 0 0 541 0 485 427 501 463 362 758 327 695 747 0 300 96 513 268 495 137 569 0 112 256 720 937 9 756 126 74 0 32 0 53 316 56 0 0 290 860 0 567 0 662 494 0 529 0 82 555 439 0 401 864 0 0 54 0 520 310 225 509 0 700 0 347 602 208 899 987 912 128 0 0 247 0 339 515 138 473 269 0 414 0 0 0 0 938 768 368 39 948 0 928 0 706 538 907 0 351 0 0 971 797 505 908 471 0 722 454 901 0 879 426 402 591 506 276 379 777 943 31 467 476 898 997 0 84 570 83 0 377 139 471 135 332 4 628 0 368 731 783 0 48 980 0 883 0 0 0 636 802 134 0 0 897 986 161 747 878 134 333 99 287 0 744 0 0 866 818 546 301 0 372 
743 524 379 0 807 571 0 0 0 135 37 0 578 205 236 387 34 330 342 281 397 299 234 0 286 0 633 711 461 263 0 968 0 0 473 618 310 388 472 0 161 95 999 0 0 0 0 371 0 501 671 0 537 454 627 398 539 115 128 0 213 533 0 190 134 784 808 698 60 0 0 629 0 0 174 991 799 478 0 229 238 843 0 827 345 682 742 719 992 19 380 352 0 578 221 411 844 953 878 170 689 0 768 952 329 773 956 131 257 442 837 545 880 841 391 411 124 353 456 673 0 787 0 364 0 761 526 0 482 942 795 335 456 928 0 0 0 472 638 414 466 856 549 573 251 185 994 0 614 0 642 0 909 569 695 558 0 275 943 0 807 761 763 893 982 836 279 607 400 334 0 0 0 929 186 874 0 85 236 424 624 212 973 691 323 890 928 780 371 559 0 0 0 67 40 332 52 278 0 549 245 0 706 209 829 0 40 431 679 817 388 876 244 0 0 162 815 414 647 433 610 707 494 56 88 296 509 162 458 78 165 0 0 923 0 814 945 219 274 752 228 994 0 0 365 602 58 658 444 0 314 830 200 877 579 170 0 0 0 938 0 804 868 236 245 845 728 0 935 58 362 603 258 701 491 741 0 932 522 461 
0 0 901 412 480 0 0 385 99 977 557 337 0 615 522 806 241 367 0 185 140 904 0 811 133 761 608 665 12 936 0 756 920 473 0 973 467 780 942 160 207 52 0 244 0 263 650 306 37 0 0 808 707 829 163 22 991 0 377 43 94 836 614 0 456 529 989 253 331 0 537 29 759 149 0 539 572 875 450 0 0 697 682 861 960 58 532 965 63 444 693 947 348 511 0 186 949 871 477 0 962 98 569 0 90 169 140 0 147 0 413 260 590 124 534 424 765 36 550 242 910 737 0 0 60 973 486 0 633 0 784 631 0 0 841 0 461 447 997 937 754 0 0 0 582 904 0 22 0 822 493 256 0 925 239 572 661 202 0 282 153 0 815 655 789 179 0 646 977 851 777 121 331 625 590 0 752 884 932 0 173 0 813 482 764 380 431 0 0 779 0 493 748 559 242 311 816 113 580 947 546 0 956 0 827 0 0 0 928 0 0 0 830 236 267 726 552 533 446 0 448 0 775 0 139 317 381 433 391 815 0 610 520 0 229 901 530 0 0 121 476 768 960 234 675 886 704 703 432 0 0 0 448 909 304 0 276 511 680 46 610 0 0 0 19 952 0 164 801 275 328 695 0 0 137 528 856 736 811 93 
706 635 380 932 0 783 399 382 352 0 724 334 623 0 328 483 902 965 0 592 385 498 909 809 0 0 28 294 863 0 540 924 957 618 973 0 119 349 275 0 16 0 164 0 0 884 0 137 295 0 885 66 0 650 0 224 875 627 234 344 880 258 0 837 177 0 384 273 0 773 726 368 0 843 762 0 804 228 805 787 558 0 664 0 580 703 0 0 738 6 268 0 636 279 304 0 483 801 684 838 945 511 622 998 602 833 993 328 729 202 11 306 682 616 279 991 294 0 219 0 410 480 60 0 189 637 865 478 554 0 329 0 0 0 81 982 0 765 0 197 103 321 400 425 775 139 0 542 52 0 927 192 0 727 844 0 0 805 0 0 883 113 712 218 0 904 851 914 408 488 130 147 183 0 430 8 908 392 73 168 235 299 182 738 569 359 480 0 0 0 943 250 242 661 505 0 333 0 0 796 879 353 667 0 910 107 161 460 756 576 37 0 596 814 965 0 973 0 979 772 140 888 0 0 0 0 884 952 477 557 505 0 736 194 0 0 914 564 234 0 904 522 866 0 131 63 420 199 486 67 474 0 520 61 921 472 666 990 82 0 0 209 0 968 0 0 182 852 314 680 309 0 0 74 0 891 855 813 301 222 
0 684 846 436 687 150 0 0 0 0 0 34 0 0 458 0 463 0 0 0 553 923 889 120 809 312 0 207 0 0 991 331 528 310 467 119 0 193 213 0 773 704 0 921 475 270 0 0 0 727 421 343 341 0 184 53 0 444 359 685 588 0 229 745 776 539 0 451 5 360 670 0 539 756 18 0 989 101 236 596 484 638 873 0 905 332 0 0 0 367 944 0 435 767 359 0 0 563 746 431 0 311 0 888 0 19 612 232 0 429 919 728 752 0 774 0 501 535 272 409 230 0 676 865 769 520 0 217 135 183 0 613 740 696 725 0 893 584 0 834 678 448 853 193 391 103 281 0 0 94 708 509 584 348 308 4 331 719 605 31 238 585 214 0 0 0 626 484 821 323 899 0 0 383 57 740 376 717 514 602 676 287 0 821 0 628 156 716 669 0 0 0 145 91 0 105 0 58 379 665 0 30 687 10 97 0 557 686 0 800 235 0 601 308 71 0 754 106 564 0 67 701 550 0 507 736 208 0 233 0 261 268 562 377 658 0 0 340 0 0 770 760 531 0 671 464 647 981 201 0 541 941 0 624 0 491 672 858 154 340 669 203 0 120 922 862 277 604 188 695 772 791 837 0 890 175 466 0 0 91 
524 0 730 896 838 8 558 688 0 0 845 747 33 330 274 93 21 0 604 0 408 228 768 224 8 185 649 543 886 0 553 354 780 388 780 349 193 0 351 154 864 234 956 770 907 0 93 663 147 590 668 38 545 341 0 736 0 26 98 0 0 0 266 537 0 0 152 191 627 0 848 521 0 76 500 918 792 0 800 967 759 269 525 758 0 943 370 869 297 681 286 0 996 0 822 207 199 0 0 966 804 792 0 653 356 376 948 308 69 805 121 1 0 315 464 827 0 464 948 742 0 411 899 560 821 489 762 803 449 371 586 0 876 0 271 0 0 408 345 557 364 858 783 700 286 361 533 381 745 0 0 765 314 354 130 0 896 909 58 0 832 114 619 327 377 390 0 822 340 637 421 11 0 399 593 739 157 955 681 727 925 201 0 0 0 9 506 773 796 0 170 286 0 291 11 615 716 95 194 52 48 196 687 0 0 94 962 505 569 168 586 986 737 335 336 520 141 645 635 0 315 310 261 0 0 584 997 608 725 694 0 335 801 823 0 761 0 48 374 621 42 843 13 824 698 388 0 23 0 868 893 0 527 569 910 141 482 0 0 125 857 643 407 0 0 0 528 723 390 947 487 314 583 0 396 0 0 400 145 0 
508 435 503 96 70 897 133 295 0 661 0 0 0 0 671 567 9 0 267 211 0 433 534 58 749 101 608 491 656 618 305 775 0 472 942 275 213 351 0 751 764 114 963 148 250 289 432 383 695 577 903 490 789 0 272 467 0 829 624 13 0 0 523 839 280 301 404 821 17 0 0 0 0 0 0 603 0 323 359 467 914 724 923 0 210 469 567 971 468 736 167 506 948 92 164 145 0 0 0 864 0 921 0 161 738 445 951 907 192 0 715 0 70 215 599 0 2 376 251 888 734 122 382 0 674 181 811 0 107 0 0 0 120 567 16 52 227 223 27 14 567 464 112 601 420 0 520 135 838 0 693 971 843 22 936 290 971 417 34 874 229 163 410 164 907 0 605 595 636 352 636 742 57 477 531 225 946 918 152 168 493 668 0 209 526 0 761 0 0 470 932 0 916 636 411 20 744 0 947 69 381 83 0 214 949 179 883 435 631 718 998 208 890 255 465 634 67 38 941 353 755 0 862 791 0 0 0 887 0 0 796 0 406 485 938 0 770 485 932 130 235 467 432 284 0 0 313 963 453 922 211 978 319 0 212 102 386 903 0 0 93 694 117 918 234 494 178 705 0 184 831 788 629 0 596 821 0 961 77 0 
98 349 301 328 514 349 0 621 477 451 72 675 506 625 0 207 0 730 225 569 653 0 0 333 477 435 72 461 119 660 987 506 209 0 160 0 0 154 751 0 236 171 840 629 0 0 528 837 0 959 0 720 527 660 651 0 211 879 121 0 530 756 284 0 256 0 955 0 695 512 666 744 927 501 720 180 924 389 122 989 970 877 543 0 83 164 737 646 721 538 251 475 405 975 0 0 804 231 704 649 0 78 917 542 421 617 99 494 850 777 472 970 926 812 790 954 772 0 0 286 0 642 404 447 56 609 902 180 399 576 0 828 0 404 0 0 578 287 390 0 701 534 468 136 655 247 689 0 349 384 706 0 939 463 589 761 128 566 646 129 881 0 758 949 933 482 888 978 435 277 0 663 54 506 150 630 0 851 909 811 974 665 316 815 888 370 817 619 0 834 808 319 760 0 344 828 436 212 581 195 987 19 921 494 0 898 764 0 3 153 0 206 444 0 866 623 569 436 0 957 482 953 0 298 674 131 286 332 0 870 504 52 860 360 58 846 528 0 0 993 774 480 528 425 684 73 0 821 0 64 77 620 468 0 969 219 742 705 656 874 869 539 923 2 298 0 490 393 323 131 539 445 586 5 808 0 866 0 606 617 
659 642 538 520 0 927 356 770 703 508 933 5 0 893 917 159 0 114 391 225 80 458 363 461 0 0 518 0 0 594 590 886 610 161 207 16 773 864 764 236 0 0 0 0 0 0 196 366 366 583 409 0 0 473 774 0 751 711 0 460 0 762 0 76 556 729 741 576 0 137 741 307 0 908 0 758 478 431 914 781 0 741 0 983 685 557 978 164 299 4 875 421 73 912 432 705 444 0 107 0 118 60 786 980 0 0 33 87 397 572 134 0 88 204 449 0 0 362 793 0 615 931 495 485 0 0 879 190 0 902 99 0 152 137 808 436 0 654 380 280 0 618 0 0 0 681 642 0 0 0 0 660 0 799 699 928 139 594 0 141 99 848 0 0 554 625 685 784 570 43 0 358 347 416 798 347 721 552 283 56 678 572 235 61 229 210 459 221 593 865 39 187 0 147 0 0 0 741 743 0 548 0 802 140 148 879 414 785 0 0 0 0 0 678 248 0 455 315 0 986 871 400 0 252 506 740 378 0 977 950 328 962 0 577 997 0 0 487 796 997 0 652 734 978 134 297 799 0 430 857 328 0 532 913 990 0 0 158 766 338 416 0 0 685 69 411 299 915 0 578 314 325 403 430 0 630 701 160 82 125 
